cell,r1,r2,r3,r4,r5,r6,r7,r8,r9,r10,r11,r12,r13,r14,r15,r16,r17,r18,r19,r20,r21,r22,r23,r24,r25,r26,r27,r28,r29,r30,r31,r32,r33,r34,r35,r36,r37,r38,r39,r40,r41,r42,r43,r44,r45,r46,r47,r48,r49,r50,r51,r52,r53,r54,r55,r56,r57,r58,r59,r60,r61,r62,r63,r64,r65,r66,r67,r68,r69,r70,r71,r72,r73,r74,r75,r76,r77,r78,r79,r80,r81,r82,r83,r84,r85,r86,r87,r88,r89,r90
n16,5,4,8,4,1,6,0,10,5,5,7,5,5,7,0,8,9,5,5,0,10,4,6,10,8,6,0,5,9,10,9,2,5,0,0,0,9,6,5,1,5,0,0,6,0,3,5,4,3,9,6,4,3,5,7,1,4,8,1,4,10,3,4,4,3,3,7,1,6,5,5,10,0,8,10,0,6,6,0,10,2,4,4,4,6,0,1,0,8,8
n15,5,4,8,4,1,6,3,10,5,5,7,5,5,7,7,8,0,5,5,0,10,4,6,10,8,6,8,5,9,10,1,2,5,0,0,0,9,6,5,1,5,1,0,6,0,3,5,4,3,9,0,0,3,5,7,1,4,8,1,4,10,3,4,4,3,3,7,1,6,5,5,10,0,8,0,0,6,6,0,10,2,4,4,4,6,0,1,0,8,1
n18,5,4,8,4,1,6,5,10,5,5,7,5,5,7,0,8,3,5,5,7,10,4,6,10,8,6,3,5,9,10,0,2,5,0,9,0,9,6,5,1,5,1,0,6,1,3,5,4,3,9,8,8,3,5,7,1,4,8,1,4,10,3,4,4,3,3,7,1,6,5,5,10,7,8,0,0,6,6,7,10,2,4,4,4,6,7,1,9,8,0
n17,5,4,8,4,1,6,0,10,5,5,7,5,5,7,0,8,3,5,5,7,10,4,6,10,8,6,0,5,9,10,0,2,5,0,0,6,9,6,5,1,5,1,10,6,0,3,5,4,3,9,7,0,3,5,7,1,4,8,1,4,10,3,4,4,3,3,7,1,6,5,5,10,7,8,1,6,6,6,7,10,2,4,4,4,6,0,1,9,8,6
n22,5,4,8,4,1,6,0,10,5,5,7,5,5,7,0,8,0,5,3,0,10,0,6,10,8,6,2,5,9,10,1,2,5,6,0,2,9,6,5,1,10,3,7,6,0,3,5,4,3,9,0,0,3,5,7,1,4,8,1,4,10,3,4,4,3,3,0,1,6,5,5,10,0,8,0,10,6,6,0,10,2,4,0,4,6,10,1,0,8,1
n21,5,4,8,4,1,6,0,10,5,5,7,5,5,7,0,8,0,5,2,0,10,0,6,10,8,6,2,5,9,10,1,2,5,6,0,2,9,6,5,1,10,3,0,6,0,3,5,4,3,9,8,0,3,5,7,1,4,8,1,4,10,3,4,4,3,3,0,1,6,5,5,10,0,8,0,0,6,6,2,10,2,4,7,4,6,10,1,0,8,0
n24,5,4,8,4,1,6,0,10,2,5,7,5,5,7,5,8,0,5,0,6,10,0,6,10,8,6,0,5,9,10,1,2,5,0,0,0,9,6,5,1,0,0,0,6,0,3,5,4,3,9,0,2,3,5,7,1,4,8,1,4,10,3,4,4,3,3,3,1,6,5,5,10,9,8,0,0,6,6,0,10,2,4,6,4,6,0,1,7,8,2
n23,5,4,8,4,1,6,0,10,2,5,7,5,5,7,0,8,0,5,0,6,10,0,6,10,8,6,0,5,9,10,1,2,5,0,0,0,9,6,5,1,2,4,0,6,0,3,5,4,3,9,0,0,3,5,7,1,4,8,1,4,10,3,4,4,3,3,3,1,6,5,5,10,4,8,0,0,6,6,1,10,2,4,6,4,6,10,1,0,8,2
n30,5,4,8,3,1,6,0,10,7,5,7,5,5,7,9,8,6,5,0,0,10,10,6,10,8,6,0,5,9,8,8,2,5,4,0,2,9,6,5,1,0,3,8,6,3,3,5,4,3,9,0,5,3,5,7,1,4,8,1,4,10,3,4,4,3,3,6,1,6,5,8,0,2,8,8,5,4,6,0,10,2,0,0,4,6,3,1,0,8,8
n29,5,4,8,3,1,6,0,10,7,5,7,5,5,7,9,8,6,5,0,0,10,10,6,10,8,6,0,5,9,0,8,2,5,0,0,0,9,6,5,1,0,0,8,6,0,3,5,4,3,9,3,5,3,5,7,1,4,8,1,4,10,3,4,4,3,3,6,1,6,5,8,6,2,8,8,5,4,6,0,10,2,10,0,4,6,3,1,0,8,8
n32,5,4,8,3,1,6,0,10,7,5,7,5,5,7,9,8,6,5,0,0,10,10,6,10,8,6,0,5,9,0,0,2,5,0,0,0,9,6,5,1,1,0,8,6,0,3,5,4,3,9,0,0,3,5,7,1,4,8,1,4,10,3,4,4,3,3,6,1,6,5,8,10,2,8,8,5,4,6,0,10,2,0,0,4,6,0,1,1,8,8
n31,5,4,8,3,1,6,0,10,0,5,7,5,5,7,9,8,6,5,0,0,10,10,6,10,8,6,0,5,9,0,0,2,5,1,9,0,9,6,5,1,0,6,8,6,0,3,5,4,3,9,0,0,3,5,7,1,4,8,1,4,10,3,4,4,3,3,6,1,6,5,8,0,2,8,8,5,4,6,0,10,2,0,0,4,6,0,1,4,8,8
n36,5,4,8,3,1,6,0,10,3,5,7,5,5,7,0,8,6,5,10,0,10,0,6,10,8,6,10,5,9,0,6,2,5,5,0,8,9,6,5,1,9,7,8,6,0,3,5,4,3,9,9,0,3,5,7,1,4,8,1,4,10,3,4,4,3,3,6,1,6,5,4,0,5,8,0,0,0,6,7,10,2,0,0,4,6,0,1,0,8,8
n35,5,4,8,3,1,6,0,10,3,5,7,5,5,7,0,8,6,5,10,0,10,0,6,10,8,6,10,5,9,0,6,2,5,0,0,8,9,6,5,1,9,7,8,6,0,3,5,4,3,9,9,0,3,5,7,1,4,8,1,4,10,3,4,4,3,3,6,1,6,5,4,0,0,8,0,0,10,6,7,10,2,0,0,4,6,0,1,0,8,8
n38,5,4,8,3,1,6,0,10,1,5,7,5,5,7,5,8,6,5,9,0,10,0,6,10,8,6,10,5,9,7,6,2,5,3,0,0,9,6,5,1,4,0,8,6,0,3,5,4,3,9,0,0,3,5,7,1,4,8,1,4,10,3,4,4,3,3,6,1,6,5,4,8,0,8,1,0,0,6,7,10,2,9,5,4,6,8,1,0,8,8
n37,5,4,8,3,1,6,0,10,0,5,7,5,5,7,5,8,6,5,9,2,10,0,6,10,8,6,10,5,9,7,6,2,5,3,0,10,9,6,5,1,4,0,8,6,0,3,5,4,3,9,0,0,3,5,7,1,4,8,1,4,10,3,4,4,3,3,6,1,6,5,4,0,0,8,6,4,0,6,7,10,2,0,0,4,6,0,1,5,8,8
n46,5,4,8,7,1,6,8,0,9,5,7,5,0,7,8,8,0,5,7,0,10,8,6,10,8,6,2,0,9,3,6,2,5,3,0,2,9,6,5,1,7,0,1,6,0,3,5,10,3,9,9,3,3,5,7,0,4,6,1,4,10,3,4,4,3,3,3,1,6,5,10,5,0,8,9,0,10,6,0,3,10,6,0,4,6,6,1,1,8,9
n45,5,4,8,7,1,6,8,0,9,5,7,5,0,7,8,8,0,5,6,0,10,8,6,10,8,6,2,0,9,3,6,2,5,3,7,2,9,6,5,1,7,0,1,6,0,3,5,10,3,9,9,3,3,5,7,0,4,6,1,4,10,3,4,4,3,3,0,1,6,5,10,5,6,8,9,0,10,6,0,3,10,6,0,4,6,6,1,1,8,9
n48,5,4,8,7,1,6,8,6,9,5,7,5,3,7,0,8,0,5,0,3,10,8,6,10,8,6,2,0,9,3,6,2,5,3,3,2,9,6,5,1,3,5,1,6,5,3,5,10,3,9,9,3,3,5,7,0,4,6,1,4,10,3,4,4,3,3,5,1,6,5,10,4,6,8,9,0,10,6,0,0,10,6,0,4,6,6,1,2,8,9
n47,5,4,8,7,1,6,8,6,9,5,7,5,0,7,0,8,0,5,0,3,10,8,6,10,8,6,2,0,9,3,6,2,5,3,3,2,9,6,5,1,0,5,1,6,0,3,5,10,3,9,9,3,3,5,7,0,4,6,1,4,10,3,4,4,3,3,5,1,6,5,10,4,6,8,9,0,10,6,0,0,10,6,8,4,6,6,1,5,8,9
n52,5,4,8,5,1,6,0,2,9,5,7,5,7,7,0,8,8,5,0,0,10,8,6,10,8,6,2,0,9,3,6,2,5,3,7,0,9,6,5,1,1,0,1,6,8,3,5,10,3,9,9,3,3,5,7,7,4,0,1,4,10,3,4,4,3,3,9,1,6,5,10,0,6,8,9,0,1,6,0,0,10,0,0,4,6,6,1,9,8,9
n51,5,4,8,5,1,6,2,0,9,5,7,5,7,7,0,8,8,5,0,2,10,8,6,10,8,6,2,10,9,3,6,2,5,3,7,0,9,6,5,1,0,0,1,6,8,3,5,10,3,9,9,3,3,5,7,7,4,0,1,4,10,3,4,4,3,3,9,1,6,5,10,0,6,8,9,0,1,6,0,0,10,0,0,4,6,6,1,9,8,9
n54,5,4,8,5,1,6,0,0,9,5,7,5,7,7,0,8,8,5,6,0,10,8,6,10,8,6,2,6,9,3,6,2,5,3,9,0,9,6,5,1,4,0,1,6,1,3,5,10,3,9,9,3,3,5,7,0,4,0,1,4,10,3,4,4,3,3,9,1,6,5,10,0,6,8,9,0,1,6,10,0,10,3,0,4,6,6,1,9,8,9
n53,5,4,8,5,1,6,0,0,9,5,7,5,7,7,0,8,8,5,6,3,10,8,6,10,8,6,2,7,9,3,6,2,5,3,4,2,9,6,5,1,4,0,1,6,1,3,5,10,3,9,9,3,3,5,7,0,4,0,1,4,10,3,4,4,3,3,9,1,6,5,10,0,6,8,9,0,1,6,0,0,10,0,0,4,6,6,1,9,8,9
n60,5,4,8,4,1,6,0,1,9,5,7,5,0,7,0,8,1,5,0,0,10,8,6,10,8,6,2,3,9,3,0,2,5,3,1,2,9,6,5,1,2,4,1,6,6,3,5,10,3,9,3,3,3,5,7,6,4,1,1,4,10,3,3,4,3,3,0,1,6,5,10,0,8,8,9,0,2,6,1,6,10,9,0,4,6,6,1,8,8,9
n59,5,4,8,4,1,6,0,1,9,5,7,5,0,7,0,8,1,5,0,0,10,8,6,10,8,6,2,3,9,3,0,2,5,3,1,2,9,6,5,1,2,4,1,6,6,3,5,10,3,9,3,3,3,5,7,6,4,1,1,4,10,3,3,4,3,3,0,1,6,5,10,0,8,8,9,0,0,6,1,6,10,9,0,4,6,6,1,0,8,9
n62,5,4,8,1,1,6,6,3,9,5,7,5,5,7,5,8,1,5,0,0,10,8,6,10,8,6,2,0,9,3,5,2,5,3,1,2,9,6,5,1,2,4,1,6,6,3,5,10,3,9,3,3,3,5,7,6,4,1,1,4,10,3,3,4,3,3,0,1,6,5,10,0,8,8,9,1,0,6,0,6,10,9,2,4,6,6,1,3,8,9
n61,5,4,8,1,1,6,6,3,9,5,7,5,0,7,0,8,1,5,0,0,10,8,6,10,8,6,2,0,9,3,5,2,5,3,1,2,9,6,5,1,2,4,1,6,6,3,5,10,3,9,3,3,3,5,7,6,4,1,1,4,10,3,3,4,3,3,0,1,6,5,10,6,8,8,9,1,0,6,0,6,10,9,0,4,6,6,1,3,8,9
n66,5,4,8,0,1,6,0,7,9,5,7,5,0,7,0,8,3,5,7,0,10,8,6,10,8,6,2,5,9,3,5,2,5,3,1,5,9,6,5,1,0,4,1,6,6,3,5,10,3,9,3,3,3,5,7,0,4,1,1,4,10,3,3,4,3,3,1,1,6,5,10,9,0,8,0,0,0,6,3,6,10,9,2,4,6,6,1,8,8,0
n65,5,4,8,0,1,6,2,7,9,5,7,5,0,7,4,8,0,5,0,0,10,8,6,10,8,6,2,0,9,3,5,2,5,3,1,5,9,6,5,1,0,4,1,6,6,3,5,10,3,9,3,3,3,5,7,0,4,1,1,4,10,3,3,4,3,3,1,1,6,5,10,0,0,8,0,0,0,6,3,6,10,9,2,4,6,6,1,8,8,0
n68,5,4,8,9,1,6,5,7,9,5,7,5,7,7,0,8,0,5,5,0,10,8,6,10,8,6,2,0,9,3,5,2,5,3,1,0,9,6,5,1,0,4,1,6,6,3,5,10,3,9,3,3,3,5,7,0,4,1,1,4,10,3,3,4,3,3,1,1,6,5,10,0,0,8,0,0,6,6,3,6,10,9,2,4,6,6,1,4,8,0
n67,5,4,8,9,1,6,0,7,9,5,7,5,0,7,0,8,0,5,0,0,10,8,6,10,8,6,2,7,9,3,5,2,5,3,1,0,9,6,5,1,0,4,1,6,6,3,5,10,3,9,3,3,3,5,7,0,4,1,1,4,10,3,3,4,3,3,1,1,6,5,10,1,0,8,0,3,6,6,3,6,10,9,2,4,6,6,1,4,8,0
n78,5,4,8,2,1,6,0,9,8,5,7,5,0,7,2,8,0,5,2,3,10,9,2,10,2,6,3,0,0,9,0,2,5,10,0,1,9,6,5,1,2,10,10,6,8,3,5,0,3,9,7,1,3,5,7,0,4,6,1,6,10,3,8,4,3,3,9,1,6,5,1,0,0,8,2,9,0,6,0,8,0,0,8,4,6,2,5,9,5,4
n77,5,4,8,2,1,6,0,9,8,5,7,5,0,7,2,8,0,5,2,3,10,9,2,10,2,6,3,0,0,9,5,2,5,10,5,1,9,6,5,1,2,10,10,6,8,3,5,8,3,9,7,1,3,5,7,0,4,6,1,6,10,3,8,4,3,3,9,1,6,5,1,0,0,8,0,0,0,6,8,8,0,0,8,4,6,2,5,9,5,4
n80,5,4,8,2,1,6,7,9,8,5,7,5,0,7,0,8,4,5,2,3,10,7,2,10,2,6,3,0,0,9,0,2,5,10,1,1,9,6,5,1,2,10,10,6,8,3,5,3,3,9,7,1,3,5,7,0,4,6,1,6,10,3,8,4,3,3,4,1,6,5,1,0,9,8,0,0,5,6,6,8,2,8,8,4,6,2,5,9,5,4
n79,5,4,8,2,1,6,0,9,8,5,7,5,0,7,0,8,4,5,2,3,10,7,2,10,2,6,3,9,4,9,0,2,5,10,0,1,9,6,5,1,2,10,10,6,8,3,5,3,3,9,7,1,3,5,7,0,4,6,1,6,10,3,8,4,3,3,4,1,6,5,1,0,0,8,0,0,5,6,0,8,0,0,8,4,6,2,0,9,5,4
n84,5,4,8,2,1,6,5,9,8,5,7,5,0,7,10,8,0,5,2,3,10,0,2,10,2,6,3,0,0,9,3,2,5,10,4,1,9,6,5,1,2,10,10,6,0,3,5,0,3,9,7,2,3,5,7,0,4,3,1,6,10,3,3,4,3,3,0,1,6,5,1,9,0,8,5,1,0,6,0,8,0,0,8,4,6,2,0,9,5,4
n83,5,4,8,2,1,6,5,9,8,5,7,5,10,7,10,8,9,5,2,3,10,0,2,10,2,6,3,9,0,9,0,2,5,10,4,1,9,6,5,1,2,10,10,6,8,3,5,0,3,9,7,0,3,5,7,0,4,3,1,6,10,3,0,4,3,3,0,1,6,5,1,9,0,8,0,6,4,6,0,8,0,0,8,4,6,2,0,9,5,4
n86,5,4,8,2,1,6,3,9,8,5,7,5,0,7,10,8,0,5,2,3,10,0,2,10,2,6,3,10,0,9,0,2,5,10,0,1,9,6,5,1,2,10,10,6,0,3,5,0,3,9,7,0,3,5,7,0,4,9,1,6,10,3,0,4,3,3,0,1,6,5,1,9,0,8,5,5,9,6,0,8,0,0,8,4,6,2,0,9,5,4
n85,5,4,8,2,1,6,3,9,8,5,7,5,0,7,10,8,0,5,2,3,10,0,2,10,2,6,3,10,0,9,0,2,5,10,0,1,9,6,5,1,2,10,10,6,0,3,5,7,3,9,7,0,3,5,7,0,4,9,1,6,10,3,0,4,3,3,0,1,6,5,1,9,2,8,5,5,2,6,0,8,0,0,8,4,6,2,0,9,5,4
n92,5,4,8,2,1,6,0,9,8,5,7,5,0,7,8,8,0,5,2,0,10,3,2,10,2,6,3,0,10,8,0,2,5,10,0,1,9,6,5,1,2,10,1,6,0,3,5,1,3,9,7,10,3,5,7,0,4,5,1,0,10,3,3,4,3,3,0,1,6,5,1,0,9,8,10,0,0,6,0,8,0,0,8,4,6,2,1,9,5,4
n91,5,4,8,2,1,6,7,9,8,5,7,5,5,7,8,8,0,5,2,2,10,3,2,10,2,6,3,0,10,8,0,2,5,10,0,1,9,6,5,1,2,10,8,6,0,3,5,0,3,9,7,10,3,5,7,0,4,5,1,0,10,3,3,4,3,3,0,1,6,5,1,0,0,8,2,0,0,6,0,8,0,0,8,4,6,2,1,9,5,4
n94,5,4,8,2,1,6,1,9,8,5,7,5,6,7,8,8,0,5,2,0,10,3,2,10,2,6,3,0,10,8,0,2,5,10,0,1,9,6,5,1,2,10,0,6,1,3,5,0,3,9,7,10,3,5,7,0,4,5,1,0,10,3,4,4,3,3,0,1,6,5,1,7,0,8,4,0,0,6,0,8,0,6,8,4,6,2,1,9,5,4
n93,5,4,8,2,1,6,7,9,8,5,7,5,0,7,8,8,4,5,2,0,10,3,2,10,2,6,3,0,10,8,0,2,5,10,8,1,9,6,5,1,2,10,0,6,1,3,5,0,3,9,7,10,3,5,7,0,4,5,1,0,10,3,4,4,3,3,0,1,6,5,1,0,0,8,4,0,0,6,0,8,1,6,8,4,6,2,1,9,5,4
n98,5,4,8,2,1,6,1,9,8,5,7,5,9,7,8,8,0,5,2,4,10,3,2,10,2,6,3,0,10,8,0,2,5,10,0,1,9,6,5,1,2,10,0,6,0,3,5,0,3,9,7,10,3,5,7,0,4,5,1,0,10,3,5,4,3,3,0,1,6,5,1,0,10,8,0,0,0,6,10,8,0,1,8,4,6,2,1,9,5,4
n97,5,4,8,2,1,6,1,9,8,5,7,5,9,7,8,8,0,5,2,4,10,3,2,10,2,6,3,0,10,8,0,2,5,10,0,1,9,6,5,1,2,10,0,6,0,3,5,0,3,9,7,10,3,5,7,0,4,5,1,3,10,3,5,4,3,3,0,1,6,5,1,0,10,8,0,0,2,6,0,8,0,1,8,4,6,2,1,9,5,4
n100,5,4,8,2,1,6,2,9,8,5,7,5,0,7,8,8,0,5,2,4,10,3,2,10,2,6,3,0,10,8,0,2,5,10,0,1,9,6,5,1,2,10,0,6,0,3,5,0,3,9,7,0,3,5,7,0,4,5,1,0,10,3,5,4,3,3,5,1,6,5,1,0,0,8,0,9,1,6,0,8,0,1,8,4,6,2,1,9,5,4
n99,5,4,8,2,1,6,0,9,8,5,7,5,6,7,8,8,0,5,2,4,10,3,2,10,2,6,3,0,10,8,0,2,5,10,0,1,9,6,5,1,2,10,0,6,0,3,5,0,3,9,7,10,3,5,7,0,4,5,1,0,10,3,5,4,3,3,5,1,6,5,1,0,0,8,5,0,1,6,0,8,0,1,8,4,6,2,1,9,5,4
n108,5,4,8,5,1,6,0,9,8,5,7,5,3,7,0,8,2,5,0,1,10,0,2,10,2,6,0,9,5,0,5,2,5,10,8,0,9,6,5,1,2,10,0,6,0,3,5,5,3,9,7,3,3,5,7,10,4,9,1,0,10,3,9,4,3,3,0,1,6,5,1,8,5,8,0,0,9,6,6,0,3,0,8,4,6,2,3,9,0,4
n107,5,4,8,5,1,6,0,9,8,5,7,5,3,7,0,8,2,5,0,1,10,1,2,10,2,6,2,9,5,0,5,2,5,10,8,0,9,6,5,1,2,10,6,6,0,3,5,0,3,9,7,3,3,5,7,10,4,9,1,1,10,3,9,4,3,3,0,1,6,5,1,8,0,8,0,0,9,6,6,8,0,0,8,4,6,2,3,9,0,4
n110,5,4,8,5,1,6,0,9,8,5,7,5,3,7,6,8,2,5,0,0,10,0,2,10,2,6,0,0,0,0,5,2,5,10,8,9,9,6,5,1,2,10,0,6,7,3,5,0,3,9,7,3,3,5,7,10,4,9,1,0,10,3,9,4,3,3,0,1,6,5,1,8,1,8,5,6,9,6,6,0,0,0,8,4,6,2,3,9,5,4
n109,5,4,8,5,1,6,0,9,8,5,7,5,3,7,6,8,2,5,0,0,10,0,2,10,2,6,0,0,0,8,5,2,5,10,8,9,9,6,5,1,2,10,0,6,7,3,5,0,3,9,7,3,3,5,7,10,4,9,1,0,10,3,9,4,3,3,0,1,6,5,1,8,9,8,0,0,9,6,6,0,0,0,8,4,6,2,3,9,5,4
n114,5,4,8,5,1,6,5,9,8,5,7,5,3,7,5,8,2,5,0,4,10,0,2,10,2,6,0,0,0,0,5,2,5,10,8,0,9,6,5,1,2,10,4,6,0,3,5,0,3,9,7,3,3,5,7,10,4,9,1,5,10,3,9,4,3,3,0,1,6,5,1,8,9,8,5,3,9,6,6,0,6,0,8,4,6,2,3,9,0,4
n113,5,4,8,5,1,6,5,9,8,5,7,5,3,7,6,8,2,5,0,4,10,0,2,10,2,6,0,0,0,0,5,2,5,10,8,0,9,6,5,1,2,10,4,6,0,3,5,0,3,9,7,0,3,5,7,10,4,9,1,5,10,3,9,4,3,3,0,1,6,5,1,8,9,8,5,3,9,6,6,0,6,0,8,4,6,2,3,9,0,4
n116,5,4,8,5,1,6,5,9,8,5,7,5,3,7,0,8,2,5,0,4,10,8,2,10,2,6,0,0,8,0,5,2,5,10,8,0,9,6,5,1,2,10,3,6,0,3,5,0,3,9,7,0,3,5,7,10,4,9,1,1,10,3,9,4,3,3,0,1,6,5,1,8,9,8,5,0,0,6,6,9,0,6,8,4,6,2,3,9,6,4
n115,5,4,8,5,1,6,5,9,8,5,7,5,3,7,9,8,2,5,5,4,10,7,2,10,2,6,0,0,0,1,5,2,5,10,8,0,9,6,5,1,2,10,3,6,0,3,5,0,3,9,7,0,3,5,7,10,4,9,1,0,10,3,9,4,3,3,0,1,6,5,1,8,9,8,5,0,5,6,6,0,0,0,8,4,6,2,3,9,6,4
n122,5,4,8,0,1,6,0,9,8,5,7,5,1,7,6,8,7,5,1,0,10,0,2,10,2,6,0,0,0,1,5,2,5,10,0,0,9,6,5,1,2,10,5,6,0,3,5,0,3,9,7,0,3,5,7,10,4,9,1,0,10,3,5,4,3,3,4,1,6,5,1,0,9,8,9,0,10,6,6,4,0,0,8,4,6,2,3,9,0,4
n121,5,4,8,0,1,6,10,9,8,5,7,5,1,7,6,8,7,5,1,0,10,0,2,10,2,6,0,0,0,1,5,2,5,10,10,0,9,6,5,1,2,10,3,6,0,3,5,0,3,9,7,0,3,5,7,10,4,9,1,0,10,3,5,4,3,3,4,1,6,5,1,0,9,8,9,0,0,6,6,4,0,0,8,4,6,2,3,9,2,4
n124,5,4,8,8,1,6,1,9,8,5,7,5,1,7,6,8,7,5,1,4,10,0,2,10,2,6,0,0,0,1,5,2,5,10,0,0,9,6,5,1,2,10,5,6,0,3,5,6,3,9,7,0,3,5,7,10,4,9,1,7,10,3,5,4,3,3,4,1,6,5,1,0,9,8,0,0,0,6,6,8,0,0,8,4,6,2,3,9,6,4
n123,5,4,8,0,1,6,0,9,8,5,7,5,1,7,6,8,7,5,1,0,10,0,2,10,2,6,0,0,0,1,5,2,5,10,3,0,9,6,5,1,2,10,5,6,0,3,5,6,3,9,7,0,3,5,7,10,4,9,1,7,10,3,5,4,3,3,4,1,6,5,1,0,9,8,0,3,0,6,6,8,4,10,8,4,6,2,3,9,6,4
n128,5,4,8,5,1,6,10,9,8,5,7,5,1,7,6,8,0,5,0,0,10,9,2,10,2,6,9,0,4,3,5,2,5,10,0,0,9,6,5,1,2,10,8,6,3,3,5,0,3,9,7,0,3,5,7,10,4,9,1,10,10,3,5,4,3,3,7,1,6,5,1,5,9,8,0,5,2,6,6,8,0,4,8,4,6,2,3,9,0,4
n127,5,4,8,5,1,6,10,9,8,5,7,5,1,7,6,8,0,5,0,0,10,9,2,10,2,6,9,0,0,3,5,2,5,10,0,5,9,6,5,1,2,10,8,6,8,3,5,0,3,9,7,8,3,5,7,10,4,9,1,10,10,3,5,4,3,3,5,1,6,5,1,5,9,8,8,0,2,6,6,8,0,4,8,4,6,2,3,9,0,4
n130,5,4,8,5,1,6,8,9,8,5,7,5,1,7,6,8,2,5,0,0,10,9,2,10,2,6,9,5,0,3,5,2,5,10,9,0,9,6,5,1,2,10,8,6,0,3,5,10,3,9,7,9,3,5,7,10,4,9,1,0,10,3,5,4,3,3,0,1,6,5,1,5,9,8,0,0,2,6,6,8,0,0,8,4,6,2,3,9,0,4
n129,5,4,8,5,1,6,0,9,8,5,7,5,1,7,6,8,0,5,0,0,10,9,2,10,2,6,9,0,0,3,5,2,5,10,0,0,9,6,5,1,2,10,8,6,0,3,5,10,3,9,7,0,3,5,7,10,4,9,1,0,10,3,5,4,3,3,0,1,6,5,1,5,9,8,0,0,2,6,6,8,0,0,8,4,6,2,3,9,0,4
n142,8,4,8,3,1,6,3,4,0,5,7,1,6,7,1,8,0,9,4,4,10,8,8,10,9,5,8,0,0,7,0,2,5,4,0,4,9,6,5,1,1,0,0,6,1,7,2,0,3,2,10,8,3,5,0,0,4,4,1,9,10,3,0,4,3,9,3,1,6,0,5,9,0,8,10,0,10,6,6,0,9,8,4,4,6,3,9,10,7,8
n141,4,4,8,3,1,6,3,4,0,5,7,1,6,7,1,8,0,9,4,4,10,8,8,10,9,0,8,0,0,0,0,2,5,4,0,0,9,6,5,1,1,0,0,6,1,7,2,0,3,2,10,8,3,5,0,0,4,4,1,9,10,3,9,4,3,9,3,1,6,0,5,9,0,8,0,2,10,6,6,0,9,8,1,4,6,3,9,10,7,8
n144,9,4,8,0,1,6,3,4,0,5,7,0,6,7,1,8,0,9,4,4,10,8,8,10,9,5,8,9,0,2,1,2,5,4,0,0,9,6,5,1,1,5,2,6,1,7,2,0,3,2,10,8,3,5,0,0,4,4,1,9,10,3,8,4,3,9,3,1,6,0,5,9,0,8,6,5,10,6,6,0,9,8,0,4,6,3,9,10,7,8
n143,9,4,8,2,1,6,3,4,0,5,7,0,6,7,1,8,0,9,4,4,10,8,8,10,9,5,8,0,0,2,0,2,5,4,0,0,9,6,5,1,1,5,2,6,1,7,2,0,3,2,10,8,3,5,0,5,4,4,1,9,10,3,0,4,3,9,3,1,6,0,5,9,0,8,0,5,10,6,6,1,9,8,5,4,6,3,9,10,7,8
n148,0,4,8,0,1,6,0,4,4,5,7,0,6,7,1,8,5,0,4,4,10,8,0,10,9,5,8,6,0,3,0,2,5,4,0,8,9,6,5,1,1,0,0,6,9,4,2,0,3,2,10,8,3,5,0,0,4,4,1,9,10,3,0,4,3,0,3,1,6,0,5,9,9,8,0,0,10,6,6,8,9,0,2,4,6,3,9,0,7,8
n147,0,4,8,0,1,6,0,4,0,5,7,3,6,7,1,8,5,5,4,4,10,8,0,10,9,5,8,6,0,0,3,2,5,4,0,8,9,6,5,1,1,0,0,6,3,4,2,0,3,2,10,8,3,5,0,0,4,4,1,9,10,3,0,4,3,0,3,1,6,0,5,9,9,8,0,0,10,6,6,8,9,0,2,4,6,3,9,0,7,8
n150,0,4,8,0,1,6,0,4,0,5,7,0,6,7,1,8,2,0,4,4,10,8,9,10,9,5,8,6,10,0,7,2,5,4,10,8,9,6,5,1,1,2,0,6,2,4,2,0,3,2,10,8,3,5,0,3,4,4,1,9,10,3,7,4,3,0,3,1,6,6,5,9,0,8,0,0,10,6,6,8,9,0,6,4,6,3,9,0,7,8
n149,8,4,8,0,1,6,0,4,0,5,7,0,6,7,1,8,2,0,4,4,10,8,9,10,9,5,8,6,5,0,7,2,5,4,10,8,9,6,5,1,1,2,0,6,2,4,2,0,3,2,10,8,3,5,0,3,4,4,1,9,10,3,7,4,3,0,3,1,6,5,5,9,0,8,0,0,10,6,6,8,9,0,6,4,6,3,9,0,7,8
n156,9,4,8,0,1,6,1,4,0,5,7,1,6,7,1,8,0,0,4,4,10,8,2,10,9,5,8,0,2,10,7,2,5,4,0,0,9,6,5,1,0,0,9,6,4,0,2,5,3,9,0,8,2,5,0,4,4,4,1,9,10,3,0,4,3,10,3,1,6,3,5,9,4,8,0,0,10,6,6,8,1,5,3,4,6,3,9,3,7,8
n155,9,4,8,3,1,6,1,4,0,5,7,1,6,7,1,8,0,0,4,4,10,8,2,10,9,5,8,0,4,7,7,2,5,4,0,2,9,6,5,1,10,0,9,6,4,0,2,5,3,9,0,8,2,5,0,4,4,4,1,9,10,3,0,4,3,10,3,1,6,3,5,9,4,8,0,0,10,6,6,8,0,5,3,4,6,3,9,0,7,8
n158,0,4,8,2,1,6,1,4,2,5,7,0,6,7,1,8,2,4,4,4,10,8,2,10,9,5,8,0,9,0,7,2,5,4,0,0,9,6,5,1,0,0,9,6,4,0,2,5,3,9,0,8,2,5,0,4,4,4,1,9,10,3,0,4,3,10,3,1,6,3,5,9,4,8,0,0,10,6,6,8,7,5,3,4,6,3,9,0,7,8
n157,1,4,8,2,1,6,1,4,2,5,7,0,6,7,1,8,2,4,4,4,10,8,2,10,9,5,8,0,0,0,7,2,5,4,0,0,9,6,5,1,0,0,9,6,4,0,2,5,3,9,0,8,2,5,0,4,4,4,1,9,10,3,0,4,3,10,3,1,6,3,5,9,4,8,10,0,10,6,6,8,0,5,3,4,6,3,9,0,7,8
n162,0,4,8,0,1,6,4,4,0,5,7,0,6,7,1,8,0,0,4,4,10,8,0,10,9,5,8,0,4,7,7,2,5,4,0,0,9,6,5,1,10,9,0,6,4,0,2,0,3,9,7,8,2,5,0,4,4,4,1,9,10,3,0,4,3,10,3,1,6,6,5,9,2,8,0,0,10,6,6,8,1,4,3,4,6,3,9,0,7,8
n161,10,4,8,0,1,6,4,4,0,5,7,0,6,7,1,8,0,0,4,4,10,8,0,10,9,5,8,0,0,7,7,2,5,4,0,0,9,6,5,1,0,9,0,6,4,0,2,1,3,9,7,8,2,5,0,4,4,4,1,9,10,3,0,4,3,10,3,1,6,6,5,9,0,8,0,0,10,6,6,8,1,4,3,4,6,3,9,0,7,8
n164,4,4,8,0,1,6,4,4,0,5,7,7,6,7,1,8,7,0,4,4,10,8,10,10,9,5,8,0,0,7,7,2,5,4,0,0,9,6,5,1,5,9,0,6,4,0,2,1,3,9,1,8,2,5,0,4,4,4,1,9,10,3,0,4,3,10,3,1,6,0,5,9,8,8,0,5,10,6,6,8,1,5,3,4,6,3,9,0,7,8
n163,0,4,8,0,1,6,4,4,0,5,7,0,6,7,1,8,0,0,4,4,10,8,0,10,9,5,8,0,2,7,7,2,5,4,6,3,9,6,5,1,5,9,0,6,4,0,2,1,3,9,1,8,2,5,7,4,4,4,1,9,10,3,2,4,3,10,3,1,6,0,5,9,0,8,0,5,10,6,6,8,1,6,3,4,6,3,9,0,7,8
n172,0,4,8,0,1,6,6,4,3,5,7,0,6,7,4,8,2,0,4,0,10,8,10,10,9,0,8,0,5,3,0,2,5,4,0,5,9,6,5,1,6,2,0,6,2,4,2,0,3,8,4,8,3,5,0,10,4,4,1,0,10,3,6,4,3,10,3,1,6,8,0,9,1,8,4,0,10,6,6,1,0,3,3,4,6,3,9,0,4,8
n171,0,4,8,0,1,6,6,4,3,5,7,4,6,7,0,8,2,0,4,0,10,8,10,10,9,0,8,0,5,3,4,2,5,4,5,5,9,6,5,1,6,0,0,6,2,0,2,0,3,8,4,8,3,5,0,10,4,4,1,4,10,3,6,4,3,4,3,1,6,8,0,9,1,8,0,0,10,6,6,1,0,0,3,4,6,3,9,7,4,8
n174,7,4,8,0,1,6,6,4,3,5,7,0,6,7,0,8,0,0,4,0,10,8,10,10,9,0,8,0,5,3,0,2,5,4,0,5,9,6,5,1,7,0,8,6,2,0,2,7,3,8,4,8,3,5,0,10,4,4,1,2,10,3,6,4,3,0,3,1,6,8,0,9,1,8,0,0,10,6,6,1,0,0,3,4,6,3,9,10,4,8
n173,7,4,8,0,1,6,6,4,3,5,7,0,6,7,0,8,0,0,4,0,10,8,10,10,9,0,8,0,5,3,0,2,5,4,0,5,9,6,5,1,7,0,1,6,2,0,2,0,3,8,4,8,3,5,5,10,4,4,1,0,10,3,6,4,3,0,3,1,6,8,0,9,1,8,9,9,10,6,6,1,0,0,3,4,6,3,9,0,4,8
n178,3,4,8,0,1,6,6,4,8,5,7,0,6,7,0,8,4,4,4,8,10,8,10,10,9,0,8,0,0,0,0,2,5,4,2,2,9,6,5,1,0,5,6,6,2,0,2,0,3,8,4,8,3,5,10,8,4,4,1,2,10,3,6,4,3,3,3,1,6,8,8,9,1,8,0,3,10,6,6,1,8,0,0,4,6,3,9,0,4,8
n177,3,4,8,0,1,6,6,4,8,5,7,0,6,7,0,8,4,4,4,8,10,8,10,10,9,0,8,0,0,0,0,2,5,4,2,0,9,6,5,1,0,0,6,6,2,0,2,0,3,8,4,8,3,5,0,0,4,4,1,2,10,3,6,4,3,3,3,1,6,8,0,9,1,8,0,3,10,6,6,1,8,0,0,4,6,3,9,0,4,8
n180,3,4,8,0,1,6,6,4,5,5,7,0,6,7,0,8,4,5,4,8,10,8,10,10,9,7,8,0,0,0,0,2,5,4,0,3,9,6,5,1,0,6,0,6,2,0,2,6,3,8,4,8,3,5,0,0,4,4,1,2,10,3,6,4,3,3,3,1,6,8,0,9,1,8,0,3,10,6,6,1,0,0,0,4,6,3,9,4,4,8
n179,3,4,8,0,1,6,6,4,2,5,7,0,6,7,0,8,4,5,4,8,10,8,10,10,9,0,8,0,0,0,0,2,5,4,0,3,9,6,5,1,0,6,0,6,2,0,2,6,3,8,4,8,3,5,0,0,4,4,1,2,10,3,6,4,3,3,3,1,6,8,0,9,1,8,0,3,10,6,6,1,0,0,0,4,6,3,9,0,4,8
n186,0,4,8,0,1,6,0,4,8,5,7,9,6,7,0,8,0,0,4,0,10,8,10,10,9,8,8,10,0,7,0,2,5,4,0,6,9,6,5,1,4,0,4,6,0,4,2,1,3,8,4,8,1,5,9,3,4,4,1,5,10,3,6,4,3,8,3,1,6,8,3,9,1,8,0,10,10,6,6,0,0,3,0,4,6,3,9,7,0,8
n185,0,4,8,0,1,6,0,4,8,5,7,9,6,7,0,8,0,0,4,0,10,8,10,10,9,8,8,10,0,7,0,2,5,4,0,6,9,6,5,1,4,0,4,6,0,0,2,1,3,8,4,8,1,5,9,3,4,4,1,5,10,3,6,4,3,8,3,1,6,8,3,9,1,8,0,10,10,6,6,0,0,3,0,4,6,3,9,7,0,8
n188,0,4,8,7,1,6,0,4,8,5,7,9,6,7,0,8,3,4,4,0,10,8,10,10,9,0,8,0,0,7,0,2,5,4,0,6,9,6,5,1,4,0,4,6,0,8,2,1,3,8,4,8,1,5,9,0,4,4,1,5,10,3,6,4,3,8,3,1,6,8,3,9,1,8,0,10,10,6,6,0,0,10,0,4,6,3,9,7,0,8
n187,0,4,8,0,1,6,0,4,8,5,7,9,6,7,0,8,3,0,4,0,10,8,10,10,9,0,8,0,0,7,0,2,5,4,0,6,9,6,5,1,4,0,4,6,0,8,2,1,3,8,4,8,1,5,9,0,4,4,1,5,10,3,6,4,3,8,3,1,6,8,3,9,1,8,7,10,10,6,6,0,0,10,0,4,6,3,9,7,0,8
n192,0,4,8,3,1,6,3,4,8,5,7,9,6,7,4,8,7,0,4,0,10,8,10,10,9,0,8,4,4,7,4,2,5,4,0,4,9,6,5,1,0,0,0,6,10,1,2,1,3,8,4,8,1,5,0,4,4,4,1,5,10,3,6,4,3,8,3,1,6,8,3,9,1,8,0,10,10,6,6,0,3,3,0,4,6,3,9,0,0,8
n191,0,4,8,0,1,6,3,4,0,5,7,9,6,7,4,8,7,0,4,0,10,8,10,10,9,0,8,4,4,7,0,2,5,4,0,4,9,6,5,1,0,0,0,6,10,1,2,1,3,8,4,8,1,5,0,4,4,4,1,5,10,3,6,4,3,8,3,1,6,8,3,9,1,8,0,10,10,6,6,0,3,3,0,4,6,3,9,0,0,8
n194,0,4,8,0,1,6,3,4,0,5,7,9,6,7,4,8,0,9,4,0,10,8,10,10,9,0,8,4,4,7,10,2,5,4,0,4,9,6,5,1,0,0,0,6,10,1,2,1,3,8,4,8,1,5,0,4,4,4,1,5,10,3,6,4,3,8,3,1,6,8,3,9,1,8,0,10,10,6,6,0,0,0,0,4,6,3,9,0,0,8
n193,0,4,8,0,1,6,3,4,0,5,7,9,6,7,4,8,0,0,4,0,10,8,10,10,9,0,8,4,4,7,0,2,5,4,0,4,9,6,5,1,0,0,0,6,10,1,2,1,3,8,4,8,1,5,0,4,4,4,1,5,10,3,6,4,3,8,3,1,6,8,3,9,1,8,0,10,10,6,6,2,4,0,3,4,6,3,9,3,9,8
n204,0,4,8,0,1,6,4,4,0,5,7,2,0,7,0,8,0,5,0,8,10,1,4,10,9,7,4,5,0,8,0,2,5,4,2,4,9,6,5,1,10,6,0,6,9,0,2,1,3,7,2,10,4,5,0,0,4,3,1,5,10,3,0,4,3,5,6,1,6,9,0,4,0,8,0,1,10,6,6,7,0,8,7,4,6,6,9,0,9,0
n203,0,4,8,6,1,6,4,4,0,5,7,2,0,7,0,8,3,5,0,8,10,1,4,10,9,7,4,5,0,8,8,2,5,4,0,4,9,6,5,1,10,6,0,6,9,0,2,1,3,7,2,10,4,5,0,1,4,3,1,5,10,3,0,4,3,5,6,1,6,9,0,4,0,8,6,1,10,6,6,7,0,8,7,4,6,6,9,0,9,0
n206,0,4,8,0,1,6,4,4,0,5,7,2,3,7,0,8,8,10,0,0,10,1,4,10,9,7,4,5,0,0,4,2,5,4,0,4,9,6,5,1,10,6,0,6,9,8,2,1,3,7,2,10,4,5,0,0,4,9,1,5,10,3,0,4,3,9,0,1,6,9,0,4,0,8,0,1,10,6,6,7,0,8,7,4,6,6,9,0,0,0
n205,0,4,8,0,1,6,4,4,0,5,7,2,9,7,9,8,8,10,0,0,10,1,4,10,9,7,4,5,0,0,0,2,5,4,3,4,9,6,5,1,10,6,7,6,9,8,2,1,3,7,2,10,4,5,0,0,4,9,1,5,10,3,0,4,3,9,0,1,6,9,0,4,0,8,0,1,10,6,6,7,0,8,7,4,6,6,9,0,7,0
n210,6,4,8,0,1,6,0,4,1,5,7,2,8,7,7,8,1,0,9,5,10,2,4,10,9,7,4,5,0,4,10,2,5,4,0,4,9,6,5,1,0,6,10,6,9,0,2,1,3,7,2,10,0,5,10,0,4,8,1,5,10,3,0,4,3,0,0,1,6,9,0,4,0,8,0,1,10,6,6,10,0,8,7,4,6,6,9,6,5,7
n209,6,4,8,0,1,6,0,4,1,5,7,2,8,7,7,8,1,0,9,5,10,0,4,10,9,7,4,5,0,4,10,2,5,4,0,4,9,6,5,1,0,6,10,6,9,0,2,1,3,7,2,10,0,5,10,0,4,0,1,5,10,3,0,4,3,0,7,1,6,9,0,4,0,8,0,1,10,6,6,10,0,8,7,4,6,6,9,6,5,0
n212,6,4,8,0,1,6,0,4,0,5,7,2,8,7,0,8,1,4,0,5,10,0,4,10,9,7,4,5,0,4,0,2,5,4,4,4,9,6,5,1,0,6,10,6,9,9,2,1,3,7,2,10,0,5,10,0,4,0,1,5,10,3,0,4,3,0,0,1,6,9,0,4,0,8,6,1,10,6,6,10,0,8,7,4,6,6,9,7,5,6
n211,6,4,8,0,1,6,0,4,5,5,7,2,8,7,0,8,1,4,0,5,10,0,4,10,9,7,4,5,0,4,8,2,5,4,1,4,9,6,5,1,7,6,10,6,9,9,2,1,3,7,2,10,0,5,10,0,4,0,1,5,10,3,0,4,3,8,0,1,6,9,0,4,0,8,6,1,10,6,6,10,9,8,7,4,6,6,9,7,5,0
n218,5,4,8,0,1,6,9,4,0,5,7,5,7,7,3,8,4,0,5,9,10,2,4,10,9,7,4,9,0,9,7,2,5,4,4,4,9,6,5,1,3,4,7,6,9,7,2,1,3,7,7,0,0,5,6,4,4,0,1,2,10,3,9,4,3,7,0,1,6,9,4,0,6,8,0,5,10,6,6,9,9,8,7,4,6,3,9,0,0,9
n217,5,4,8,0,1,6,9,4,0,5,7,5,7,7,3,8,4,0,0,9,10,2,4,10,9,7,4,9,0,9,7,2,5,4,4,4,9,6,5,1,3,4,0,6,9,7,2,1,3,7,7,0,0,5,6,0,4,0,1,2,10,3,9,4,3,7,0,1,6,9,4,0,0,8,0,5,10,6,6,9,9,8,7,4,6,3,9,0,0,9
n220,0,4,8,1,1,6,9,4,6,5,7,5,0,7,2,8,0,0,0,1,10,2,4,10,9,7,4,6,0,0,2,2,5,4,0,4,9,6,5,1,0,0,0,6,9,0,2,1,3,7,7,0,0,5,6,3,4,0,1,2,10,3,9,4,3,7,4,1,6,9,0,0,0,8,0,0,10,6,6,9,9,8,7,4,6,3,9,10,4,0
n219,0,4,8,1,1,6,9,4,6,5,7,5,0,7,2,8,0,0,0,1,10,2,4,10,9,7,4,6,0,0,2,2,5,4,0,4,9,6,5,1,0,9,0,6,9,0,2,1,3,7,7,0,0,5,6,0,4,0,1,2,10,3,9,4,3,7,0,1,6,9,0,4,3,8,0,0,10,6,6,9,9,8,7,4,6,3,9,10,4,8
n224,0,4,8,0,1,6,9,4,2,5,7,5,5,7,0,8,0,0,0,0,10,2,4,10,9,7,4,10,8,0,0,2,5,4,0,4,9,6,5,1,0,0,0,6,9,0,2,1,3,7,7,0,0,5,6,0,4,0,1,2,10,3,9,4,3,0,9,1,6,9,0,0,0,8,10,0,10,6,6,9,0,8,7,4,6,0,9,8,9,8
n223,0,4,8,0,1,6,9,4,2,5,7,5,5,7,0,8,0,0,0,0,10,2,4,10,9,7,4,10,8,0,0,2,5,4,0,4,9,6,5,1,0,0,8,6,9,0,2,1,3,7,7,0,10,5,6,0,4,3,1,2,10,3,9,4,3,0,9,1,6,9,6,0,0,8,10,0,10,6,6,9,0,8,7,4,6,0,9,0,9,0
n226,0,4,8,0,1,6,9,4,2,5,7,5,5,7,0,8,2,0,0,1,10,2,4,10,9,7,4,10,8,2,0,2,5,4,3,4,9,6,5,1,6,0,0,6,9,0,2,1,3,7,7,2,10,5,6,8,4,0,1,2,10,3,9,4,3,0,9,1,6,9,8,0,1,8,10,1,10,6,6,9,0,8,7,4,6,0,9,6,0,8
n225,0,4,8,0,1,6,9,4,2,5,7,5,5,7,0,8,0,3,0,1,10,2,4,10,9,7,4,10,8,2,0,2,5,4,0,4,9,6,5,1,6,0,0,6,9,0,2,1,3,7,7,2,10,5,6,8,4,0,1,2,10,3,9,4,3,0,9,1,6,9,0,0,1,8,10,1,10,6,6,9,0,8,7,4,6,0,9,6,0,0
n234,9,4,8,0,1,6,2,4,0,5,7,7,0,7,0,8,9,0,7,0,10,1,4,10,9,7,4,0,0,0,5,2,5,4,0,4,9,6,5,1,10,0,4,6,0,8,2,0,3,0,0,0,0,5,0,4,4,0,1,0,10,3,0,4,3,0,1,1,6,7,10,5,4,8,6,6,10,6,6,0,5,8,1,4,6,3,9,6,8,3
n233,9,4,8,0,1,6,2,4,10,5,7,0,0,7,0,8,9,0,7,0,10,1,4,10,9,7,4,8,0,0,5,2,5,4,0,4,9,6,5,1,10,3,4,6,0,8,2,0,3,0,0,0,0,5,4,4,4,0,1,0,10,3,0,4,3,0,1,1,6,7,10,5,4,8,6,6,10,6,6,0,5,8,1,4,6,0,9,6,0,3
n236,0,4,8,0,1,6,2,4,0,5,7,0,0,7,0,8,9,0,7,0,10,0,4,10,9,7,4,0,0,10,5,2,5,4,0,4,9,6,5,1,10,0,0,6,0,8,2,0,3,0,0,0,0,5,0,2,4,0,1,6,10,3,9,4,3,0,1,1,6,7,10,5,4,8,1,6,10,6,6,0,5,8,1,4,6,0,9,6,0,3
n235,0,4,8,6,1,6,2,4,0,5,7,9,7,7,0,8,9,0,7,0,10,0,4,10,9,7,4,8,0,10,5,2,5,4,0,4,9,6,5,1,10,0,0,6,0,8,2,0,3,0,0,0,2,5,0,2,4,0,1,6,10,3,0,4,3,8,1,1,6,7,10,5,4,8,0,6,10,6,6,0,5,8,1,4,6,0,9,6,0,3
n240,0,4,8,0,1,6,2,4,0,5,7,0,2,7,0,8,9,0,7,6,10,6,4,10,9,7,4,0,0,0,0,2,5,4,0,4,9,6,5,1,10,0,0,6,10,0,2,0,3,4,3,0,0,5,8,8,4,0,1,3,10,3,5,4,3,0,1,1,6,10,10,5,2,8,7,3,10,6,6,0,5,8,1,4,6,0,9,6,2,3
n239,0,4,8,0,1,6,2,4,0,5,7,0,2,7,0,8,9,0,7,6,10,6,4,10,9,7,4,8,0,0,0,2,5,4,0,4,9,6,5,1,10,0,0,6,10,0,2,0,3,4,3,10,0,5,8,8,4,7,1,3,10,3,5,4,3,0,1,1,6,10,0,5,2,8,7,3,10,6,6,0,5,8,1,4,6,0,9,6,0,3
n242,0,4,8,4,1,6,2,4,0,5,7,0,2,7,4,8,9,0,7,0,10,6,4,10,9,7,4,0,7,0,0,2,5,4,2,4,9,6,5,1,10,0,0,6,5,2,2,0,3,4,3,8,0,5,0,0,4,0,1,3,10,3,5,4,3,2,1,1,6,10,0,5,2,8,10,0,10,6,6,0,5,8,1,4,6,3,9,6,0,3
n241,0,4,8,4,1,6,2,4,0,5,7,0,2,7,0,8,9,1,7,4,10,6,4,10,9,7,4,0,0,1,0,2,5,4,2,4,9,6,5,1,10,0,0,6,2,0,2,0,3,4,3,8,10,5,0,0,4,0,1,3,10,3,5,4,3,2,1,1,6,10,4,5,2,8,0,0,10,6,6,0,5,8,1,4,6,3,9,6,0,3
n248,0,4,8,0,1,6,2,4,6,5,7,10,0,7,0,8,9,10,0,10,10,0,4,10,9,7,4,0,0,7,2,2,5,4,3,4,9,6,5,1,0,0,2,6,10,9,2,2,3,0,0,10,0,5,0,0,4,6,1,5,10,3,5,4,3,8,1,1,6,0,0,5,0,8,0,5,10,6,6,2,5,8,1,4,6,1,9,6,5,3
n247,0,4,8,6,1,6,2,4,6,5,7,10,0,7,0,8,9,10,2,10,10,0,4,10,9,7,4,0,8,7,2,2,5,4,3,4,9,6,5,1,0,0,2,6,10,9,2,2,3,0,0,10,0,5,0,0,4,6,1,5,10,3,5,4,3,8,1,1,6,4,0,5,2,8,8,5,10,6,6,2,5,8,1,4,6,1,9,6,5,3
n250,0,4,8,0,1,6,2,4,6,5,7,10,0,7,8,8,9,10,0,7,10,0,4,10,9,7,4,0,9,7,2,2,5,4,3,4,9,6,5,1,0,0,2,6,10,9,2,2,3,0,0,10,0,5,0,1,4,0,1,5,10,3,5,4,3,8,1,1,6,0,0,5,0,8,0,0,10,6,6,2,5,8,1,4,6,8,9,6,5,3
n249,0,4,8,0,1,6,2,4,6,5,7,10,0,7,0,8,9,10,0,6,10,0,4,10,9,7,4,0,9,7,2,2,5,4,3,4,9,6,5,1,0,0,2,6,10,9,2,2,3,0,0,10,0,5,0,1,4,0,1,5,10,3,5,4,3,8,1,1,6,0,6,5,0,8,0,0,10,6,6,2,5,8,1,4,6,0,9,6,5,3
n254,9,4,8,0,1,6,2,4,1,5,7,10,8,7,5,8,9,0,0,10,10,2,4,10,9,7,4,4,0,7,2,2,5,4,3,4,9,6,5,1,0,0,8,6,10,0,2,0,3,0,0,10,2,5,0,1,4,0,1,5,10,3,5,4,3,8,1,1,6,0,8,5,0,8,0,0,10,6,6,2,5,8,1,4,6,0,9,6,3,3
n253,9,4,8,0,1,6,2,4,1,5,7,10,8,7,0,8,9,0,0,0,10,2,4,10,9,7,4,4,0,7,2,2,5,4,3,4,9,6,5,1,0,0,8,6,10,0,2,0,3,0,0,10,2,5,0,1,4,0,1,5,10,3,5,4,3,8,1,1,6,0,8,5,0,8,0,0,10,6,6,2,5,8,1,4,6,0,9,6,3,3
n256,0,4,8,0,1,6,2,4,2,5,7,10,8,7,0,8,9,0,9,0,10,0,4,10,9,7,4,0,0,7,2,2,5,4,3,4,9,6,5,1,0,2,7,6,10,0,2,7,3,3,0,10,0,5,0,1,4,0,1,5,10,3,5,4,3,8,1,1,6,0,8,5,1,8,0,0,10,6,6,2,5,8,1,4,6,0,9,6,3,3
n255,0,4,8,0,1,6,2,4,2,5,7,10,8,7,0,8,9,0,0,0,10,3,4,10,9,7,4,0,0,7,2,2,5,4,3,4,9,6,5,1,1,0,7,6,10,0,2,0,3,0,0,10,0,5,0,1,4,0,1,5,10,3,5,4,3,8,1,1,6,0,8,5,1,8,0,4,10,6,6,2,5,8,1,4,6,0,9,6,3,3
n270,8,2,0,0,0,2,8,6,6,7,7,8,7,7,4,6,9,8,5,7,1,1,2,7,0,0,10,3,3,0,0,2,5,6,6,9,3,6,0,1,4,5,8,6,3,6,10,6,3,7,2,5,3,1,5,4,4,0,2,0,9,3,0,4,3,8,2,0,10,7,0,8,5,8,8,0,5,6,2,0,0,9,10,4,6,9,7,2,5,3
n269,8,2,0,0,0,2,8,6,0,7,7,0,7,7,4,6,9,8,5,7,1,1,2,7,0,1,10,3,3,0,0,2,5,6,0,9,3,6,0,1,4,0,8,0,3,6,10,6,3,7,2,5,3,1,5,4,4,0,2,8,9,3,0,4,3,8,2,9,10,7,0,8,5,8,8,0,5,6,2,0,0,9,10,4,6,9,7,2,5,3
n272,8,2,0,0,0,2,10,6,10,7,7,0,7,7,4,6,9,8,5,7,1,1,2,7,0,2,10,3,3,0,1,2,5,6,0,9,3,6,0,1,0,0,8,1,3,6,10,6,3,7,2,5,3,1,5,4,4,0,2,10,9,3,6,4,3,8,0,0,10,7,1,8,5,8,8,2,5,6,2,10,7,0,10,4,6,9,7,0,0,3
n271,8,2,0,0,0,2,0,6,0,7,7,0,7,7,4,6,9,8,5,7,1,1,2,7,0,2,10,3,3,0,1,2,5,6,0,9,3,6,0,1,0,0,8,0,3,6,10,6,3,7,2,5,3,1,5,4,4,0,2,0,9,3,6,4,3,8,0,0,10,7,1,8,5,8,8,2,5,6,2,10,7,0,10,4,6,9,7,0,0,3
n276,8,2,0,0,0,2,0,6,0,7,7,0,8,7,4,6,9,5,5,7,1,1,2,7,5,1,10,3,3,0,9,2,5,6,8,9,3,6,0,1,5,2,8,9,3,6,10,6,3,7,2,5,3,1,5,4,4,2,2,0,9,3,0,4,3,8,4,0,10,0,0,0,5,8,8,1,5,6,2,9,0,0,10,4,6,9,7,0,0,3
n275,8,2,3,0,6,2,3,6,0,7,7,0,8,7,4,6,9,0,5,7,1,1,2,7,0,1,10,3,3,0,0,2,5,6,0,9,3,6,0,1,5,2,8,9,3,6,10,6,3,7,2,5,3,1,5,4,4,2,2,2,9,3,0,4,3,8,7,0,10,0,0,0,5,8,8,0,5,6,2,9,0,0,10,4,6,9,7,0,0,3
n278,8,2,9,5,0,2,0,6,0,7,7,6,8,7,4,6,9,3,5,7,1,1,2,7,0,0,10,3,3,0,4,2,5,6,5,9,3,6,0,1,0,0,8,9,3,6,10,6,3,7,2,5,3,1,5,4,4,0,2,0,9,3,0,4,3,8,0,0,10,0,0,0,5,8,8,3,5,6,2,0,0,0,10,4,6,9,7,0,0,3
n277,8,2,0,5,0,2,0,6,0,7,7,6,8,7,4,6,9,0,5,7,1,1,2,7,0,0,10,3,3,0,0,2,5,6,5,9,3,6,0,1,0,0,8,9,3,6,10,6,3,7,2,5,3,1,5,4,4,0,2,0,9,3,0,4,3,8,9,0,10,0,0,0,5,8,8,3,5,6,2,0,0,0,10,4,6,9,7,0,0,3
n284,8,2,10,9,0,2,4,6,0,7,7,2,6,7,7,6,9,0,5,7,1,1,2,7,0,10,2,3,4,0,9,2,5,6,0,9,3,6,0,1,0,9,8,9,3,6,10,6,3,7,2,5,3,1,5,4,4,4,2,10,9,3,0,4,3,8,0,6,10,0,0,0,4,8,8,0,5,6,2,0,0,6,10,4,6,9,7,10,9,3
n283,8,2,10,0,0,2,4,6,0,7,7,2,0,7,0,6,9,0,5,7,1,1,2,7,8,0,2,3,0,9,9,2,5,6,7,9,3,6,0,1,0,0,8,9,3,6,10,6,3,7,2,5,3,1,5,4,4,4,2,10,9,3,0,4,3,8,0,6,10,0,7,0,4,8,8,0,5,6,2,2,0,6,10,4,6,9,7,10,9,3
n286,8,2,10,0,0,2,4,6,6,7,7,8,7,7,5,6,9,2,5,7,1,1,2,7,0,1,0,3,0,0,9,2,5,6,0,9,3,6,0,1,7,0,8,9,3,6,10,6,3,7,2,5,3,1,5,4,4,4,2,0,9,3,0,4,3,8,0,6,10,0,0,0,0,8,8,6,5,6,2,8,5,0,10,4,6,9,7,0,9,3
n285,8,2,10,1,0,2,4,6,6,7,7,0,0,7,5,6,9,2,5,7,1,1,2,7,0,1,0,3,0,0,9,2,5,6,7,9,3,6,3,1,0,0,8,9,3,6,10,6,3,7,2,5,3,1,5,4,4,4,2,0,9,3,0,4,3,8,0,6,10,0,0,0,0,8,8,6,5,6,2,0,5,10,10,4,6,9,7,0,9,3
n290,8,2,0,1,3,2,4,6,0,7,7,3,2,7,0,6,9,0,5,7,1,1,2,7,2,3,0,3,0,2,0,2,5,6,0,9,3,6,0,1,0,8,8,0,3,6,10,6,3,7,2,5,3,1,5,4,4,7,2,0,9,3,0,4,3,8,0,1,10,0,0,10,5,8,8,0,5,6,2,7,0,0,10,4,6,9,7,5,9,3
n289,8,2,0,1,3,2,4,6,9,7,7,3,2,7,0,6,9,3,5,7,1,1,2,7,2,3,0,3,0,2,0,2,5,6,0,9,3,6,0,1,0,8,8,0,3,6,10,6,3,7,2,5,3,1,5,4,4,0,2,0,9,3,0,4,3,8,7,1,10,0,0,0,0,8,8,0,5,6,2,0,0,1,10,4,6,9,7,5,9,3
n292,8,2,7,0,0,2,4,6,5,7,7,3,5,7,0,6,9,0,5,7,1,1,2,7,2,3,0,3,4,0,0,2,5,6,0,9,3,6,9,1,0,8,8,5,3,6,10,6,3,7,2,5,3,1,5,4,4,6,2,0,9,3,7,4,3,8,8,1,10,3,0,0,0,8,8,0,5,6,2,0,5,0,10,4,6,9,7,5,9,3
n291,8,2,7,3,0,2,4,6,0,7,7,3,5,7,4,6,9,0,5,7,1,1,2,7,2,3,0,3,4,0,0,2,5,6,0,9,3,6,9,1,0,8,8,5,3,6,10,6,3,7,2,5,3,1,5,4,4,6,2,0,9,3,0,4,3,8,3,1,10,3,6,0,3,8,8,0,5,6,2,0,0,0,10,4,6,9,7,5,9,3
n300,8,2,9,5,9,2,1,6,0,7,7,2,9,7,10,3,9,6,5,7,1,1,2,10,4,3,0,0,9,1,2,2,5,0,8,9,0,6,4,1,0,1,0,0,3,6,0,6,3,7,2,5,3,0,5,4,4,3,2,10,9,3,0,4,3,0,0,2,10,0,0,10,0,8,8,0,5,6,2,0,2,0,10,4,6,9,3,0,0,8
n299,8,2,9,5,9,2,1,6,0,7,7,2,9,7,10,3,9,6,5,7,1,1,2,10,4,3,0,0,9,1,2,2,5,0,8,9,10,6,4,1,0,1,0,0,3,6,6,6,3,7,2,5,3,0,5,4,4,3,2,10,9,3,0,4,3,0,0,2,10,9,1,10,0,8,8,4,5,6,2,0,2,0,10,4,6,9,3,0,0,10
n302,8,2,9,4,9,2,1,6,10,7,7,2,9,7,3,0,9,6,5,7,1,1,2,10,4,0,0,0,9,1,2,2,5,0,3,9,0,6,4,1,0,1,3,0,3,6,0,6,3,7,2,5,3,10,5,4,4,3,2,10,9,3,0,4,3,1,0,2,10,0,0,10,9,8,8,8,5,6,2,1,2,0,10,4,6,9,3,10,4,3
n301,8,2,9,0,9,2,1,6,0,7,7,2,9,7,6,0,9,6,5,7,1,1,2,10,4,1,0,0,9,1,2,2,5,0,3,9,0,6,4,1,8,1,0,0,3,6,0,6,3,7,2,5,3,10,5,4,4,3,2,10,9,3,0,4,3,1,0,2,10,0,0,10,9,8,8,8,5,6,2,0,2,0,10,4,6,9,3,0,0,3
n306,8,2,9,6,9,2,1,6,0,7,7,2,9,7,0,9,9,6,5,7,1,1,2,10,4,0,2,0,9,1,7,2,5,9,1,9,2,6,4,1,5,1,0,0,3,6,0,6,3,7,2,5,3,10,5,4,4,3,2,10,9,3,0,4,3,2,6,2,10,0,3,10,0,8,8,2,5,6,2,10,2,0,10,4,6,9,8,0,7,1
n305,8,2,9,6,9,2,1,6,0,7,7,2,9,7,0,9,9,6,5,7,1,1,2,10,4,0,2,0,9,1,7,2,5,9,1,9,2,6,4,1,5,1,0,0,3,6,0,6,3,7,2,5,3,10,5,4,4,3,2,10,9,3,0,4,3,0,6,2,10,0,3,10,0,8,8,2,5,6,2,10,2,0,10,4,6,9,8,0,7,0
n308,8,2,9,10,9,2,1,6,0,7,7,2,9,7,9,9,9,6,5,7,1,1,2,10,4,8,2,6,9,1,7,2,5,9,1,9,2,6,4,1,0,1,0,0,3,6,0,6,3,7,2,5,3,10,5,4,4,3,2,10,9,3,0,4,3,0,6,2,10,0,3,10,0,8,8,0,5,6,2,10,2,0,10,4,6,9,8,0,7,0
n307,8,2,9,10,9,2,1,6,0,7,7,2,9,7,9,9,9,6,5,7,1,1,2,10,4,8,7,6,9,1,7,2,5,9,1,9,2,6,4,1,4,1,0,6,3,6,4,6,3,7,2,5,3,10,5,4,4,3,2,10,9,3,0,4,3,0,6,2,10,0,3,10,0,8,8,0,5,6,2,10,2,0,10,4,6,9,8,0,7,0
n314,8,2,9,0,0,2,1,6,1,7,7,6,0,7,0,0,9,2,5,7,1,1,2,8,0,6,0,5,0,1,7,2,5,9,4,9,10,6,3,1,10,1,8,0,3,6,1,6,3,7,2,5,3,0,5,4,4,3,2,10,9,3,7,4,3,0,10,2,10,0,6,0,7,8,8,0,5,6,2,0,0,5,10,4,6,9,0,1,8,7
n313,8,2,9,4,0,2,1,6,1,7,7,6,0,7,4,0,9,2,5,7,1,1,2,8,0,6,4,5,0,1,7,2,5,9,4,9,10,6,3,1,0,1,8,5,3,6,1,6,3,7,2,5,3,0,5,4,4,3,2,10,9,3,7,4,3,0,6,2,10,0,0,4,7,8,8,4,5,6,2,0,7,5,10,4,6,9,0,9,8,7
n316,8,2,9,0,0,2,1,6,6,7,7,6,0,7,0,0,9,0,5,7,1,1,2,8,0,10,0,5,0,1,7,2,5,9,4,9,10,6,3,1,0,1,0,0,3,6,1,6,3,7,2,5,3,6,5,4,4,3,2,10,9,3,7,4,3,2,0,2,10,2,5,0,7,8,8,0,5,6,2,0,0,5,10,4,6,9,9,6,0,7
n315,8,2,9,6,0,2,1,6,0,7,7,6,0,7,0,0,9,0,5,7,1,1,2,8,0,0,0,5,5,1,7,2,5,9,4,9,10,6,3,1,10,1,6,0,3,6,1,6,3,7,2,5,3,6,5,4,4,3,2,10,9,3,7,4,3,2,0,2,10,2,5,0,7,8,8,2,5,6,2,0,0,5,10,4,6,9,9,0,0,7
n320,8,2,9,2,0,2,1,6,0,7,7,1,0,7,7,2,9,3,5,7,1,1,2,0,0,0,0,5,0,1,5,2,5,6,4,9,0,6,3,1,0,1,0,0,3,6,1,6,3,7,2,5,3,2,5,4,4,3,2,10,9,3,0,4,3,0,4,2,10,0,0,8,7,8,8,6,5,6,2,0,0,2,10,4,6,9,0,1,6,0
n319,8,2,9,0,0,2,1,6,0,7,7,4,0,7,7,2,9,3,5,7,1,1,2,0,0,0,0,5,0,1,5,2,5,6,4,9,8,6,3,1,0,1,0,9,3,6,1,6,3,7,2,5,3,0,5,4,4,3,2,10,9,3,0,4,3,0,4,2,10,0,0,8,7,8,8,0,5,6,2,0,0,2,10,4,6,9,0,1,6,0
n322,8,2,9,0,10,2,1,6,7,7,7,0,0,7,0,2,9,3,5,7,1,1,2,0,0,1,0,5,6,1,0,2,5,0,4,9,0,6,3,1,7,1,7,0,3,6,1,6,3,7,2,5,3,0,5,4,4,3,2,10,9,3,0,4,3,7,4,2,10,0,0,8,7,8,8,0,5,6,2,5,0,0,10,4,6,9,0,1,0,0
n321,8,2,9,0,10,2,1,6,0,7,7,0,0,7,6,2,9,3,5,7,1,1,2,0,0,0,0,5,6,1,0,2,5,0,4,9,6,6,3,1,7,1,7,0,3,6,1,6,3,7,2,5,3,0,5,4,4,3,2,10,9,3,0,4,3,7,4,2,10,0,0,8,7,8,8,0,5,6,2,0,4,0,10,4,6,9,0,1,0,0
n332,8,2,0,10,7,2,4,0,4,6,7,3,2,7,5,6,9,9,5,7,10,1,2,7,5,5,2,0,9,9,2,2,5,0,0,7,7,6,9,1,10,1,3,10,3,6,3,6,3,7,2,5,3,0,5,4,4,4,0,1,0,3,6,4,3,6,0,6,10,9,1,4,9,8,8,6,5,6,2,5,3,1,10,4,6,9,0,4,10,5
n331,8,2,0,10,0,2,4,0,4,6,7,3,2,7,5,6,9,9,5,7,10,1,2,7,5,5,2,0,9,9,2,2,5,0,0,7,7,6,9,1,5,1,3,10,3,6,3,6,3,7,2,5,3,0,5,4,4,4,0,1,0,3,6,4,3,6,0,6,10,9,1,4,9,8,8,6,5,6,2,5,3,1,10,4,6,9,0,4,10,5
n334,8,2,1,10,8,2,4,0,0,6,7,3,2,7,5,6,9,0,5,7,3,1,2,8,5,5,2,8,0,9,2,2,5,8,0,7,7,6,10,1,8,1,3,10,3,6,3,6,3,7,2,5,3,0,5,4,4,4,0,1,0,3,6,4,3,10,0,6,10,9,4,4,9,8,8,6,5,6,2,5,3,1,10,4,6,9,0,0,10,5
n333,8,2,0,10,8,2,4,0,0,6,7,3,2,7,5,6,9,0,5,7,3,1,2,8,5,5,2,0,5,9,2,2,5,8,0,7,7,6,10,1,8,1,3,10,3,6,3,6,3,7,2,5,3,0,5,4,4,4,0,1,0,3,6,4,3,0,0,6,10,9,4,4,9,8,8,6,5,6,2,5,3,1,10,4,6,9,0,0,10,5
n338,8,2,0,10,0,2,4,7,0,0,7,3,2,7,5,6,9,7,5,7,0,1,2,1,5,5,2,6,4,9,2,2,5,6,0,9,7,6,0,1,0,0,3,10,3,6,0,6,3,7,2,5,3,0,5,4,4,4,0,1,0,3,0,4,3,0,0,0,10,0,2,4,9,8,8,0,5,6,2,5,3,1,10,4,6,9,0,0,10,5
n337,8,2,0,10,4,2,4,0,10,0,7,3,2,7,5,6,9,7,5,7,0,1,2,1,5,5,2,6,4,9,2,2,5,6,0,9,7,6,0,1,7,0,3,10,3,6,0,6,3,7,2,5,3,0,5,4,4,4,0,1,0,3,8,4,3,0,9,7,10,0,0,4,9,8,8,0,5,6,2,5,3,1,10,4,6,9,0,0,10,5
n340,8,2,0,10,9,2,4,4,0,0,7,3,2,7,5,6,9,6,5,7,0,1,2,1,5,5,2,6,4,9,2,2,5,6,4,0,7,6,0,1,1,0,3,10,3,6,0,6,3,7,2,5,3,0,5,4,4,4,0,1,0,3,8,4,3,0,0,0,10,0,0,4,9,8,8,0,5,6,2,5,3,1,10,4,6,9,0,8,10,5
n339,8,2,0,10,9,2,4,4,0,0,7,3,2,7,5,6,9,0,5,7,0,1,2,1,5,5,2,6,4,9,2,2,5,6,4,0,7,6,0,1,0,0,3,10,3,6,4,6,3,7,2,5,3,9,5,4,4,4,0,1,0,3,10,4,3,0,0,0,10,0,8,4,9,8,8,0,5,6,2,5,3,1,10,4,6,9,0,3,10,5
n346,8,2,0,10,6,2,0,0,0,0,7,3,2,7,5,6,9,1,5,7,3,1,2,0,5,5,0,0,0,0,2,2,5,0,9,0,7,6,3,1,4,6,3,10,3,6,7,10,3,7,2,5,3,0,5,4,4,4,0,0,4,3,0,4,3,5,0,9,10,0,5,4,9,8,8,0,5,6,2,2,3,0,10,4,6,9,9,6,0,0
n345,8,2,0,10,6,2,3,0,7,0,7,3,2,7,5,6,9,0,5,7,3,1,2,8,5,5,0,7,0,0,2,2,5,0,9,0,7,6,3,1,4,6,3,10,3,6,7,10,3,7,2,5,3,0,5,4,4,4,0,0,4,3,0,4,3,5,0,4,10,0,7,4,9,8,8,0,5,6,2,2,3,0,10,4,6,9,9,6,0,0
n348,8,2,0,10,0,2,0,0,0,0,7,3,2,7,5,6,9,0,5,7,3,1,2,0,5,5,0,9,8,0,2,2,5,0,6,10,7,6,0,1,4,6,3,10,3,6,0,10,3,7,2,5,3,0,5,4,4,4,0,0,0,3,0,4,3,5,0,0,10,0,0,4,9,8,8,5,5,6,2,2,3,0,10,4,6,9,0,6,0,0
n347,8,2,0,10,0,2,1,0,0,2,7,3,2,7,5,6,9,0,5,7,3,1,2,9,5,5,0,4,8,0,2,2,5,0,6,0,7,6,0,1,4,6,3,10,3,6,0,10,3,7,2,5,3,0,5,4,4,4,9,0,0,3,1,4,3,5,0,0,10,0,0,4,9,8,8,6,5,6,2,2,3,0,10,4,6,9,0,6,0,0
n352,8,2,1,10,0,2,10,0,10,10,7,3,2,7,5,6,9,3,5,7,0,1,2,0,0,5,0,0,0,0,2,2,5,6,0,8,7,6,0,1,7,0,3,10,3,6,0,10,3,7,2,5,3,4,5,4,4,4,0,2,0,3,0,4,3,0,4,0,10,0,2,4,9,8,8,0,5,6,2,2,3,9,10,4,6,9,0,6,7,0
n351,8,2,1,10,0,2,10,0,10,10,7,3,2,7,5,6,9,3,5,7,7,1,2,0,0,5,0,6,0,0,2,2,5,6,0,8,7,6,0,1,7,0,3,10,3,6,0,10,3,7,2,5,3,4,5,4,4,4,0,2,0,3,0,4,3,0,4,0,10,0,2,4,9,8,8,0,5,6,2,2,3,0,10,4,6,9,6,6,7,0
n354,8,2,1,10,0,2,8,0,0,0,7,3,2,7,5,6,9,0,5,7,0,1,2,0,0,5,0,3,0,0,2,2,5,6,2,8,7,6,0,1,10,0,3,10,3,6,0,10,3,7,2,5,3,8,5,4,4,4,9,0,0,3,0,4,3,0,4,0,10,3,2,4,9,8,8,0,5,6,2,2,3,0,10,4,6,9,0,6,7,0
n353,8,2,1,10,0,2,8,0,7,0,7,3,2,7,5,6,9,0,5,7,0,1,2,0,0,5,8,3,0,0,2,2,5,6,2,8,7,6,0,1,10,0,3,10,3,6,0,10,3,7,2,5,3,8,5,4,4,4,9,0,0,3,0,4,3,0,4,0,10,3,2,4,9,8,8,0,5,6,2,2,3,0,10,4,6,9,0,6,7,0
n362,8,2,0,10,10,2,4,0,0,3,7,0,9,7,5,6,9,6,5,7,9,1,2,3,0,5,1,5,5,0,2,2,5,8,3,0,7,6,0,1,8,0,3,1,3,6,0,8,3,7,2,5,3,8,5,4,4,7,10,8,3,3,6,4,3,4,0,0,10,2,9,2,9,8,8,1,5,6,2,2,3,0,10,4,6,9,0,0,2,0
n361,8,2,0,10,10,2,4,1,7,3,7,0,9,7,5,6,9,6,5,7,9,1,2,3,0,5,1,5,0,0,2,2,5,0,3,0,7,6,0,1,0,0,3,1,3,6,0,8,3,7,2,5,3,8,5,4,4,7,10,8,3,3,6,4,3,4,0,0,10,2,9,2,9,8,8,1,5,6,2,2,3,0,10,4,6,9,0,0,2,0
n364,8,2,0,10,5,2,0,10,0,3,7,0,9,7,5,6,9,6,5,7,0,1,2,3,0,5,1,5,0,0,2,2,5,0,3,0,7,6,0,1,5,0,3,1,3,6,0,8,3,7,2,5,3,8,5,4,4,7,10,0,0,3,6,4,3,7,8,0,10,2,9,2,9,8,8,1,5,6,2,2,3,0,10,4,6,9,0,0,2,0
n363,8,2,6,10,5,2,9,10,0,3,7,0,9,7,5,6,9,6,5,7,0,1,2,3,0,5,1,5,0,9,2,2,5,0,3,0,7,6,0,1,5,0,3,1,3,6,0,8,3,7,2,5,3,8,5,4,4,7,10,7,0,3,6,4,3,0,0,0,10,2,9,2,9,8,8,1,5,6,2,0,3,3,10,4,6,9,8,5,2,0
n368,8,2,6,10,0,2,9,10,1,3,7,0,0,7,5,6,9,6,5,7,0,1,2,0,10,5,1,0,0,0,2,2,5,0,3,0,7,6,0,1,0,0,3,1,3,6,0,8,3,7,2,5,3,8,5,4,4,7,10,0,4,3,6,4,3,4,8,4,10,2,8,2,9,8,8,1,5,6,2,0,3,0,10,4,6,9,0,2,2,0
n367,8,2,6,10,0,2,9,0,1,3,7,8,10,7,5,6,9,6,5,7,0,1,2,3,10,5,1,0,0,0,2,2,5,0,3,4,7,6,0,1,0,0,3,1,3,6,0,8,3,7,2,5,3,8,5,4,4,7,0,0,4,3,6,4,3,4,0,4,10,2,0,2,9,8,8,1,5,6,2,0,3,7,10,4,6,9,0,4,2,0
n370,8,2,0,10,8,2,9,2,0,3,7,5,0,7,5,6,9,6,5,7,0,1,2,0,2,5,1,3,0,0,2,2,5,0,3,0,7,6,0,1,10,5,3,1,3,6,0,8,3,7,2,5,3,8,5,4,4,7,0,0,0,3,6,4,3,4,0,4,10,2,5,2,9,8,8,1,5,6,2,0,3,0,10,4,6,9,0,0,2,0
n369,8,2,0,10,0,2,9,2,0,3,7,5,0,7,5,6,9,6,5,7,0,1,2,0,2,5,1,3,2,0,2,2,5,0,3,0,7,6,0,1,10,0,3,1,3,6,0,8,3,7,2,5,3,8,5,4,4,7,0,0,0,3,6,4,3,4,9,4,10,2,5,2,9,8,8,1,5,6,2,0,3,6,10,4,6,9,0,0,2,7
n376,8,2,0,10,1,2,9,0,10,3,7,6,3,7,5,6,9,6,5,7,0,1,2,1,0,5,1,0,10,2,2,2,5,0,3,9,7,6,0,1,0,0,3,0,3,6,0,8,3,7,2,5,3,8,5,4,4,2,10,1,9,3,3,4,3,0,2,4,10,2,8,2,9,8,8,0,5,6,2,10,3,2,10,4,6,9,4,0,2,9
n375,8,2,0,10,0,2,9,0,10,3,7,6,0,7,5,6,9,6,5,7,0,1,2,0,0,5,1,0,10,2,2,2,5,0,3,0,7,6,10,1,0,2,3,6,3,6,0,8,3,7,2,5,3,8,5,4,4,2,0,1,9,3,3,4,3,0,9,4,10,2,8,2,9,8,8,4,5,6,2,0,3,2,10,4,6,9,4,0,2,0
n378,8,2,1,10,0,2,9,0,10,3,7,6,0,7,5,6,9,6,5,7,2,1,2,0,2,5,1,0,0,9,2,2,5,0,3,0,7,6,7,1,9,7,3,0,3,6,1,8,3,7,2,5,3,8,5,4,4,0,3,1,9,3,5,4,3,0,0,4,10,2,0,2,9,8,8,0,5,6,2,3,3,2,10,4,6,9,4,0,2,0
n377,8,2,10,10,0,2,9,0,10,3,7,6,0,7,5,6,9,6,5,7,2,1,2,0,2,5,1,0,0,0,2,2,5,5,3,8,7,6,7,1,0,0,3,3,3,6,1,8,3,7,2,5,3,8,5,4,4,0,3,1,9,3,5,4,3,0,0,4,10,2,0,2,9,8,8,0,5,6,2,3,3,2,10,4,6,9,4,0,2,10
n382,8,2,0,10,10,2,9,0,10,3,7,0,1,7,5,6,9,6,5,7,0,1,2,5,0,5,1,0,0,7,2,2,5,0,3,1,7,6,5,1,0,0,3,2,3,6,0,8,3,7,2,5,3,8,5,4,4,0,10,0,9,3,4,4,3,3,0,4,10,2,0,2,9,8,8,9,5,6,2,0,3,2,10,4,6,9,4,3,2,3
n381,8,2,0,10,0,2,9,0,10,3,7,0,1,7,5,6,9,6,5,7,0,1,2,5,0,5,1,0,0,7,2,2,5,0,3,1,7,6,5,1,0,5,3,0,3,6,0,8,3,7,2,5,3,8,5,4,4,0,10,0,9,3,0,4,3,0,0,4,10,2,0,2,9,8,8,9,5,6,2,0,3,2,10,4,6,9,4,2,2,3
n384,8,2,0,10,0,2,9,6,10,3,7,0,0,7,5,6,9,6,5,7,0,1,2,5,0,5,1,0,0,0,2,2,5,0,3,1,7,6,0,1,0,6,3,0,3,6,10,8,3,7,2,5,3,8,5,4,4,0,10,0,9,3,0,4,3,0,0,4,10,2,0,2,9,8,8,9,5,6,2,2,3,2,10,4,6,9,4,0,2,3
n383,8,2,6,10,0,2,9,10,10,3,7,0,0,7,5,6,9,6,5,7,5,1,2,5,0,5,1,0,0,0,2,2,5,0,3,1,7,6,0,1,0,8,3,0,3,6,10,8,3,7,2,5,3,8,5,4,4,0,10,10,9,3,10,4,3,0,0,4,10,2,0,2,9,8,8,9,5,6,2,0,3,2,10,4,6,9,4,0,2,3
n396,8,2,9,10,0,2,0,1,9,2,7,4,0,7,0,0,10,0,0,7,8,3,2,7,2,3,1,2,6,0,5,2,5,9,10,2,5,6,6,1,0,0,7,8,2,5,2,9,3,7,2,5,0,5,5,4,4,4,6,3,4,3,8,4,3,0,5,5,0,0,1,5,4,8,8,6,5,6,0,2,2,3,3,4,6,9,7,5,4,4
n395,8,2,9,10,0,2,0,1,9,2,7,4,0,7,0,0,10,1,0,7,7,3,2,7,2,3,1,2,6,0,5,2,5,9,10,2,5,6,6,1,5,0,7,8,2,5,2,9,3,7,2,5,0,5,5,4,4,0,0,3,4,3,8,4,3,0,6,5,0,0,0,5,4,8,8,6,5,6,0,2,2,3,3,4,6,9,7,5,4,4
n398,8,2,9,0,2,2,0,1,9,0,7,4,0,7,10,0,10,0,0,7,2,4,2,7,2,3,1,2,6,0,5,2,5,9,10,2,0,6,6,1,10,6,7,8,2,5,2,9,3,7,2,5,0,5,5,4,4,0,0,0,4,3,8,4,3,0,0,5,0,0,6,5,4,8,8,6,5,6,0,2,2,3,3,4,6,9,7,5,4,4
n397,8,2,9,0,2,2,0,1,9,0,7,4,10,7,0,0,10,0,0,7,2,4,2,7,2,3,1,2,6,4,5,2,5,9,10,2,0,6,6,1,10,0,7,8,2,5,2,9,3,7,2,5,0,5,5,4,4,0,0,0,4,3,8,4,3,0,0,5,0,0,6,5,4,8,8,6,5,6,0,2,2,3,3,4,6,9,7,5,4,4
n402,8,2,9,0,6,2,9,0,9,0,7,4,10,7,0,0,10,8,0,7,0,0,2,7,2,3,1,2,6,2,5,2,5,9,10,2,0,6,6,1,0,0,7,8,2,5,2,9,3,7,2,5,0,5,5,4,4,1,0,0,4,3,8,4,3,0,1,5,0,10,0,5,4,8,8,6,5,6,2,2,2,2,3,4,6,9,7,5,4,4
n401,8,2,9,0,6,2,9,5,9,4,7,4,0,7,0,0,10,8,0,7,3,0,2,7,2,3,1,2,6,2,5,2,5,9,10,2,3,6,6,1,0,0,7,8,2,5,2,9,3,7,2,5,0,5,5,4,4,1,0,0,4,3,8,4,3,0,0,5,0,0,4,5,4,8,8,6,5,6,2,2,2,2,3,4,6,9,7,5,4,4
n404,8,2,9,0,0,2,9,0,9,0,7,4,0,7,0,5,10,8,2,7,1,0,2,7,2,3,1,2,6,0,5,2,5,9,10,2,0,6,6,1,0,6,7,8,2,5,2,9,3,7,2,5,10,5,5,4,4,1,0,0,4,3,8,4,3,0,0,5,0,0,5,5,4,8,8,6,5,6,0,2,2,2,3,4,6,9,7,5,4,4
n403,8,2,9,0,0,2,9,0,9,0,7,4,0,7,0,0,10,8,0,7,1,8,2,7,2,3,1,2,6,0,5,2,5,9,10,2,7,6,6,1,0,6,7,8,2,5,2,9,3,7,2,5,10,5,5,4,4,1,0,1,4,3,8,4,3,0,2,5,0,0,5,5,4,8,8,6,5,6,10,2,2,2,3,4,6,9,7,5,4,4
n410,8,2,9,7,2,2,5,10,9,3,7,4,1,7,0,4,10,5,0,7,0,3,2,7,2,3,1,2,6,8,5,2,5,9,0,2,0,6,6,1,0,4,7,10,2,0,2,9,3,7,2,5,4,5,5,4,4,6,2,9,8,3,8,4,3,0,0,5,0,4,9,5,4,8,8,6,5,6,8,2,2,0,9,4,6,9,7,0,4,4
n409,8,2,9,7,2,2,0,10,9,3,7,4,1,7,0,4,10,5,3,7,0,6,2,7,2,3,1,2,6,8,5,2,5,9,0,2,0,6,6,1,0,4,7,0,2,0,2,9,3,7,2,5,4,5,5,4,4,6,2,9,8,3,8,4,3,0,0,5,0,4,9,5,4,8,8,6,5,6,8,2,2,10,9,4,6,9,7,0,4,4
n412,8,2,9,7,2,2,0,10,9,3,7,4,0,7,0,4,10,5,0,7,0,0,2,7,2,3,1,2,6,8,5,2,5,9,0,2,0,6,6,1,10,0,7,0,2,0,2,9,3,7,2,5,4,5,5,4,4,6,8,9,8,3,8,4,3,0,0,5,7,0,9,5,4,8,8,6,5,6,8,2,2,0,0,4,6,9,7,6,4,4
n411,8,2,9,7,2,2,0,10,9,3,7,4,0,7,0,4,10,5,4,7,0,0,2,7,2,3,1,2,6,8,5,2,5,9,0,2,5,6,6,1,10,0,7,2,2,0,2,9,3,7,2,5,4,5,5,4,4,6,0,9,8,3,8,4,3,0,0,5,7,0,9,5,4,8,8,6,5,6,8,2,2,0,0,4,6,9,7,6,4,4
n416,8,2,9,0,2,2,0,10,9,3,7,4,0,7,0,2,10,5,4,7,4,5,2,7,2,3,1,2,6,8,5,2,5,9,2,2,8,6,6,1,7,4,7,8,2,0,2,9,3,7,2,5,4,5,5,4,4,0,5,9,8,3,8,4,3,10,0,5,0,7,9,5,4,8,8,6,5,6,0,2,2,0,1,4,6,9,7,2,4,4
n415,8,2,9,0,2,2,0,10,9,3,7,4,0,7,0,2,10,5,4,7,4,2,2,7,2,3,1,2,6,8,5,2,5,9,0,2,8,6,6,1,5,0,7,8,2,0,2,9,3,7,2,5,4,5,5,4,4,0,5,9,8,3,8,4,3,0,0,5,0,7,9,5,4,8,8,6,5,6,0,2,2,0,0,4,6,9,7,0,4,4
n418,8,2,9,0,2,2,2,10,9,3,7,4,0,7,9,9,10,5,0,7,4,0,2,7,2,3,1,2,6,8,5,2,5,9,1,2,0,6,6,1,1,9,7,8,2,10,2,9,3,7,2,5,4,5,5,4,4,6,0,9,8,3,8,4,3,0,0,5,0,0,9,5,4,8,8,6,5,6,0,2,2,0,6,4,6,9,7,0,4,4
n417,8,2,9,0,2,2,0,10,9,3,7,4,0,7,0,9,10,5,0,7,4,0,2,7,2,3,1,2,6,8,5,2,5,9,1,2,8,6,6,1,1,0,7,8,2,10,2,9,3,7,2,5,4,5,5,4,4,0,0,9,8,3,8,4,3,0,0,5,0,0,9,5,4,8,8,6,5,6,0,2,2,5,6,4,6,9,7,7,4,4
n426,8,2,9,9,4,2,2,3,9,1,7,4,2,7,6,0,10,1,8,7,8,0,2,7,2,3,1,2,6,7,5,2,5,9,8,9,10,6,10,1,0,1,7,0,0,7,1,9,3,7,2,5,0,0,5,4,4,2,0,0,3,3,10,4,3,2,7,5,8,0,0,0,4,8,8,6,5,6,0,2,2,0,0,4,6,9,7,2,4,4
n425,8,2,9,9,4,2,2,3,9,1,7,4,2,7,6,0,10,1,8,7,8,0,2,7,2,3,1,2,6,7,5,2,5,9,8,7,10,6,0,1,0,1,7,2,0,7,1,9,3,7,2,5,0,0,5,4,4,2,0,0,0,3,10,4,3,2,4,5,0,0,0,0,4,8,8,6,5,6,0,2,2,0,9,4,6,9,7,2,4,4
n428,8,2,9,9,4,2,7,0,9,1,7,4,2,7,6,5,10,0,8,7,8,2,2,7,2,3,1,2,6,7,5,2,5,9,3,0,10,6,6,1,0,0,7,6,3,7,1,9,3,7,2,5,4,0,5,4,4,2,0,8,1,3,10,4,3,2,0,5,6,0,7,0,4,8,8,6,5,6,0,2,2,4,0,4,6,9,7,2,4,4
n427,8,2,9,9,4,2,7,0,9,1,7,4,2,7,6,0,10,0,8,7,8,1,2,7,2,3,1,2,6,7,5,2,5,9,0,0,10,6,0,1,0,0,7,0,0,7,1,9,3,7,2,5,4,0,5,4,4,2,3,8,1,3,10,4,3,2,0,5,0,0,0,0,4,8,8,6,5,6,0,2,2,4,0,4,6,9,7,2,4,4
n432,8,2,9,9,4,2,0,1,9,1,7,4,2,7,0,1,10,8,8,7,8,0,2,7,2,3,1,2,6,0,5,2,5,9,3,4,9,6,0,1,9,0,7,3,0,7,0,9,3,7,2,5,0,0,5,4,4,2,2,0,0,3,0,4,3,2,3,5,0,0,0,0,4,8,8,6,5,6,0,2,2,10,0,4,6,9,7,2,4,4
n431,8,2,9,9,4,2,0,1,9,1,7,4,2,7,10,2,10,8,8,7,8,0,2,7,2,3,1,2,6,0,5,2,5,9,3,4,9,6,6,1,9,0,7,0,0,7,0,9,3,7,2,5,0,0,5,4,4,2,2,0,0,3,0,4,3,2,3,5,0,0,0,0,4,8,8,6,5,6,3,2,2,10,0,4,6,9,7,2,4,4
n434,8,2,9,9,4,2,0,1,9,1,7,4,2,7,0,8,10,0,8,7,8,0,2,7,2,3,1,2,6,0,5,2,5,9,6,4,9,6,0,1,9,9,7,0,0,7,10,9,3,7,2,5,0,4,5,4,4,2,2,0,0,3,0,4,3,2,0,5,0,0,0,0,4,8,8,6,5,6,6,2,2,10,5,4,6,9,7,2,4,4
n433,8,2,9,9,4,2,0,1,9,1,7,4,2,7,0,8,10,1,8,7,8,0,2,7,2,3,1,2,6,0,5,2,5,9,6,4,9,6,0,1,9,0,7,6,0,7,10,9,3,7,2,5,0,4,5,4,4,2,2,0,0,3,0,4,3,2,0,5,0,5,0,4,4,8,8,6,5,6,6,2,2,10,6,4,6,9,7,2,4,4
n440,8,2,9,10,4,2,8,0,9,1,7,4,2,7,3,0,10,9,6,7,0,0,2,7,2,3,1,2,6,0,5,2,5,9,4,0,5,6,0,1,10,10,7,3,0,7,0,9,3,7,2,5,4,0,5,4,4,0,0,0,7,3,0,4,3,3,6,5,0,10,0,0,4,8,8,6,5,6,9,2,2,0,7,4,6,9,7,2,4,4
n439,8,2,9,0,4,2,8,0,9,1,7,4,2,7,3,6,10,9,0,7,0,4,2,7,2,3,1,2,6,0,5,2,5,9,4,0,5,6,0,1,10,10,7,0,0,7,0,9,3,7,2,5,0,0,5,4,4,0,0,0,7,3,0,4,3,3,6,5,0,7,0,0,4,8,8,6,5,6,0,2,2,0,7,4,6,9,7,2,4,4
n442,8,2,9,0,4,2,8,0,9,1,7,4,2,7,3,10,10,0,0,7,0,3,2,7,2,3,1,2,6,10,5,2,5,9,0,0,0,6,4,1,10,0,7,0,0,7,0,9,3,7,2,5,0,0,5,4,4,0,5,8,7,3,6,4,3,3,6,5,0,0,0,0,4,8,8,6,5,6,3,2,2,0,0,4,6,9,7,2,4,4
n441,8,2,9,0,4,2,8,3,9,1,7,4,2,7,3,9,10,0,0,7,0,0,2,7,2,3,1,2,6,10,5,2,5,9,0,5,0,6,0,1,10,2,7,0,0,7,0,9,3,7,2,5,0,2,5,4,4,0,5,8,7,3,0,4,3,3,6,5,0,0,3,0,4,8,8,6,5,6,3,2,2,0,0,4,6,9,7,2,4,4
n446,8,2,9,3,4,2,8,2,9,1,7,4,2,7,7,0,10,0,0,7,0,0,2,7,2,3,1,2,6,6,5,2,5,9,6,10,0,6,0,1,10,8,7,5,3,7,0,9,3,7,2,5,5,0,5,4,4,0,0,0,7,3,8,4,3,0,0,5,5,2,1,0,4,8,8,6,5,6,0,2,2,0,7,4,6,9,7,2,4,4
n445,8,2,9,3,4,2,8,2,9,1,7,4,2,7,7,0,10,0,0,7,0,5,2,7,2,3,1,2,6,6,5,2,5,9,6,10,0,6,0,1,10,8,7,5,3,7,0,9,3,7,2,5,0,0,5,4,4,0,0,1,7,3,0,4,3,1,0,5,5,2,1,10,4,8,8,6,5,6,0,2,2,0,7,4,6,9,7,2,4,4
n448,8,2,9,3,4,2,8,2,9,1,7,4,2,7,7,0,10,0,0,7,0,10,2,7,2,3,1,2,6,6,5,2,5,9,6,10,6,6,0,1,10,8,7,0,3,7,8,9,3,7,2,5,0,0,5,4,4,7,0,0,7,3,8,4,3,0,0,5,5,2,1,0,4,8,8,6,5,6,0,2,2,0,7,4,6,9,7,2,4,4
n447,8,2,9,3,4,2,8,2,9,1,7,4,2,7,7,0,10,0,0,7,0,10,2,7,2,3,1,2,6,6,5,2,5,9,6,10,6,6,0,1,10,8,7,0,3,7,8,9,3,7,2,5,0,10,5,4,4,0,0,3,7,3,8,4,3,0,0,5,5,2,1,4,4,8,8,6,5,6,0,2,2,0,7,4,6,9,7,2,4,4
n458,8,2,9,0,0,2,1,3,9,1,7,4,2,7,2,0,10,8,0,7,1,7,2,2,0,3,1,2,9,6,5,2,5,0,7,6,6,6,0,1,2,2,7,1,9,0,0,9,3,7,2,5,1,10,5,4,4,0,0,7,10,3,0,4,3,6,5,1,4,7,0,0,4,8,8,6,5,6,7,0,2,3,7,4,6,9,7,1,4,5
n457,8,2,9,0,0,2,1,3,9,1,7,4,2,7,2,0,10,8,0,7,1,0,2,2,9,3,1,2,9,6,5,2,5,3,7,6,6,6,0,1,2,2,7,1,9,0,0,9,3,7,2,5,1,10,5,4,4,0,0,7,10,3,0,4,3,6,5,1,4,7,0,10,4,8,8,6,5,6,0,0,2,3,7,4,6,9,7,1,4,5
n460,8,2,9,0,4,2,0,3,9,1,7,4,2,7,2,1,10,8,7,7,1,0,2,2,4,3,1,2,9,0,5,2,5,0,7,6,6,6,0,1,2,2,7,1,9,0,0,9,3,7,2,5,1,10,5,4,4,0,0,7,10,3,0,4,3,6,5,1,4,7,0,0,4,8,8,0,5,6,0,0,2,3,7,4,6,9,7,1,4,5
n459,8,2,9,6,0,2,0,3,9,1,7,4,2,7,2,1,10,8,0,7,1,0,2,2,0,3,1,2,9,0,5,2,5,0,7,6,6,6,0,1,2,2,7,1,9,0,0,9,3,7,2,5,1,10,5,4,4,0,0,7,10,3,7,4,3,6,5,1,4,7,0,0,4,8,8,0,5,6,10,1,2,3,7,4,6,9,7,1,4,5
n464,8,2,9,8,6,2,2,3,9,10,7,4,2,7,2,1,10,8,3,7,1,0,2,2,0,3,1,2,9,0,5,2,5,0,7,6,6,6,0,1,2,2,7,1,9,0,0,9,3,7,2,5,1,10,5,4,4,0,0,7,10,3,6,4,3,9,5,1,4,7,2,0,4,8,8,0,5,6,0,0,2,3,7,4,6,9,7,1,4,5
n463,8,2,9,8,0,2,2,3,9,10,7,4,2,7,2,1,10,8,3,7,1,0,2,2,0,3,1,2,9,5,5,2,5,0,7,6,6,6,0,1,2,2,7,1,9,0,0,9,3,7,2,5,1,10,5,4,4,0,0,7,10,3,0,4,3,9,5,1,4,7,2,0,4,8,8,0,5,6,0,0,2,3,7,4,6,9,7,1,4,5
n466,8,2,9,0,0,2,2,3,9,10,7,4,2,7,2,1,10,8,3,7,1,3,2,2,0,3,1,2,9,0,5,2,5,0,7,6,6,6,0,1,2,2,7,1,9,0,0,9,3,7,2,5,1,10,5,4,4,0,0,7,10,3,0,4,3,9,5,1,4,7,2,0,4,8,8,0,5,6,0,5,2,3,7,4,6,9,7,1,4,5
n465,8,2,9,0,0,2,2,3,9,10,7,4,2,7,2,1,10,8,3,7,1,0,2,2,7,3,1,2,9,0,5,2,5,0,7,6,6,6,0,1,2,2,7,1,9,0,0,9,3,7,2,5,1,10,5,4,4,0,0,7,10,3,0,4,3,9,5,1,4,7,2,0,4,8,8,0,5,6,0,5,2,3,7,4,6,9,7,1,4,5
n472,8,2,9,4,4,2,0,3,9,0,7,4,2,7,8,0,10,7,0,7,8,0,2,0,2,3,1,2,9,5,5,2,5,1,0,6,6,6,0,1,2,2,7,1,2,3,7,9,3,7,2,5,10,10,5,4,4,9,7,0,10,3,6,4,3,5,5,1,4,0,0,0,4,8,8,8,5,6,8,10,2,3,7,4,6,9,7,1,4,5
n471,8,2,9,0,4,2,0,3,9,0,7,4,2,7,8,0,10,7,0,7,0,0,2,0,2,3,1,2,9,5,5,2,5,1,0,6,6,6,0,1,2,2,7,1,2,3,7,9,3,7,2,5,0,10,5,4,4,0,7,5,10,3,6,4,3,5,5,1,4,7,0,0,4,8,8,8,5,6,9,10,2,3,7,4,6,9,7,1,4,5
n474,8,2,9,0,0,2,0,3,9,8,7,4,2,7,0,8,10,7,0,7,5,1,2,9,2,3,1,2,9,5,5,2,5,1,9,6,6,6,0,1,2,2,7,1,2,3,1,9,3,7,2,5,6,10,5,4,4,0,7,0,10,3,0,4,3,0,5,1,4,7,0,0,4,8,8,8,5,6,0,10,2,3,7,4,6,9,7,1,4,5
n473,8,2,9,0,0,2,0,3,9,8,7,4,2,7,4,8,10,7,0,7,5,1,2,0,2,3,1,2,9,5,5,2,5,1,7,6,6,6,0,1,2,2,7,1,2,3,1,9,3,7,2,5,6,10,5,4,4,1,7,0,10,3,0,4,3,0,5,1,4,7,0,0,4,8,8,8,5,6,0,10,2,3,7,4,6,9,7,1,4,5
n478,8,2,9,4,1,2,0,3,9,0,7,4,2,7,0,0,10,0,0,7,0,0,2,6,2,3,1,2,9,0,5,2,5,0,0,6,6,6,0,1,2,2,7,1,0,3,3,9,3,7,2,5,0,10,5,4,4,4,7,0,10,3,0,4,3,0,5,1,4,0,0,4,4,8,8,6,5,6,9,0,2,3,7,4,6,9,7,1,4,5
n477,8,2,9,4,1,2,0,3,9,1,7,4,2,7,0,0,10,0,3,7,0,0,2,6,2,3,1,2,9,0,5,2,5,0,2,6,6,6,0,1,2,2,7,1,2,3,3,9,3,7,2,5,0,10,5,4,4,0,7,0,10,3,0,4,3,0,5,1,4,0,0,4,4,8,8,6,5,6,0,0,2,3,7,4,6,9,7,1,4,5
n480,8,2,9,0,5,2,1,3,9,0,7,4,2,7,0,10,10,3,0,7,0,0,2,6,2,3,1,2,9,9,5,2,5,0,0,6,6,6,8,1,2,2,7,1,0,3,0,9,3,7,2,5,1,10,5,4,4,0,7,0,10,3,0,4,3,0,5,1,4,0,0,0,4,8,8,6,5,6,0,0,2,3,7,4,6,9,7,1,4,5
n479,8,2,9,0,5,2,2,3,9,0,7,4,2,7,1,10,10,3,0,7,0,0,2,6,2,3,1,2,9,0,5,2,5,0,0,6,6,6,8,1,2,2,7,1,0,3,0,9,3,7,2,5,1,10,5,4,4,0,7,0,10,3,0,4,3,0,5,1,4,0,0,0,4,8,8,6,5,6,0,0,2,3,7,4,6,9,7,1,4,5
n488,8,2,9,10,0,2,2,3,9,5,7,4,9,7,0,9,10,7,7,7,10,7,2,0,6,3,1,2,3,3,5,2,5,7,8,0,7,6,0,1,3,2,7,1,9,8,0,9,3,7,2,5,0,10,5,4,4,4,0,1,10,3,7,4,3,6,5,1,4,4,0,2,4,8,8,0,5,6,0,5,2,1,10,4,6,9,7,1,4,5
n487,8,2,9,10,0,2,2,3,9,5,7,4,9,7,0,1,10,7,7,7,10,7,2,0,6,3,1,2,3,3,5,2,5,2,8,0,0,6,6,1,3,2,7,1,9,8,0,9,3,7,2,5,0,10,5,4,4,4,3,0,10,3,7,4,3,6,5,1,4,4,0,2,4,8,8,0,5,6,0,5,2,1,10,4,6,9,7,1,4,5
n490,8,2,9,10,9,2,2,3,9,0,7,4,9,7,5,3,10,7,7,7,10,7,2,4,0,3,1,2,0,0,5,2,5,0,8,0,0,6,0,1,0,2,7,1,9,8,7,9,3,7,2,5,8,10,5,4,4,4,0,0,10,3,0,4,3,6,5,1,4,4,0,2,4,8,8,0,5,6,3,5,2,1,0,4,6,9,7,1,4,5
n489,8,2,9,10,9,2,0,3,9,0,7,4,9,7,5,0,10,7,7,7,10,7,2,4,7,3,1,2,0,2,5,2,5,0,8,0,4,6,8,1,0,2,7,1,9,8,0,9,3,7,2,5,0,10,5,4,4,4,0,0,10,3,7,4,3,6,5,1,4,4,0,2,4,8,8,3,5,6,0,5,2,1,0,4,6,9,7,1,4,5
n494,8,2,9,0,0,2,8,3,9,0,7,4,9,7,0,6,10,0,1,7,10,7,2,6,6,3,1,2,3,3,5,2,5,0,6,0,0,6,0,1,0,2,7,1,10,2,0,9,3,7,2,5,7,10,5,4,4,4,4,10,10,3,0,4,3,6,5,1,4,4,0,0,4,8,8,1,5,6,0,0,2,1,0,4,6,9,7,1,4,5
n493,8,2,9,0,0,2,8,3,9,0,7,4,9,7,0,6,10,0,0,7,10,7,2,6,6,3,1,2,3,3,5,2,5,0,6,0,0,6,0,1,0,2,7,1,0,2,0,9,3,7,2,5,7,10,5,4,4,4,0,10,10,3,0,4,3,6,5,1,4,4,0,0,4,8,8,1,5,6,0,0,2,1,0,4,6,9,7,1,4,5
n496,8,2,9,0,0,2,8,3,9,2,7,4,9,7,0,0,10,0,0,7,10,7,2,6,0,3,1,2,3,0,5,2,5,8,0,0,0,6,0,1,0,2,7,1,0,0,4,9,3,7,2,5,3,10,5,4,4,4,0,10,10,3,3,4,3,6,5,1,4,4,0,0,4,8,8,0,5,6,4,0,2,1,6,4,6,9,7,1,4,5
n495,8,2,9,0,0,2,8,3,9,2,7,4,9,7,0,0,10,0,0,7,10,7,2,6,0,3,1,2,3,0,5,2,5,0,0,5,0,6,0,1,0,2,7,1,0,0,4,9,3,7,2,5,0,10,5,4,4,4,9,10,10,3,3,4,3,6,5,1,4,4,0,0,4,8,8,0,5,6,4,0,2,1,0,4,6,9,7,1,4,5
n502,8,2,9,0,0,2,4,3,9,0,7,4,9,7,6,0,10,0,0,7,0,0,2,0,0,3,1,2,4,0,5,2,5,0,3,0,0,6,1,1,0,2,7,1,8,5,0,9,3,7,2,5,6,10,5,4,4,4,0,9,10,3,0,4,3,6,5,1,4,0,1,1,4,8,8,0,5,6,8,8,2,1,7,4,6,9,7,1,4,5
n501,8,2,9,0,0,2,0,3,9,0,7,4,9,7,6,0,10,0,0,7,0,0,2,4,0,3,1,2,4,0,5,2,5,9,0,0,0,6,1,1,0,2,7,1,8,0,0,9,3,7,2,5,0,10,5,4,4,4,0,9,10,3,0,4,3,6,5,1,4,0,0,1,4,8,8,0,5,6,8,7,2,1,7,4,6,9,7,1,4,5
n504,8,2,9,0,0,2,0,3,9,1,7,4,9,7,6,0,10,0,0,7,1,8,2,0,4,3,1,2,9,0,5,2,5,0,9,0,0,6,1,1,0,2,7,1,8,0,1,9,3,7,2,5,0,10,5,4,4,4,0,9,10,3,0,4,3,6,5,1,4,0,7,1,4,8,8,0,5,6,8,1,2,1,7,4,6,9,7,1,4,5
n503,8,2,9,0,0,2,0,3,9,0,7,4,9,7,6,0,10,0,0,7,1,8,2,0,0,3,1,2,9,0,5,2,5,0,9,2,4,6,1,1,4,2,7,1,8,8,1,9,3,7,2,5,4,10,5,4,4,4,0,9,10,3,0,4,3,6,5,1,4,0,0,1,4,8,8,0,5,6,8,1,2,1,7,4,6,9,7,1,4,5
n508,8,2,9,9,5,2,3,3,9,4,7,4,9,7,4,0,10,6,3,7,3,0,2,0,10,3,1,2,10,2,5,2,5,1,9,8,5,6,0,1,1,2,7,1,0,1,0,9,3,7,2,5,8,10,5,4,4,4,10,9,10,3,0,4,3,6,5,1,4,0,0,0,4,8,8,4,5,6,8,0,2,1,7,4,6,9,7,1,4,5
n507,8,2,9,9,5,2,3,3,9,5,7,4,9,7,4,0,10,6,3,7,0,10,2,0,0,3,1,2,10,0,5,2,5,1,9,8,5,6,0,1,0,2,7,1,0,1,0,9,3,7,2,5,8,10,5,4,4,4,10,9,10,3,0,4,3,6,5,1,4,0,0,0,4,8,8,4,5,6,8,0,2,1,7,4,6,9,7,1,4,5
n510,8,2,9,0,2,2,0,3,9,0,7,4,9,7,0,0,10,6,3,7,0,0,2,1,1,3,1,2,10,7,5,2,5,1,9,8,0,6,5,1,5,2,7,1,0,1,0,9,3,7,2,5,8,10,5,4,4,4,10,9,10,3,0,4,3,6,5,1,4,0,0,0,4,8,8,4,5,6,8,0,2,1,7,4,6,9,7,1,4,5
n509,8,2,9,0,2,2,0,3,9,0,7,4,9,7,2,1,10,6,3,7,0,0,2,9,0,3,1,2,10,0,5,2,5,1,9,8,0,6,5,1,0,2,7,1,0,1,0,9,3,7,2,5,8,10,5,4,4,4,10,9,10,3,2,4,3,6,5,1,4,0,0,0,4,8,8,4,5,6,8,0,2,1,7,4,6,9,7,1,4,5
