cell,r1,r2,r3,r4,r5,r6,r7,r8,r9,r10,r11,r12,r13,r14,r15,r16,r17,r18,r19,r20,r21,r22,r23,r24,r25,r26,r27,r28,r29,r30
n16,7,5,4,7,9,6,3,0,3,2,3,4,8,6,0,3,0,6,8,0,4,5,9,10,7,7,8,5,6,3
n15,7,5,4,7,9,6,3,0,3,2,3,4,8,6,7,3,0,6,8,0,4,5,9,10,7,7,8,5,6,3
n18,7,5,4,7,9,6,3,8,3,2,3,4,8,6,0,3,0,6,8,0,4,5,9,10,7,7,8,5,6,3
n17,7,5,4,7,9,6,3,8,3,2,3,4,8,6,0,3,0,6,8,0,4,5,9,10,7,7,8,5,6,3
n22,7,5,4,7,9,6,10,4,3,2,3,4,8,6,0,3,0,6,8,0,4,5,9,10,7,7,8,5,6,3
n21,7,5,4,7,9,6,0,4,3,2,3,4,8,6,0,3,0,6,8,0,4,5,9,10,7,7,8,5,6,3
n24,7,5,4,7,9,6,0,4,3,2,3,4,8,6,9,3,0,6,8,0,4,5,9,10,7,7,8,5,6,3
n23,7,5,4,7,9,6,4,4,3,2,3,4,8,6,9,3,0,6,8,5,4,5,9,10,7,7,8,5,6,3
n30,7,4,4,7,9,6,2,10,3,2,3,4,8,6,2,3,6,6,8,10,4,5,9,10,7,7,8,5,6,3
n29,7,4,4,7,9,6,2,10,3,2,3,4,8,6,0,3,6,6,8,10,4,5,9,10,7,7,8,5,6,3
n32,7,4,4,7,9,6,3,10,3,2,3,4,8,6,3,3,0,6,8,10,4,5,9,10,7,7,8,5,6,3
n31,7,4,4,7,9,6,0,10,3,2,3,4,8,6,3,3,0,6,8,10,4,5,9,10,7,7,8,5,6,3
n36,7,0,4,7,9,6,0,10,3,2,3,4,8,6,2,3,0,6,8,0,4,5,9,10,7,7,8,5,6,3
n35,7,0,4,7,9,6,9,10,3,2,3,4,8,6,2,3,0,6,8,0,4,5,9,10,7,7,8,5,6,3
n38,7,3,4,7,9,6,0,10,3,2,3,4,8,6,0,3,0,6,8,0,4,5,9,10,7,7,8,5,6,3
n37,7,2,4,7,9,6,0,10,3,2,3,4,8,6,0,3,0,6,8,0,4,5,9,10,7,7,8,5,6,3
n46,7,6,4,7,9,6,1,2,3,2,3,4,8,6,8,2,0,6,4,1,4,5,3,10,7,7,8,10,6,3
n45,7,0,4,7,9,6,1,2,3,2,3,4,8,6,8,2,0,6,4,1,4,5,3,10,7,7,8,10,6,3
n48,7,8,4,7,9,6,1,2,3,2,3,4,8,6,8,2,0,6,0,1,4,5,3,10,7,7,8,10,6,3
n47,7,8,4,7,9,6,1,2,3,2,3,4,8,6,8,2,0,6,0,1,4,5,3,10,7,7,8,10,6,3
n52,7,0,4,7,9,6,0,2,3,2,3,4,8,6,8,2,2,6,5,1,4,5,3,10,7,7,8,10,6,3
n51,7,0,4,7,9,6,3,2,3,2,3,4,8,6,8,2,2,6,5,1,4,5,3,10,7,7,8,10,6,3
n54,7,0,4,7,9,6,0,2,3,2,3,4,8,6,8,2,0,6,0,1,4,5,3,10,7,7,8,10,6,3
n53,7,0,4,7,9,6,0,2,3,2,3,4,8,6,8,2,0,6,0,1,4,5,3,10,7,7,8,10,6,3
n60,7,8,4,7,9,6,0,2,3,2,3,4,8,6,2,0,5,6,0,1,4,5,3,10,7,7,8,7,6,3
n59,7,8,4,7,9,6,5,2,3,2,3,4,8,6,0,3,5,6,0,1,4,5,3,10,7,7,8,7,6,3
n62,7,0,4,7,9,6,0,2,3,2,3,4,8,6,0,2,5,6,6,1,4,5,3,10,7,7,8,7,6,3
n61,7,0,4,7,9,6,0,2,3,2,3,4,8,6,0,0,5,6,6,1,4,5,3,10,7,7,8,7,6,3
n66,7,10,4,7,9,6,4,2,3,2,3,4,8,6,0,0,5,6,0,1,4,5,3,10,7,7,8,0,6,3
n65,7,10,4,7,9,6,4,2,3,2,3,4,8,6,0,0,5,6,1,1,4,5,3,10,7,7,8,0,6,3
n68,7,0,4,7,9,6,4,2,3,2,3,4,8,6,6,10,5,6,0,1,4,5,3,10,7,7,8,0,6,3
n67,7,6,4,7,9,6,4,2,3,2,3,4,8,6,0,0,5,6,0,1,4,5,3,10,7,7,8,0,6,3
n78,7,2,4,7,9,6,1,4,3,2,6,4,8,6,7,10,7,6,0,2,10,5,0,10,7,7,8,10,6,3
n77,7,2,4,7,9,6,1,4,3,2,6,4,8,6,7,10,7,6,0,2,10,5,1,10,7,7,8,10,6,3
n80,7,2,4,7,9,6,1,4,3,2,0,4,8,6,7,10,7,6,7,2,10,5,0,10,7,7,8,10,6,3
n79,7,2,4,7,9,6,1,4,3,2,0,4,8,6,7,10,7,6,7,2,10,5,3,10,7,7,8,10,6,3
n84,7,0,4,7,9,6,1,4,3,2,0,4,8,6,7,10,7,6,2,2,10,5,0,10,7,7,8,10,6,3
n83,7,0,4,7,9,6,1,4,3,2,0,4,8,6,7,10,7,6,2,2,10,5,0,10,7,7,8,10,6,3
n86,7,5,4,7,9,6,1,4,3,2,0,4,8,6,7,10,7,6,2,2,10,5,3,10,7,7,8,10,6,3
n85,7,0,4,7,9,6,1,4,3,2,0,4,8,6,7,10,7,6,2,2,10,5,3,10,7,7,8,10,6,3
n92,7,1,4,7,9,6,0,4,3,2,0,4,8,6,7,10,7,6,9,2,5,5,0,10,7,7,8,6,6,3
n91,7,0,4,7,9,6,0,4,3,2,0,4,8,6,7,10,7,6,9,2,5,5,0,10,7,7,8,6,6,3
n94,7,0,4,7,9,6,7,4,3,2,0,4,8,6,7,10,7,6,9,2,0,5,0,10,7,7,8,6,6,3
n93,7,0,4,7,9,6,0,4,3,2,0,4,8,6,7,10,7,6,9,2,0,5,0,10,7,7,8,6,6,3
n98,7,1,4,7,9,6,4,4,3,2,0,4,8,6,7,10,7,6,9,2,0,5,0,10,7,7,8,6,6,3
n97,7,1,4,7,9,6,4,4,3,2,0,4,8,6,7,10,7,6,9,2,0,5,0,10,7,7,8,6,6,3
n100,7,1,4,7,9,6,4,4,3,2,7,4,8,6,7,10,7,6,9,2,0,5,4,10,7,7,8,6,6,3
n99,7,1,4,7,9,6,4,4,3,2,10,4,8,6,7,10,7,6,9,2,0,5,3,10,7,7,8,6,6,3
n108,7,3,4,7,9,6,0,4,3,2,2,4,8,6,3,3,7,6,9,2,7,5,3,10,7,7,8,8,6,3
n107,7,3,4,7,9,6,0,4,3,2,2,4,8,6,3,3,7,6,9,2,0,5,3,10,7,7,8,8,6,3
n110,7,3,4,7,9,6,0,4,3,2,2,4,8,6,3,3,7,6,9,0,8,5,0,10,7,7,8,8,6,3
n109,7,3,4,7,9,6,0,4,3,2,2,4,8,6,3,3,7,6,9,10,8,5,0,10,7,7,8,8,6,3
n114,7,3,4,7,9,6,9,4,3,2,6,4,8,6,0,8,7,6,5,0,1,5,0,10,7,7,8,8,6,3
n113,7,3,4,7,9,6,9,4,3,2,6,4,8,6,4,0,7,6,5,0,0,5,0,10,7,7,8,8,6,3
n116,7,3,4,7,9,6,0,4,3,2,6,4,8,6,0,0,7,6,5,0,0,5,0,10,7,7,8,8,6,3
n115,7,3,4,7,9,6,10,4,3,2,6,4,8,6,0,0,7,6,5,7,0,5,0,10,7,7,8,8,6,3
n122,7,0,4,7,9,6,0,4,3,2,0,4,8,6,0,0,7,6,4,0,3,5,7,10,7,7,8,8,6,3
n121,7,0,4,7,9,6,9,4,3,2,0,4,8,6,0,4,7,6,4,0,3,5,0,10,7,7,8,8,6,3
n124,7,6,4,7,9,6,0,4,3,2,0,4,8,6,3,0,7,6,4,10,3,5,0,10,7,7,8,8,6,3
n123,7,0,4,7,9,6,0,4,3,2,0,4,8,6,3,0,7,6,4,10,3,5,6,10,7,7,8,8,6,3
n128,7,5,4,7,9,6,3,4,3,2,5,4,8,6,0,2,7,6,0,0,3,5,0,10,7,7,8,8,6,3
n127,7,5,4,7,9,6,3,4,3,2,5,4,8,6,0,2,7,6,0,0,3,5,9,10,7,7,8,8,6,3
n130,7,0,4,7,9,6,3,4,3,2,5,4,8,6,0,2,7,6,4,0,3,5,0,10,7,7,8,8,6,3
n129,7,3,4,7,9,6,3,4,3,2,5,4,8,6,1,2,7,6,0,0,3,5,0,10,7,7,8,8,6,3
n142,7,0,6,7,9,6,0,4,1,2,9,4,8,6,4,7,2,6,2,4,0,5,9,10,7,0,8,0,6,3
n141,7,0,6,7,9,6,8,4,1,2,9,4,8,6,4,7,2,6,2,4,0,5,9,10,7,0,8,4,6,3
n144,7,0,6,7,9,6,6,4,1,2,9,4,8,6,4,7,2,6,2,4,0,5,9,10,7,0,8,0,6,3
n143,7,0,6,7,9,6,6,4,1,2,9,4,8,6,4,7,2,6,2,4,0,5,9,10,7,0,8,0,6,3
n148,7,1,6,7,9,6,0,4,1,2,9,4,8,6,0,7,2,6,2,4,8,5,9,10,7,7,8,0,6,3
n147,7,1,6,7,9,6,0,4,1,2,9,4,8,6,0,7,2,6,2,4,8,5,9,10,7,7,8,0,6,3
n150,7,0,6,7,9,6,0,4,1,2,9,4,8,6,0,7,2,6,2,4,0,5,9,10,7,0,8,3,6,3
n149,7,0,6,7,9,6,4,4,1,2,9,4,8,6,0,7,2,6,2,4,0,5,9,10,7,0,8,3,6,3
n156,7,2,6,7,9,6,7,9,1,2,9,4,8,6,8,7,2,6,2,4,10,5,9,10,7,6,8,2,6,3
n155,7,2,6,7,9,6,7,9,1,2,9,4,8,6,8,7,2,6,2,4,10,5,9,10,7,6,8,2,6,3
n158,7,2,6,7,9,6,7,9,1,2,9,4,8,6,8,7,2,6,2,4,0,5,9,10,7,0,8,2,6,3
n157,7,2,6,7,9,6,7,9,1,2,9,4,8,6,8,7,2,6,2,4,3,5,9,10,7,0,8,2,6,3
n162,7,0,6,7,9,6,7,2,1,2,9,4,8,6,8,7,2,6,2,4,0,5,9,10,7,0,8,2,6,3
n161,7,8,6,7,9,6,7,2,1,2,9,4,8,6,8,7,2,6,2,4,0,5,9,10,7,9,8,2,6,3
n164,7,1,6,7,9,6,7,0,1,2,9,4,8,6,8,7,2,6,2,4,0,5,9,10,7,0,8,2,6,3
n163,7,1,6,7,9,6,7,0,1,2,9,4,8,6,8,7,2,6,2,4,0,5,9,10,7,0,8,2,6,3
n172,7,8,6,7,9,6,3,8,1,2,9,4,8,6,4,7,2,6,2,4,1,5,9,10,7,0,8,4,6,3
n171,7,8,6,7,9,6,3,8,1,2,9,4,8,6,4,7,2,6,2,4,1,5,9,10,7,8,8,4,6,3
n174,7,8,6,7,9,6,3,8,1,2,9,4,8,6,4,7,2,6,2,4,1,5,9,10,7,3,8,4,6,3
n173,7,8,6,7,9,6,3,8,1,2,9,4,8,6,4,7,2,6,2,4,1,5,9,10,7,0,8,4,6,3
n178,7,8,6,7,9,6,3,8,1,2,9,4,8,6,4,7,2,6,2,4,1,5,9,10,7,3,8,4,6,3
n177,7,8,6,7,9,6,3,8,1,2,9,4,8,6,4,7,2,6,2,4,1,5,9,10,7,3,8,4,6,3
n180,7,8,6,7,9,6,3,8,1,2,9,4,8,6,4,7,2,6,2,4,1,5,9,10,7,10,8,4,6,3
n179,7,8,6,7,9,6,3,8,1,2,9,4,8,6,4,7,2,6,2,4,1,5,9,10,7,0,8,4,6,3
n186,7,6,6,7,9,6,9,8,1,2,9,4,8,6,4,7,2,6,2,4,3,5,9,10,7,4,8,4,6,3
n185,7,6,6,7,9,6,9,8,1,2,9,4,8,6,4,7,2,6,2,4,0,5,9,10,7,0,8,4,6,3
n188,7,6,6,7,9,6,9,8,1,2,9,4,8,6,4,7,2,6,2,4,0,5,9,10,7,0,8,4,6,3
n187,7,6,6,7,9,6,9,8,1,2,9,4,8,6,4,7,2,6,2,4,0,5,9,10,7,0,8,4,6,3
n192,7,6,6,7,9,6,9,8,1,2,9,4,8,6,4,7,2,6,2,4,10,5,9,10,7,2,8,4,6,3
n191,7,6,6,7,9,6,9,8,1,2,9,4,8,6,4,7,2,6,2,4,10,5,9,10,7,2,8,4,6,3
n194,7,6,6,7,9,6,9,8,1,2,9,4,8,6,4,7,2,6,2,4,0,5,9,10,7,4,8,4,6,3
n193,7,6,6,7,9,6,9,8,1,2,9,4,8,6,4,7,2,6,2,4,0,5,9,10,7,4,8,4,6,3
n204,7,6,0,7,9,6,10,8,1,2,5,4,8,6,10,7,2,6,2,4,9,5,9,10,7,0,8,2,6,3
n203,7,6,0,7,9,6,10,8,1,2,0,4,8,6,10,7,2,6,2,4,9,5,9,10,7,0,8,2,6,3
n206,7,6,0,7,9,6,10,8,1,2,0,4,8,6,10,7,2,6,2,4,9,5,9,10,7,0,8,2,6,3
n205,7,6,10,7,9,6,10,8,1,2,0,4,8,6,10,7,2,6,2,4,9,5,9,10,7,0,8,2,6,3
n210,7,6,0,7,9,6,10,8,1,2,1,4,8,6,10,7,2,6,2,4,9,5,9,10,7,0,8,10,6,3
n209,7,6,0,7,9,6,10,8,1,2,0,4,8,6,10,7,2,6,2,4,9,5,9,10,7,0,8,10,6,3
n212,7,6,0,7,9,6,10,8,1,2,10,4,8,6,10,7,2,6,2,4,9,5,9,10,7,0,8,0,6,3
n211,7,6,0,7,9,6,10,8,1,2,0,4,8,6,10,7,2,6,2,4,9,5,9,10,7,0,8,0,6,3
n218,7,6,6,7,9,6,10,8,1,2,5,4,8,6,10,7,2,6,2,4,9,5,9,10,7,3,8,7,6,3
n217,7,6,6,7,9,6,10,8,1,2,5,4,8,6,10,7,2,6,2,4,9,5,9,10,7,0,8,0,6,3
n220,7,6,6,7,9,6,10,8,1,2,5,4,8,6,10,7,2,6,2,4,9,5,9,10,7,0,8,0,6,3
n219,7,6,6,7,9,6,10,8,1,2,5,4,8,6,10,7,2,6,2,4,9,5,9,10,7,0,8,0,6,3
n224,7,6,6,7,9,6,10,8,1,2,5,4,8,6,10,7,2,6,2,4,9,5,9,10,7,0,8,0,6,3
n223,7,6,6,7,9,6,10,8,1,2,5,4,8,6,10,7,2,6,2,4,9,5,9,10,7,0,8,0,6,3
n226,7,6,6,7,9,6,10,8,1,2,5,4,8,6,10,7,2,6,2,4,9,5,9,10,7,0,8,0,6,3
n225,7,6,6,7,9,6,10,8,1,2,5,4,8,6,10,7,2,6,2,4,9,5,9,10,7,3,8,0,6,3
n234,7,6,0,7,9,6,0,9,1,2,5,4,8,6,0,7,2,6,2,4,8,5,9,10,7,5,8,6,6,3
n233,7,6,1,7,9,6,6,9,1,2,5,4,8,6,0,7,2,6,2,4,8,5,9,10,7,5,8,6,6,3
n236,7,6,10,7,9,6,0,8,1,2,5,4,8,6,4,7,2,6,2,4,8,5,9,10,7,5,8,6,6,3
n235,7,6,0,7,9,6,0,8,1,2,5,4,8,6,0,7,2,6,2,4,8,5,9,10,7,5,8,6,6,3
n240,7,6,0,7,9,6,0,0,1,2,5,4,8,6,0,7,2,6,2,4,8,5,9,10,7,5,8,9,6,3
n239,7,6,0,7,9,6,7,0,1,2,5,4,8,6,0,7,2,6,2,4,8,5,9,10,7,5,8,5,6,3
n242,7,6,0,7,9,6,0,5,1,2,5,4,8,6,0,7,2,6,2,4,8,5,9,10,7,5,8,0,6,3
n241,7,6,0,7,9,6,0,0,1,2,5,4,8,6,0,7,2,6,2,4,8,5,9,10,7,5,8,7,6,3
n248,7,6,7,7,9,6,5,0,1,2,5,4,8,6,0,7,2,6,2,4,8,5,9,10,7,5,8,8,6,3
n247,7,6,7,7,9,6,5,0,1,2,5,4,8,6,0,7,2,6,2,4,8,5,9,10,7,5,8,8,6,3
n250,7,6,7,7,9,6,0,7,1,2,5,4,8,6,0,7,2,6,2,4,8,5,9,10,7,5,8,8,6,3
n249,7,6,7,7,9,6,1,0,1,2,5,4,8,6,0,7,2,6,2,4,8,5,9,10,7,5,8,8,6,3
n254,7,6,0,7,9,6,0,7,1,2,5,4,8,6,7,7,2,6,2,4,8,5,9,10,7,5,8,8,6,3
n253,7,6,0,7,9,6,0,7,1,2,5,4,8,6,7,7,2,6,2,4,8,5,9,10,7,5,8,8,6,3
n256,7,6,0,7,9,6,0,7,1,2,5,4,8,6,7,7,2,6,2,4,8,5,9,10,7,5,8,8,6,3
n255,7,6,0,7,9,6,0,7,1,2,5,4,8,6,7,7,2,6,2,4,8,5,9,10,7,5,8,8,6,3
n270,8,1,7,7,9,5,7,0,1,2,4,4,8,6,6,8,5,6,9,3,0,5,4,10,7,5,8,8,6,3
n269,8,1,7,7,0,5,7,0,1,2,4,4,8,6,6,8,5,6,9,3,0,5,4,10,7,5,8,8,6,3
n272,8,1,7,7,10,5,7,2,1,2,4,4,8,6,6,8,5,6,9,3,2,5,4,10,7,5,8,8,6,3
n271,8,1,7,7,10,5,7,0,1,2,4,4,8,6,6,8,5,6,9,3,2,5,4,10,7,5,8,8,6,3
n276,8,1,4,7,7,5,7,8,1,2,4,4,8,6,6,8,5,6,9,3,0,5,4,10,7,5,8,8,6,3
n275,8,1,0,7,7,5,7,1,1,2,4,4,8,6,6,8,5,6,9,3,0,5,4,10,7,5,8,8,6,3
n278,8,1,2,7,7,5,7,0,1,2,4,4,8,6,6,8,5,6,9,3,2,5,4,10,7,5,8,8,6,3
n277,8,1,2,7,7,5,7,0,1,2,4,4,8,6,6,8,5,6,9,3,2,5,4,10,7,5,8,8,6,3
n284,8,1,10,7,0,5,7,9,1,2,4,4,8,6,6,8,5,6,9,3,0,5,4,10,7,5,8,8,6,3
n283,8,1,0,7,0,5,7,9,1,2,4,4,8,6,6,8,5,6,9,3,0,5,4,10,7,5,8,8,6,3
n286,8,1,0,7,0,5,7,9,1,2,4,4,8,6,6,8,5,6,9,3,0,5,4,10,7,5,8,8,6,3
n285,8,1,0,7,0,5,7,9,1,2,4,4,8,6,6,8,5,6,9,3,0,5,4,10,7,5,8,8,6,3
n290,8,1,0,7,0,5,7,7,1,2,4,4,8,6,6,8,5,6,9,3,2,5,4,10,7,5,8,8,6,3
n289,8,1,0,7,0,5,7,7,1,2,4,4,8,6,6,8,5,6,9,3,2,5,4,10,7,5,8,8,6,3
n292,8,1,0,7,0,5,7,0,1,2,4,4,8,6,6,8,5,6,9,3,2,5,4,10,7,5,8,8,6,3
n291,8,1,0,7,0,5,7,0,1,2,4,4,8,6,6,8,5,6,9,3,2,5,4,10,7,5,8,8,6,3
n300,8,0,7,7,0,5,7,3,1,2,4,4,8,6,6,8,5,4,9,3,7,5,4,10,7,2,8,3,6,3
n299,8,0,7,7,0,5,7,3,1,2,4,4,8,6,6,8,5,4,9,3,7,5,4,10,7,2,8,3,6,3
n302,8,0,7,7,0,5,7,0,1,2,4,4,8,6,6,8,5,4,9,3,7,5,4,10,7,2,8,3,6,3
n301,8,0,7,7,0,5,7,0,1,2,4,4,8,6,6,8,5,4,9,3,7,5,4,10,7,2,8,3,6,3
n306,8,0,0,7,10,5,7,5,1,2,4,4,8,6,6,8,5,4,9,3,7,5,4,10,7,4,8,3,6,3
n305,8,0,0,7,10,5,7,5,1,2,4,4,8,6,6,8,5,4,9,3,7,5,4,10,7,4,8,3,6,3
n308,8,0,9,7,10,5,7,5,1,2,4,4,8,6,6,8,5,4,9,3,7,5,4,10,7,0,8,3,6,3
n307,8,0,9,7,10,5,7,5,1,2,4,4,8,6,6,8,5,4,9,3,7,5,4,10,7,2,8,3,6,3
n314,8,3,0,7,4,5,7,2,1,2,4,4,8,6,6,8,5,0,9,3,7,5,4,10,7,0,8,3,6,3
n313,8,3,0,7,4,5,7,2,1,2,4,4,8,6,6,8,5,2,9,3,7,5,4,10,7,0,8,3,6,3
n316,8,3,0,7,4,5,7,2,1,2,4,4,8,6,6,8,5,5,9,3,7,5,4,10,7,0,8,3,6,3
n315,8,3,0,7,4,5,7,2,1,2,4,4,8,6,6,8,5,0,9,3,7,5,4,10,7,0,8,3,6,3
n320,8,8,0,7,9,5,7,2,1,2,4,4,8,6,6,8,5,8,9,3,7,5,4,10,7,0,8,3,6,3
n319,8,8,0,7,9,5,7,2,1,2,4,4,8,6,6,8,5,8,9,3,7,5,4,10,7,0,8,3,6,3
n322,8,8,0,7,0,5,7,2,1,2,4,4,8,6,6,8,5,0,9,3,7,5,4,10,7,0,8,3,6,3
n321,8,8,8,7,0,5,7,2,1,2,4,4,8,6,6,8,5,0,9,3,7,5,4,10,7,0,8,3,6,3
n332,4,3,1,7,6,5,7,3,1,2,7,4,8,6,6,8,5,9,9,3,8,0,4,10,7,4,8,0,6,3
n331,4,3,1,7,6,5,7,3,1,2,7,4,8,6,6,8,5,9,9,3,0,0,4,10,7,4,8,7,6,3
n334,4,3,1,7,6,5,7,3,1,2,7,4,8,6,6,8,5,9,9,3,0,0,4,10,7,4,8,0,6,3
n333,4,3,1,7,6,5,7,3,1,2,7,4,8,6,6,8,5,9,9,3,0,0,4,10,7,4,8,0,6,3
n338,4,3,1,7,6,5,7,0,1,2,7,4,8,6,6,8,5,9,9,3,4,7,4,10,7,4,8,9,6,3
n337,4,3,1,7,6,5,7,9,1,2,7,4,8,6,6,8,5,9,9,3,4,7,4,10,7,4,8,9,6,3
n340,4,3,1,7,6,5,7,0,1,2,7,4,8,6,6,8,5,9,9,3,0,0,4,10,7,4,8,9,6,3
n339,4,3,1,7,6,5,7,0,1,2,7,4,8,6,6,8,5,9,9,3,0,0,4,10,7,4,8,9,6,3
n346,4,3,0,7,0,5,7,7,1,2,1,4,8,6,6,8,5,9,9,3,0,8,4,10,7,0,8,0,6,3
n345,4,3,0,7,0,5,7,7,1,2,1,4,8,6,6,8,5,9,9,3,2,8,4,10,7,0,8,0,6,3
n348,4,3,0,7,4,5,7,7,1,2,1,4,8,6,6,8,5,9,9,3,9,8,4,10,7,4,8,3,6,3
n347,4,3,0,7,4,5,7,7,1,2,1,4,8,6,6,8,5,9,9,3,10,8,4,10,7,0,8,0,6,3
n352,4,3,8,7,0,5,7,0,1,2,1,4,8,6,6,8,5,9,9,3,0,8,4,10,7,6,8,0,6,3
n351,4,3,8,7,0,5,7,0,1,2,1,4,8,6,6,8,5,9,9,3,0,8,4,10,7,6,8,0,6,3
n354,4,3,0,7,6,5,7,0,1,2,1,4,8,6,6,8,5,9,9,3,3,8,4,10,7,0,8,2,6,3
n353,4,3,0,7,0,5,7,0,1,2,1,4,8,6,6,8,5,9,9,3,0,8,4,10,7,0,8,2,6,3
n362,4,0,9,7,8,5,7,8,1,2,2,4,8,6,6,8,5,9,9,3,3,1,10,10,7,0,8,2,6,3
n361,4,10,1,7,8,5,7,8,1,2,2,4,8,6,6,8,5,9,9,3,3,1,10,10,7,10,8,0,6,3
n364,4,0,7,7,0,5,7,8,1,2,2,4,8,6,6,8,5,9,9,3,3,1,10,10,7,5,8,0,6,3
n363,4,0,0,7,0,5,7,8,1,2,2,4,8,6,6,8,5,9,9,3,3,1,10,10,7,0,8,0,6,3
n368,4,0,8,7,8,5,7,4,1,2,2,4,8,6,6,8,5,9,9,3,0,1,10,10,7,5,8,0,6,3
n367,4,0,0,7,0,5,7,4,1,2,2,4,8,6,6,8,5,9,9,3,0,1,10,10,7,0,8,0,6,3
n370,4,5,10,7,8,5,7,0,1,2,2,4,8,6,6,8,5,9,9,3,1,1,10,10,7,0,8,0,6,3
n369,4,5,0,7,8,5,7,0,1,2,2,4,8,6,6,8,5,9,9,3,0,1,10,10,7,7,8,0,6,3
n376,4,9,0,7,4,5,7,2,1,2,6,4,8,6,6,8,5,9,9,3,5,6,7,10,7,0,8,4,6,3
n375,4,9,0,7,4,5,7,2,1,2,6,4,8,6,6,8,5,9,9,3,5,6,7,10,7,0,8,4,6,3
n378,4,9,0,7,4,5,7,2,1,2,6,4,8,6,6,8,5,9,9,3,5,6,7,10,7,7,8,4,6,3
n377,4,9,0,7,4,5,7,2,1,2,6,4,8,6,6,8,5,9,9,3,5,6,7,10,7,7,8,4,6,3
n382,4,9,0,7,4,5,7,2,1,2,6,4,8,6,6,8,5,9,9,3,5,0,7,10,7,4,8,4,6,3
n381,4,9,2,7,4,5,7,2,1,2,6,4,8,6,6,8,5,9,9,3,5,0,7,10,7,4,8,4,6,3
n384,4,9,0,7,4,5,7,2,1,2,6,4,8,6,6,8,5,9,9,3,5,9,7,10,7,4,8,4,6,3
n383,4,9,0,7,4,5,7,2,1,2,6,4,8,6,6,8,5,9,9,3,5,9,7,10,7,4,8,4,6,3
n396,7,0,2,7,6,7,7,4,1,2,0,4,8,6,5,8,5,10,5,3,8,4,10,10,7,10,8,0,6,3
n395,7,0,2,7,6,7,7,4,1,2,0,4,8,6,5,8,5,10,5,3,8,4,10,10,7,10,8,0,6,3
n398,7,0,2,7,0,7,7,4,1,2,0,4,8,6,5,8,5,10,5,3,8,0,0,10,7,10,8,8,6,3
n397,7,0,2,7,0,7,7,4,1,2,10,4,8,6,5,8,5,10,5,3,8,0,0,10,7,10,8,8,6,3
n402,6,0,2,7,0,7,7,4,1,2,0,4,8,6,5,8,5,8,5,3,8,6,0,10,7,10,8,0,6,3
n401,6,0,2,7,0,7,7,4,1,2,0,4,8,6,5,8,5,0,5,3,8,6,7,10,7,10,8,0,6,3
n404,6,0,2,7,2,7,7,4,1,2,2,4,8,6,5,8,5,6,5,3,8,3,0,10,7,10,8,0,6,3
n403,6,0,2,7,0,7,7,4,1,2,0,4,8,6,5,8,5,0,5,3,8,3,0,10,7,10,8,0,6,3
n410,0,0,2,7,4,7,7,4,1,2,4,4,8,6,5,8,5,8,5,3,8,5,0,10,7,0,8,10,6,3
n409,8,0,2,7,4,7,7,4,1,2,4,4,8,6,5,8,5,8,5,3,8,5,0,10,7,0,8,10,6,3
n412,0,0,2,7,4,7,7,4,1,2,4,4,8,6,5,8,5,8,5,3,8,5,0,10,7,4,8,10,6,3
n411,0,2,2,7,4,7,7,4,1,2,4,4,8,6,5,8,5,8,5,3,8,5,7,10,7,0,8,10,6,3
n416,1,0,2,7,4,7,7,4,1,2,4,4,8,6,5,8,5,5,5,3,8,5,0,10,7,0,8,0,6,3
n415,0,0,2,7,4,7,7,4,1,2,4,4,8,6,5,8,5,0,5,3,8,5,0,10,7,0,8,0,6,3
n418,10,0,2,7,4,7,7,4,1,2,4,4,8,6,5,8,5,8,5,3,8,5,0,10,7,0,8,8,6,3
n417,10,0,2,7,4,7,7,4,1,2,4,4,8,6,5,8,5,8,5,3,8,5,0,10,7,2,8,8,6,3
n426,9,7,0,7,8,7,7,4,1,2,0,4,8,6,8,8,5,1,1,3,6,7,0,10,7,0,8,9,6,3
n425,9,7,0,7,0,7,7,4,1,2,0,4,8,6,0,8,5,1,0,3,6,7,0,10,7,0,8,9,6,3
n428,0,7,10,7,0,7,7,4,1,2,0,4,8,6,0,8,5,6,0,3,6,0,10,10,7,2,8,9,6,3
n427,0,7,0,7,0,7,7,4,1,2,8,4,8,6,0,8,5,6,0,3,6,0,0,10,7,2,8,9,6,3
n432,9,7,0,7,0,7,7,4,1,2,0,4,8,6,0,8,5,0,0,3,6,9,1,10,7,6,8,9,6,3
n431,0,7,0,7,0,7,7,4,1,2,0,4,8,6,4,8,5,0,0,3,6,0,0,10,7,0,8,9,6,3
n434,0,7,6,7,0,7,7,4,1,2,5,4,8,6,0,8,5,0,6,3,6,0,0,10,7,7,8,9,6,3
n433,0,7,0,7,0,7,7,4,1,2,0,4,8,6,0,8,5,0,6,3,6,0,0,10,7,7,8,9,6,3
n440,8,9,0,7,0,7,7,4,1,2,0,4,8,6,0,8,5,9,8,3,2,5,9,10,7,0,8,9,6,3
n439,0,9,0,7,0,7,7,4,1,2,0,4,8,6,0,8,5,9,8,3,2,5,0,10,7,0,8,9,6,3
n442,0,1,5,7,7,7,7,4,1,2,0,4,8,6,0,8,5,9,8,3,2,5,0,10,7,8,8,9,6,3
n441,0,1,4,7,7,7,7,4,1,2,0,4,8,6,0,8,5,9,8,3,2,5,2,10,7,8,8,9,6,3
n446,0,0,0,7,0,7,7,4,1,2,1,4,8,6,10,8,5,6,10,3,2,5,10,10,7,8,8,9,6,3
n445,0,6,0,7,0,7,7,4,1,2,1,4,8,6,10,8,5,0,10,3,2,5,10,10,7,8,8,9,6,3
n448,0,0,4,7,0,7,7,4,1,2,1,4,8,6,1,8,5,0,0,3,2,5,0,10,7,8,8,9,6,3
n447,0,0,0,7,0,7,7,4,1,2,1,4,8,6,0,8,5,4,0,3,2,5,0,10,7,8,8,9,6,3
n458,8,0,0,7,9,7,7,1,1,2,0,4,8,6,0,8,5,8,6,3,9,2,6,10,7,7,8,3,6,3
n457,8,4,0,7,0,7,7,1,1,2,0,4,8,6,0,8,5,8,6,3,9,2,6,10,7,7,8,3,6,3
n460,8,5,0,7,0,7,7,1,1,2,0,4,8,6,0,8,5,8,6,3,9,2,6,10,7,7,8,3,6,3
n459,8,5,0,7,0,7,7,1,1,2,0,4,8,6,0,8,5,8,6,3,9,2,6,10,7,7,8,3,6,3
n464,8,7,0,7,1,7,7,0,1,2,3,4,8,6,7,8,5,8,6,3,9,2,9,10,7,7,8,3,6,3
n463,8,7,8,7,6,7,7,0,1,2,3,4,8,6,7,8,5,8,6,3,9,2,9,10,7,7,8,3,6,3
n466,8,7,9,7,0,7,7,0,1,2,0,4,8,6,7,8,5,2,6,3,9,2,9,10,7,7,8,3,6,3
n465,8,7,0,7,0,7,7,0,1,2,0,4,8,6,7,8,5,0,6,3,9,2,9,10,7,7,8,3,6,3
n472,8,8,0,7,3,7,7,0,1,2,2,4,8,6,6,8,5,8,7,3,8,2,9,10,7,0,8,3,6,3
n471,8,8,6,7,3,7,7,0,1,2,2,4,8,6,6,8,5,2,7,3,8,2,9,10,7,0,8,3,6,3
n474,8,8,0,7,3,7,7,5,1,2,2,4,8,6,6,8,5,4,7,3,8,2,9,10,7,0,8,3,6,3
n473,8,8,0,7,3,7,7,0,1,2,2,4,8,6,6,8,5,8,7,3,8,2,9,10,7,0,8,3,6,3
n478,8,4,0,7,1,7,7,5,1,2,2,4,8,6,6,8,5,2,7,3,8,2,0,10,7,5,8,3,6,3
n477,8,0,0,7,1,7,7,5,1,2,2,4,8,6,6,8,5,0,7,3,8,2,0,10,7,5,8,3,6,3
n480,8,0,0,7,1,7,7,2,1,2,2,4,8,6,6,8,5,0,7,3,8,2,0,10,7,7,8,3,6,3
n479,8,0,7,7,1,7,7,2,1,2,2,4,8,6,6,8,5,0,7,3,8,2,0,10,7,7,8,3,6,3
n488,1,0,0,7,6,7,7,5,1,2,9,4,8,6,0,8,5,6,7,3,1,9,4,10,7,0,8,9,6,3
n487,1,0,0,7,0,7,7,5,1,2,9,4,8,6,0,8,5,6,7,3,1,9,4,10,7,0,8,9,6,3
n490,0,1,0,7,3,7,7,0,1,2,9,4,8,6,0,8,5,0,7,3,1,9,4,10,7,0,8,9,6,3
n489,0,0,0,7,3,7,7,0,1,2,9,4,8,6,0,8,5,0,7,3,1,9,4,10,7,0,8,9,6,3
n494,0,0,0,7,0,7,7,5,1,2,6,4,8,6,2,8,5,6,7,3,1,9,4,10,7,1,8,9,6,3
n493,0,0,0,7,8,7,7,5,1,2,0,4,8,6,0,8,5,6,7,3,1,9,4,10,7,1,8,9,6,3
n496,0,0,4,7,0,7,7,3,1,2,0,4,8,6,0,8,5,0,7,3,1,9,4,10,7,1,8,9,6,3
n495,2,0,0,7,3,7,7,0,1,2,0,4,8,6,0,8,5,0,7,3,1,9,4,10,7,1,8,9,6,3
n502,0,5,0,7,7,7,7,0,1,2,0,4,8,6,0,8,5,9,7,3,1,1,4,10,7,9,8,3,6,3
n501,0,5,0,7,7,7,7,0,1,2,0,4,8,6,0,8,5,6,7,3,1,1,4,10,7,9,8,3,6,3
n504,0,0,0,7,7,7,7,0,1,2,0,4,8,6,0,8,5,0,7,3,1,0,4,10,7,0,8,3,6,3
n503,2,0,0,7,7,7,7,0,1,2,0,4,8,6,0,8,5,0,7,3,1,0,4,10,7,0,8,3,6,3
n508,0,0,4,7,7,7,7,0,1,2,0,4,8,6,0,8,5,4,7,3,1,0,4,10,7,1,8,0,6,3
n507,0,0,4,7,7,7,7,2,1,2,0,4,8,6,0,8,5,0,7,3,1,0,4,10,7,1,8,0,6,3
n510,9,0,4,7,7,7,7,0,1,2,0,4,8,6,0,8,5,8,7,3,1,2,4,10,7,0,8,0,6,3
n509,9,0,4,7,7,7,7,8,1,2,0,4,8,6,2,8,5,8,7,3,1,0,4,10,7,0,8,0,6,3
