cell,r1,r2,r3,r4,r5,r6,r7,r8,r9,r10,r11,r12,r13,r14,r15,r16,r17,r18,r19,r20,r21,r22,r23,r24,r25,r26,r27,r28,r29,r30,r31,r32,r33,r34,r35,r36,r37,r38,r39,r40,r41,r42,r43,r44,r45,r46,r47,r48,r49,r50,r51,r52,r53,r54,r55,r56,r57,r58,r59,r60,r61,r62,r63,r64,r65,r66,r67,r68,r69,r70,r71,r72,r73,r74,r75,r76,r77,r78,r79,r80,r81,r82,r83,r84,r85,r86,r87,r88,r89,r90
n16,3,5,1,7,4,0,8,1,0,6,7,8,3,0,7,8,2,7,6,2,1,7,0,3,1,1,4,6,2,9,4,8,1,5,10,9,5,6,0,7,8,10,0,10,3,6,5,8,4,6,2,7,10,9,6,9,5,3,0,1,4,3,6,1,7,8,8,5,3,2,1,2,10,7,1,9,0,2,6,4,6,2,4,2,7,8,6,2,0,3
n15,3,5,0,7,0,0,8,1,0,6,7,8,3,0,7,8,2,7,6,2,1,7,0,3,1,1,4,6,2,9,4,8,1,5,10,9,5,6,0,7,8,10,0,10,3,6,5,8,0,6,2,7,10,9,6,9,5,3,5,1,4,0,6,1,7,8,8,5,3,2,1,2,10,7,1,9,0,2,6,4,6,2,4,2,7,8,6,2,0,3
n18,3,5,4,7,8,0,8,1,0,6,0,8,3,0,7,8,2,7,6,2,1,7,0,3,1,1,4,6,0,9,4,8,1,5,10,0,5,6,5,7,8,10,0,10,3,6,5,8,0,6,2,7,10,9,6,0,5,3,5,1,4,0,6,1,7,8,8,5,0,2,1,2,10,7,0,9,0,2,6,4,6,2,4,2,7,8,6,2,0,3
n17,3,5,4,7,6,0,8,1,0,6,0,8,3,0,7,8,2,7,6,2,1,7,0,3,1,1,4,6,0,9,4,8,1,5,10,0,5,6,0,7,8,10,0,10,3,6,5,8,0,6,2,7,10,9,6,7,5,3,5,1,4,0,6,1,7,8,8,5,0,2,1,2,10,7,0,9,0,2,6,4,6,2,4,2,7,8,6,2,3,3
n22,3,5,2,7,0,3,8,1,0,6,1,8,3,6,7,8,2,7,6,2,1,7,0,3,1,1,4,6,0,9,4,8,1,5,10,3,0,6,0,7,8,10,1,10,3,6,5,8,0,6,2,7,9,9,6,0,5,3,2,1,4,10,6,1,7,8,8,0,0,2,1,2,10,7,0,9,6,2,6,4,6,2,4,2,7,8,6,2,1,3
n21,3,5,0,7,0,3,8,1,0,6,1,8,3,6,7,8,2,7,6,2,1,7,0,3,1,1,4,6,8,9,4,8,1,5,10,3,2,6,0,7,8,10,1,10,3,6,5,8,0,6,2,7,5,9,6,0,5,3,2,1,4,10,6,1,7,8,4,0,0,2,1,2,10,7,0,9,6,2,6,4,6,2,4,2,7,8,6,2,1,3
n24,3,5,0,7,0,3,8,1,8,6,1,8,3,0,7,8,2,7,6,2,1,7,0,3,1,1,4,6,6,9,4,8,1,5,10,3,9,6,0,7,8,10,0,10,3,6,5,8,7,6,2,7,6,9,6,0,5,3,0,1,4,8,6,1,7,8,8,4,0,2,1,2,10,7,0,9,6,2,6,4,6,2,4,2,7,8,6,2,1,3
n23,3,5,0,7,3,3,8,1,8,6,1,8,3,0,7,8,2,7,6,2,1,7,0,3,1,1,4,6,6,9,4,8,1,5,10,3,9,6,0,7,8,10,0,10,3,6,5,8,7,6,2,7,0,9,6,6,5,3,0,1,4,0,6,1,7,8,8,4,10,2,1,2,10,7,2,9,6,2,6,4,6,2,4,2,7,8,6,2,1,3
n30,3,8,2,7,9,0,1,1,0,6,0,8,3,0,7,8,2,7,6,2,1,7,0,3,1,1,4,6,9,9,4,8,1,5,10,0,9,6,0,7,7,10,9,3,3,10,5,8,5,6,2,7,7,9,5,7,5,3,9,1,4,0,6,1,7,8,0,0,0,2,0,2,10,7,0,9,7,2,6,4,6,2,4,2,7,8,6,2,5,3
n29,3,0,0,7,9,0,1,1,0,6,0,8,3,0,7,8,2,7,6,2,1,7,0,3,1,1,4,6,9,9,4,8,1,5,10,0,9,6,0,7,7,10,9,3,3,10,5,8,5,6,2,7,7,9,5,7,5,3,9,1,4,0,6,1,7,8,0,0,9,2,0,2,10,7,0,9,7,2,6,4,6,2,4,2,7,8,6,2,5,3
n32,3,7,4,7,9,0,1,1,0,6,8,8,3,4,7,8,2,7,6,2,1,7,8,3,1,1,4,6,9,9,4,8,1,5,10,0,9,6,10,7,7,10,9,3,3,10,5,8,5,6,2,7,0,9,5,7,5,3,9,1,4,0,6,1,7,8,1,0,0,2,0,2,10,7,0,9,7,2,6,4,6,2,4,2,7,8,6,2,5,3
n31,3,0,4,7,9,0,1,1,0,6,8,8,3,4,7,8,2,7,6,2,1,7,0,3,1,1,4,6,9,9,4,8,1,5,10,2,9,6,10,7,7,10,9,3,3,10,5,8,5,6,2,7,0,9,5,7,5,3,9,1,4,0,6,1,7,8,0,0,0,2,0,2,10,7,6,9,7,2,6,4,6,2,4,2,7,8,6,2,5,3
n36,3,4,1,7,9,10,0,1,0,6,2,8,3,0,7,8,2,7,6,2,1,7,0,3,1,1,4,6,9,9,4,8,1,5,10,0,9,6,0,7,3,10,9,0,3,10,5,8,1,6,2,7,6,9,5,1,5,3,9,1,4,2,6,1,7,8,5,0,0,2,3,2,10,7,0,9,9,2,6,4,6,2,4,2,7,8,6,2,0,3
n35,3,4,0,7,9,0,0,1,9,6,0,8,3,0,7,8,2,7,6,2,1,7,0,3,1,1,4,6,9,9,4,8,1,5,10,3,9,6,0,7,3,10,9,0,3,10,5,8,1,6,2,7,6,9,5,1,5,3,9,1,4,3,6,1,7,8,5,0,0,2,3,2,10,7,0,9,9,2,6,4,6,2,4,2,7,8,6,2,0,3
n38,3,3,5,7,9,5,0,1,0,6,0,8,3,9,7,8,2,7,6,2,1,7,6,3,1,1,4,6,9,9,4,8,1,5,10,6,9,6,0,7,0,10,9,0,3,10,5,8,0,6,2,7,6,9,5,1,5,3,9,1,4,3,6,1,7,8,5,0,0,2,0,2,10,7,0,9,9,2,6,4,6,2,4,2,7,8,6,2,0,3
n37,3,3,5,7,9,5,10,1,0,6,0,8,3,9,7,8,2,7,6,2,1,7,2,3,1,1,4,6,9,9,4,8,1,5,10,6,9,6,0,7,0,10,9,8,3,10,5,8,0,6,2,7,6,9,5,1,5,3,9,1,4,3,6,1,7,8,5,5,1,2,0,2,10,7,0,9,9,2,6,4,6,2,4,2,7,8,6,2,0,3
n46,3,5,7,7,8,6,9,1,0,6,0,8,3,6,1,8,2,7,3,2,1,7,0,3,1,1,4,6,10,9,4,8,1,5,10,7,8,6,10,7,7,4,5,4,3,0,5,5,0,6,2,0,0,9,10,0,5,3,5,1,4,0,6,1,7,8,6,7,4,2,7,2,10,7,10,9,8,0,0,4,6,2,4,2,7,8,6,0,5,3
n45,3,5,7,7,8,6,9,1,0,6,0,8,3,6,1,8,2,7,3,2,1,7,4,3,1,1,4,6,10,9,4,8,1,5,10,7,8,6,10,7,0,4,5,4,3,0,5,0,0,6,2,0,0,9,10,0,5,3,5,1,4,0,6,1,7,8,6,0,4,2,7,2,10,7,10,9,8,0,5,4,6,2,4,2,7,8,6,0,7,3
n48,3,5,7,7,8,6,9,1,0,6,0,8,3,6,1,8,2,7,3,2,1,7,0,3,1,1,4,6,10,9,4,8,1,5,10,7,8,6,10,7,0,4,5,0,3,0,5,0,0,6,2,0,0,9,10,0,5,3,5,1,4,1,6,1,7,8,6,0,4,2,7,2,10,7,0,9,8,0,0,4,6,2,4,2,7,8,6,0,2,3
n47,3,5,7,7,8,6,9,1,0,6,2,8,3,6,1,8,2,7,3,2,1,7,1,3,1,1,4,6,10,9,4,8,1,5,10,7,8,6,10,7,0,4,5,5,3,0,5,0,0,6,2,0,0,9,10,0,5,3,5,1,4,0,6,1,7,8,6,0,4,2,7,2,10,7,0,9,8,5,0,4,6,2,4,2,7,8,6,0,0,3
n52,3,5,7,7,8,6,9,1,9,6,4,8,3,6,1,8,2,7,3,2,1,7,5,3,1,1,4,6,3,9,4,8,1,5,10,7,0,6,7,7,0,4,0,0,3,0,5,0,0,6,2,0,0,9,0,0,5,3,5,1,4,0,6,1,7,8,0,0,4,2,7,2,10,7,3,9,8,0,6,4,6,2,4,2,7,8,6,0,0,3
n51,3,5,7,7,8,6,9,1,9,6,0,8,3,6,1,8,2,7,3,2,1,7,5,3,1,1,4,6,3,9,4,8,1,5,10,7,10,6,7,7,0,4,0,10,3,0,5,0,0,6,2,0,0,9,0,0,5,3,5,1,4,0,6,1,7,8,6,0,4,2,7,2,10,7,3,9,8,0,6,4,6,2,4,2,7,8,6,0,0,3
n54,3,5,7,7,8,6,9,1,9,6,0,8,3,6,1,8,2,7,3,2,1,7,5,3,1,1,4,6,0,9,4,8,1,5,10,7,4,6,7,7,0,4,0,0,3,1,5,0,0,6,2,0,10,9,0,0,5,3,5,1,4,8,6,1,7,8,0,0,4,2,7,2,10,7,1,9,8,5,6,4,6,2,4,2,7,8,6,0,0,3
n53,3,5,7,7,8,6,9,1,9,6,0,8,3,6,1,8,2,7,3,2,1,7,5,3,1,1,4,6,4,9,4,8,1,5,10,7,4,6,7,7,0,4,0,0,3,4,5,0,0,6,2,0,0,9,0,0,5,3,5,1,4,8,6,1,7,8,2,0,4,2,7,2,10,7,1,9,8,3,6,4,6,2,4,2,7,8,6,0,0,3
n60,3,5,7,7,3,0,9,1,2,6,5,8,3,6,1,8,2,7,3,2,1,7,0,3,1,1,4,6,0,9,4,8,1,5,10,2,9,6,6,7,0,1,0,6,3,6,5,7,3,6,2,4,0,9,1,0,5,3,0,1,4,0,6,1,7,8,0,0,4,2,7,2,10,7,0,9,8,0,0,4,6,2,4,2,7,8,6,7,0,3
n59,3,5,7,7,3,0,9,1,2,6,4,8,3,6,1,8,2,7,3,2,1,7,0,3,1,1,4,6,0,9,4,8,1,5,10,2,9,6,6,7,3,1,0,6,3,6,5,7,3,6,2,10,1,9,1,0,5,3,6,1,4,0,6,1,7,8,0,0,4,2,7,2,10,7,0,9,8,2,0,4,6,2,4,2,7,8,6,7,5,3
n62,3,8,7,7,3,10,9,1,0,6,0,8,3,6,1,8,2,7,3,2,1,7,0,3,1,1,4,6,5,9,4,8,1,5,10,2,9,6,6,7,10,1,0,8,3,6,5,7,3,6,2,0,0,9,1,3,5,3,0,1,4,0,6,1,7,8,7,4,4,2,7,2,10,7,4,9,8,0,0,4,6,2,4,2,7,8,6,9,1,3
n61,3,8,7,7,3,10,9,1,0,6,0,8,3,6,1,8,2,7,3,2,1,7,0,3,1,1,4,6,5,9,4,8,1,5,10,2,9,6,6,7,10,1,0,8,3,6,5,7,3,6,2,0,0,9,1,3,5,3,0,1,4,0,6,1,7,8,7,0,4,2,7,2,10,7,4,9,8,0,0,4,6,2,4,2,7,8,6,4,1,3
n66,3,5,7,7,3,0,9,1,3,6,0,8,3,6,1,8,2,7,3,2,1,7,7,3,1,1,4,6,0,9,4,8,1,5,10,2,9,6,6,7,6,1,0,0,3,6,5,7,0,6,2,10,6,9,1,0,5,3,2,1,4,0,6,1,7,8,0,0,4,2,7,2,10,7,0,9,8,2,8,4,6,2,4,2,7,8,6,1,2,3
n65,3,5,7,7,3,0,9,1,3,6,0,8,3,6,1,8,2,7,3,2,1,7,7,3,1,1,4,6,0,9,4,8,1,5,10,2,9,6,6,7,6,1,0,0,3,6,5,7,0,6,2,10,0,9,1,0,5,3,2,1,4,0,6,1,7,8,0,6,4,2,7,2,10,7,0,9,8,2,8,4,6,2,4,2,7,8,6,1,2,3
n68,3,0,7,7,3,0,9,1,3,6,8,8,3,6,1,8,2,7,3,2,1,7,7,3,1,1,4,6,0,9,4,8,1,5,10,2,9,6,6,7,6,1,1,0,3,6,5,7,5,6,2,10,0,9,1,0,5,3,0,1,4,0,6,1,7,8,0,4,4,2,7,2,10,7,0,9,8,0,0,4,6,2,4,2,7,8,6,1,4,3
n67,3,2,7,7,3,0,9,1,3,6,0,8,3,6,1,8,2,7,3,2,1,7,7,3,1,1,4,6,0,9,4,8,1,5,10,2,9,6,6,7,6,1,0,0,3,6,5,7,0,6,2,10,0,9,1,0,5,3,8,1,4,0,6,1,7,8,9,4,4,2,7,2,10,7,0,9,8,0,0,4,6,2,4,2,7,8,6,1,4,3
n78,3,10,0,7,2,0,0,1,0,6,8,8,4,7,4,8,1,5,0,2,1,7,0,3,1,1,4,6,4,9,0,8,1,5,7,1,6,0,10,7,6,2,7,7,3,5,5,0,8,6,2,5,4,9,7,5,4,3,2,1,10,7,6,1,7,7,6,0,8,2,4,2,10,9,0,9,0,5,4,4,6,0,4,2,7,8,6,3,0,3
n77,3,10,0,7,2,9,0,1,0,6,8,8,4,7,4,8,1,5,0,2,1,7,10,3,1,1,4,6,4,9,0,8,1,5,7,1,6,0,10,7,6,2,7,7,3,5,5,0,0,6,2,5,4,9,7,5,4,3,2,1,10,7,6,1,7,0,6,0,0,2,4,2,10,9,0,9,0,5,4,4,6,0,4,2,7,8,6,3,0,3
n80,3,10,1,7,2,0,1,1,0,6,8,8,4,0,4,8,1,5,0,2,1,7,0,3,1,1,4,6,4,9,0,8,1,5,10,1,6,3,10,7,3,2,7,7,3,5,5,0,0,6,2,0,4,9,7,5,4,3,2,1,0,7,6,1,7,5,6,0,0,2,4,2,10,9,0,9,0,5,4,4,6,0,4,2,7,8,6,3,0,0
n79,3,10,0,7,2,0,1,1,0,6,8,8,4,0,4,8,1,5,0,2,1,7,0,3,1,1,4,6,4,9,0,8,1,5,0,1,6,3,10,7,3,2,7,7,3,5,5,0,0,6,2,0,4,9,7,5,4,3,2,1,0,7,6,1,7,0,6,0,0,2,4,2,10,9,0,9,9,5,4,4,6,0,4,2,7,8,6,3,0,0
n84,3,10,8,7,2,0,4,1,10,6,8,8,4,0,4,8,1,0,10,2,1,7,3,3,1,1,4,6,4,9,3,8,1,5,6,1,6,0,10,7,10,2,7,7,3,5,5,2,0,6,2,0,4,9,7,5,4,3,2,1,5,0,6,1,7,1,6,0,0,2,4,2,10,9,0,9,0,5,4,4,6,4,4,2,7,8,6,3,0,8
n83,3,10,0,7,2,0,4,1,10,6,8,8,4,0,4,8,1,3,10,2,1,7,8,3,1,1,4,6,4,9,0,8,1,5,1,1,6,0,10,7,10,2,7,7,3,5,5,0,0,6,2,0,4,9,7,5,4,3,2,1,5,0,6,1,7,1,6,0,0,2,4,2,10,9,0,9,0,5,4,4,6,4,4,2,7,8,6,3,0,0
n86,3,10,0,7,2,0,4,1,2,6,8,8,4,0,4,8,1,4,10,2,1,7,0,3,1,1,4,6,4,9,0,8,1,5,0,1,6,0,10,7,10,2,7,7,3,5,5,8,0,6,2,0,4,9,7,5,4,3,2,1,5,2,6,1,7,1,6,0,7,2,4,2,10,9,2,9,8,5,4,4,6,4,4,2,7,8,6,3,3,0
n85,3,10,1,7,2,0,4,1,0,6,8,8,4,0,4,8,1,0,10,2,1,7,0,3,1,1,4,6,4,9,0,8,1,5,9,1,6,0,10,7,10,2,7,7,3,5,5,0,0,6,2,0,4,9,7,5,4,3,2,1,5,2,6,1,7,1,6,0,7,2,4,2,10,9,2,9,0,5,4,4,6,4,4,2,7,8,6,3,3,0
n92,3,10,0,7,2,9,8,1,5,6,8,8,4,8,3,8,1,0,5,2,1,7,0,3,1,1,4,6,3,9,4,8,1,5,3,1,9,2,10,7,0,6,7,0,3,0,5,8,10,6,2,0,8,9,7,5,4,3,2,1,8,5,6,1,7,1,0,10,0,2,4,2,10,9,0,9,0,5,2,4,6,4,4,2,7,8,6,3,7,0
n91,3,10,0,7,2,9,8,1,5,6,8,8,4,8,3,8,1,0,5,2,1,7,0,3,1,1,4,6,3,9,4,8,1,5,3,1,9,6,10,7,9,6,7,0,3,1,5,8,10,6,2,0,8,9,7,5,4,3,2,1,8,5,6,1,7,1,0,10,0,2,4,2,10,9,0,9,0,5,2,4,6,0,4,2,7,8,6,3,7,0
n94,3,10,2,7,2,3,8,1,5,6,8,8,4,5,3,8,1,0,0,2,1,7,9,3,1,1,4,6,3,9,4,8,1,5,2,1,0,0,10,7,0,0,0,0,3,0,5,0,10,6,2,0,8,9,7,5,4,3,2,1,8,5,6,1,7,1,0,10,10,2,4,2,10,9,0,9,0,5,0,4,6,0,4,2,7,8,6,3,7,0
n93,3,10,2,7,2,1,8,1,5,6,8,8,4,5,3,8,1,5,0,2,1,7,0,3,1,1,4,6,3,9,4,8,1,5,2,1,0,0,10,7,0,0,0,0,3,0,5,8,10,6,2,0,8,9,7,5,4,3,2,1,8,5,6,1,7,1,0,10,10,2,4,2,10,9,0,9,0,5,0,4,6,0,4,2,7,8,6,3,7,0
n98,3,10,5,7,2,10,8,1,0,6,8,8,4,9,3,8,1,9,7,2,1,7,0,3,1,1,4,6,0,9,5,8,1,5,5,1,6,2,10,7,0,2,5,0,3,0,5,4,9,6,2,0,8,9,7,5,4,3,2,1,8,7,6,1,7,1,0,0,1,2,4,2,10,9,0,9,0,5,0,4,6,0,4,2,7,8,6,3,0,9
n97,3,10,5,7,2,10,8,1,0,6,8,8,4,0,3,8,1,9,7,2,1,7,0,3,1,1,4,6,0,9,5,8,1,5,5,1,6,0,10,7,0,2,5,0,3,0,5,4,9,6,2,0,8,9,7,5,4,3,2,1,8,7,6,1,7,1,0,2,0,2,4,2,10,9,0,9,0,5,0,4,6,0,4,2,7,8,6,3,0,9
n100,3,10,0,7,2,8,8,1,4,6,8,8,4,0,3,8,1,6,7,2,1,7,0,3,1,1,4,6,1,9,3,8,1,5,5,1,0,0,10,7,0,2,5,3,3,0,5,9,9,6,2,0,8,9,7,5,4,3,2,1,8,7,6,1,7,1,6,0,0,2,4,2,10,9,0,9,0,5,8,4,6,0,4,2,7,8,6,3,0,9
n99,3,10,0,7,2,0,8,1,3,6,8,8,4,0,3,8,1,6,7,2,1,7,0,3,1,1,4,6,1,9,3,8,1,5,5,1,2,0,10,7,0,2,5,3,3,0,5,9,9,6,2,0,8,9,7,5,4,3,2,1,8,7,6,1,7,1,6,0,5,2,4,2,10,9,0,9,1,5,8,4,6,0,4,2,7,8,6,3,0,9
n108,3,1,0,7,8,8,0,1,0,6,8,8,3,4,3,8,1,7,9,2,1,7,9,3,1,1,4,6,5,9,8,8,1,5,6,1,0,0,0,7,0,7,0,0,3,7,5,3,6,6,2,10,10,9,2,10,5,3,2,1,3,9,6,1,7,2,0,0,0,2,4,2,10,9,8,9,0,5,6,4,6,3,4,2,7,8,6,0,0,9
n107,3,1,0,7,8,8,0,1,0,6,8,8,3,4,0,8,1,7,0,2,1,7,9,3,1,1,4,6,5,9,8,8,1,5,6,1,2,0,6,7,0,7,0,0,3,7,5,3,6,6,2,10,10,9,2,10,5,3,2,1,3,9,6,1,7,2,0,0,0,2,4,2,10,9,8,9,2,5,6,4,6,3,4,2,7,8,6,10,0,9
n110,3,0,0,7,6,8,0,1,0,6,8,8,3,4,0,8,1,7,0,2,1,7,9,3,1,1,4,6,5,9,8,8,1,5,6,1,0,7,0,7,3,7,0,0,3,0,5,3,0,6,2,10,10,9,2,10,5,3,2,1,3,0,6,1,7,2,3,0,9,2,4,2,10,9,8,9,0,0,6,4,6,3,4,2,7,8,6,0,7,6
n109,3,0,0,7,6,8,6,1,0,6,8,8,3,4,0,8,1,7,0,2,1,7,9,3,1,1,4,6,5,9,8,8,1,5,6,1,0,7,0,7,3,7,0,0,3,0,5,3,0,6,2,10,10,9,2,10,5,3,2,1,3,8,6,1,7,2,3,0,9,2,4,2,10,9,8,9,0,6,6,4,6,3,4,2,7,8,6,0,0,6
n114,3,5,8,7,7,8,0,1,0,6,8,8,3,0,0,8,1,7,0,2,1,7,6,3,1,1,4,6,5,9,8,8,1,5,0,1,0,1,0,7,10,7,0,2,3,0,5,3,0,6,2,10,0,9,8,10,5,3,2,1,0,4,6,1,7,2,0,0,1,2,4,2,10,9,8,9,8,0,6,4,6,3,4,2,7,8,6,0,7,6
n113,3,5,3,7,7,8,0,1,2,6,8,8,3,0,0,8,1,7,0,2,1,7,6,3,1,1,4,6,5,9,8,8,1,5,0,1,0,1,0,7,10,7,0,0,3,7,5,3,0,6,2,10,0,9,8,10,5,3,2,1,0,4,6,1,7,2,2,0,1,2,4,2,10,9,8,9,8,0,6,4,6,3,4,2,7,8,6,0,7,6
n116,3,5,0,7,9,8,0,1,1,6,8,8,3,2,0,8,1,7,0,2,1,7,6,3,1,1,4,6,5,9,8,8,1,5,0,1,0,1,0,7,10,7,0,0,3,5,5,3,6,6,2,10,6,9,6,10,5,3,2,1,0,4,6,1,7,2,0,5,0,2,4,2,10,9,8,9,8,2,6,4,6,3,4,2,7,8,6,0,0,6
n115,3,5,0,7,9,8,7,1,0,6,8,8,3,0,0,8,1,7,0,2,1,7,6,3,1,1,4,6,5,9,8,8,1,5,0,1,0,1,0,7,10,7,0,7,3,5,5,3,6,6,2,10,0,9,0,10,5,3,2,1,0,4,6,1,7,2,0,7,0,2,4,2,10,9,8,9,8,2,6,4,6,3,4,2,7,8,6,0,0,6
n122,3,8,0,7,0,3,10,1,0,6,8,8,10,4,0,8,1,0,7,2,1,7,0,3,1,1,4,6,5,9,6,8,1,5,0,1,0,0,0,7,0,0,4,0,3,2,5,0,6,6,2,3,7,9,4,10,5,3,2,1,4,10,6,1,7,10,0,0,8,2,4,2,10,9,10,9,0,0,6,4,6,3,4,2,7,8,6,0,7,2
n121,3,8,0,7,9,3,10,1,0,6,8,8,10,4,0,8,1,0,7,2,1,7,0,3,1,1,4,6,5,9,6,8,1,5,0,1,0,0,0,7,0,0,4,6,3,2,5,0,6,6,2,3,7,9,4,10,5,3,2,1,0,0,6,1,7,10,0,0,8,2,4,2,10,9,0,9,0,0,6,4,6,3,4,2,7,8,6,0,7,2
n124,3,8,7,7,6,3,10,1,0,6,8,8,10,4,0,8,1,3,7,2,1,7,8,3,1,1,4,6,5,9,0,8,1,5,0,1,3,0,0,7,0,2,4,0,3,0,5,0,6,6,2,0,7,9,4,10,5,3,2,1,9,0,6,1,7,10,0,10,8,2,4,2,10,9,0,9,4,0,6,4,6,3,4,2,7,8,6,2,7,9
n123,3,8,7,7,6,3,10,1,0,6,8,8,10,4,0,8,1,3,7,2,1,7,8,3,1,1,4,6,5,9,0,8,1,5,0,1,3,0,0,7,10,2,4,0,3,0,5,0,6,6,2,0,7,9,4,10,5,3,2,1,9,3,6,1,7,10,0,10,8,2,4,2,10,9,0,9,4,0,6,4,6,3,4,2,7,8,6,0,7,0
n128,3,8,0,7,0,0,2,1,0,6,8,8,10,4,6,8,1,5,0,2,1,7,0,3,1,1,4,6,5,9,0,8,1,5,7,1,3,0,0,7,8,3,0,0,3,9,5,2,6,6,2,5,7,9,0,10,5,3,2,1,0,1,6,1,7,10,6,5,7,2,4,2,10,9,0,9,5,2,6,4,6,3,4,2,7,8,6,0,6,0
n127,3,8,0,7,0,0,9,1,0,6,8,8,10,4,0,8,1,5,0,2,1,7,5,3,1,1,4,6,5,9,10,8,1,5,7,1,3,4,0,7,8,3,0,0,3,9,5,2,6,6,2,0,7,9,0,10,5,3,2,1,0,1,6,1,7,10,6,0,7,2,4,2,10,9,0,9,0,2,6,4,6,3,4,2,7,8,6,0,6,0
n130,3,8,6,7,0,0,7,1,0,6,8,8,10,4,3,8,1,5,0,2,1,7,0,3,1,1,4,6,5,9,0,8,1,5,0,1,3,0,9,7,8,3,0,0,3,9,5,2,6,6,2,0,7,9,6,10,5,3,2,1,0,0,6,1,7,10,6,5,7,2,4,2,10,9,0,9,0,2,6,4,6,3,4,2,7,8,6,4,6,0
n129,3,8,6,7,2,0,0,1,0,6,8,8,10,4,3,8,1,5,0,2,1,7,0,3,1,1,4,6,5,9,0,8,1,5,7,1,3,0,0,7,8,3,0,10,3,9,5,2,6,6,2,0,7,9,6,10,5,3,2,1,0,0,6,1,7,10,6,5,7,2,4,2,10,9,0,9,0,2,6,4,6,3,4,2,7,8,6,4,6,0
n142,3,6,0,8,0,5,0,1,10,6,5,8,2,8,0,8,0,2,0,2,1,1,8,3,1,1,4,6,1,9,7,4,1,0,5,0,7,6,1,7,4,3,0,4,3,2,0,0,0,6,2,7,7,8,2,3,4,3,8,1,5,0,6,1,7,2,0,10,0,2,9,2,10,7,0,9,9,10,10,7,6,0,4,1,7,8,6,3,6,1
n141,3,6,0,8,0,5,0,1,10,6,5,8,2,8,0,8,4,2,0,2,1,1,8,3,1,1,4,6,1,9,7,4,1,0,5,0,7,6,1,7,4,0,0,4,3,2,0,0,0,6,2,7,7,8,2,3,4,3,8,1,5,0,6,1,7,0,0,10,0,2,9,2,10,7,0,9,9,10,10,7,6,4,4,1,7,8,6,3,6,1
n144,3,6,3,8,0,5,0,1,10,6,5,8,2,8,2,8,5,2,0,2,1,1,8,3,1,1,4,6,1,9,7,4,1,10,5,0,6,6,1,10,4,0,0,4,3,2,1,0,0,6,2,7,7,0,2,3,4,3,8,1,5,6,6,1,7,10,0,10,2,2,9,2,10,7,0,9,9,10,10,7,6,3,4,1,7,8,6,3,6,0
n143,3,6,0,8,0,5,0,1,10,6,5,8,2,8,2,8,0,2,0,2,1,1,8,3,1,1,4,6,1,9,7,4,1,10,5,0,0,6,1,10,4,0,0,4,3,2,1,0,0,6,2,7,7,0,2,3,4,3,8,1,5,6,6,1,7,10,0,10,0,2,9,2,10,7,0,9,9,10,10,7,6,0,4,1,7,8,6,3,6,0
n148,3,6,0,8,9,5,0,1,10,6,4,8,2,8,4,8,0,2,10,2,1,1,8,3,1,1,4,6,1,9,7,4,1,6,5,0,0,6,1,0,4,0,7,4,3,2,0,6,0,6,2,7,7,5,2,3,4,3,8,1,5,8,6,1,7,0,2,10,3,2,9,2,10,7,0,9,9,10,10,7,6,0,4,5,7,8,6,3,9,0
n147,3,6,0,8,9,5,0,1,10,6,4,8,2,8,4,8,5,2,10,2,1,1,8,3,1,1,4,6,1,9,7,4,1,6,5,0,0,6,1,0,4,0,7,4,3,2,0,6,0,6,2,7,7,5,2,3,4,3,8,1,5,8,6,1,7,0,0,10,0,2,9,2,10,7,10,9,9,10,10,7,6,0,4,5,7,8,6,3,9,0
n150,3,6,6,8,9,5,9,1,10,6,4,8,2,8,0,8,0,2,0,2,1,1,8,3,1,1,4,6,1,9,7,4,1,4,5,10,0,6,1,0,4,0,2,4,3,2,0,0,0,6,2,7,7,5,2,3,4,3,8,1,5,8,6,1,7,0,0,10,0,2,9,2,10,7,1,9,9,10,10,7,6,0,4,5,7,8,6,3,9,0
n149,3,6,6,8,9,5,9,1,10,6,4,8,2,8,0,8,3,2,3,2,1,1,8,3,1,1,4,6,1,9,7,4,1,4,5,10,0,6,1,2,4,0,2,4,3,2,0,0,0,6,2,7,7,5,2,3,4,3,8,1,5,8,6,1,7,0,0,10,0,2,9,2,10,7,1,9,9,10,10,7,6,0,4,5,7,8,6,3,9,0
n156,3,0,3,10,8,3,0,1,10,6,0,8,2,8,9,8,0,2,7,2,1,0,8,3,1,1,4,6,3,9,7,4,1,8,4,0,5,6,0,9,4,2,0,4,3,2,0,7,3,6,2,7,7,0,2,3,4,3,8,1,5,0,6,1,7,4,0,10,1,2,6,2,10,7,3,9,9,10,10,7,6,2,4,0,7,8,6,3,6,1
n155,3,0,3,0,8,3,0,1,10,6,0,8,2,8,9,8,0,2,7,2,1,0,8,3,1,1,4,6,3,9,7,4,1,0,4,0,5,6,0,9,4,2,0,4,3,2,0,0,0,6,2,7,7,0,2,3,4,3,8,1,5,0,6,1,7,4,0,10,0,2,6,2,10,7,3,9,9,10,10,7,6,0,4,0,7,8,6,3,0,1
n158,3,0,3,0,8,7,0,1,10,6,0,8,2,8,9,8,0,2,7,2,1,5,8,3,1,1,4,6,3,9,7,4,1,0,4,0,0,6,0,9,4,8,0,4,3,2,8,5,0,6,2,7,7,8,2,3,4,3,8,1,5,0,6,1,7,0,0,10,0,2,0,2,10,7,3,9,9,10,10,7,6,0,4,8,7,8,6,3,8,4
n157,3,0,3,0,8,0,0,1,10,6,0,8,2,8,9,8,0,2,7,2,1,5,8,3,1,1,4,6,3,9,7,4,1,0,0,0,8,6,0,9,4,0,0,4,3,2,0,5,0,6,2,7,7,0,2,3,4,3,8,1,5,6,6,1,7,0,0,10,0,2,4,2,10,7,3,9,9,10,10,7,6,0,4,0,7,8,6,3,0,4
n162,3,0,0,7,8,5,10,1,10,6,0,8,2,8,9,8,2,2,3,2,1,0,8,3,1,1,4,6,5,9,7,4,1,9,0,2,8,6,0,0,4,7,6,4,3,2,10,0,0,6,2,7,7,0,2,3,4,3,8,1,5,0,6,1,7,7,4,10,0,2,0,2,10,7,3,9,9,10,10,7,6,0,4,0,7,8,6,3,0,7
n161,3,0,2,0,8,5,0,1,10,6,4,8,2,8,9,8,2,2,3,2,1,0,8,3,1,1,4,6,5,9,7,4,1,0,0,2,0,6,0,0,4,7,6,4,3,2,10,0,0,6,2,7,7,0,2,3,4,3,8,1,5,0,6,1,7,7,4,10,5,2,0,2,10,7,3,9,9,10,10,7,6,0,4,0,7,8,6,3,0,7
n164,3,3,0,0,8,0,0,1,10,6,8,8,2,8,9,8,4,2,3,2,1,0,8,3,1,1,4,6,5,9,7,4,1,0,0,0,0,6,5,0,4,0,0,4,3,2,10,8,5,6,2,7,7,6,2,3,4,3,8,1,5,0,6,1,7,0,0,10,10,2,0,2,10,7,3,9,9,10,10,7,6,0,4,0,7,8,6,3,0,8
n163,3,0,0,0,8,0,0,1,10,6,0,8,2,8,9,8,4,2,3,2,1,6,8,3,1,1,4,6,5,9,7,4,1,0,0,0,0,6,5,0,4,4,0,4,3,2,10,8,5,6,2,7,7,0,2,3,4,3,8,1,5,0,6,1,7,10,0,10,10,2,0,2,10,7,3,9,9,10,10,7,6,0,4,0,7,8,6,3,0,8
n172,3,9,2,9,0,6,9,1,10,6,9,8,2,9,5,8,3,2,3,2,1,3,6,3,1,1,4,6,0,9,7,4,1,6,0,4,3,6,4,0,7,4,3,4,3,0,3,10,0,6,2,7,7,7,2,3,4,3,8,1,5,6,6,1,7,0,0,10,0,2,7,2,10,7,4,9,9,10,10,7,0,6,4,1,7,8,6,3,4,2
n171,3,9,0,9,2,0,9,1,10,6,9,8,2,3,5,8,3,2,3,2,1,3,6,3,1,1,4,6,0,9,7,4,1,6,0,0,3,6,4,0,7,4,6,4,3,0,3,10,0,6,2,7,7,7,2,3,4,3,8,1,5,6,6,1,7,0,0,10,0,2,7,2,10,7,4,9,9,10,10,7,0,6,4,1,7,8,6,3,4,2
n174,3,9,0,9,0,0,9,1,10,6,9,8,2,0,5,8,0,2,3,2,1,3,6,3,1,1,4,6,0,9,7,4,1,6,0,0,3,6,4,0,7,4,0,4,3,8,3,10,0,6,2,7,7,7,2,3,4,3,8,1,5,6,6,1,7,10,0,10,0,2,7,2,10,7,4,9,9,10,10,7,0,6,4,1,7,8,6,3,4,2
n173,3,9,0,9,0,0,9,1,10,6,9,8,2,0,5,8,0,2,3,2,1,3,6,3,1,1,4,6,0,9,7,4,1,6,0,0,3,6,4,0,7,4,0,4,3,0,3,10,0,6,2,7,7,7,2,3,4,3,8,1,5,6,6,1,7,0,0,10,0,2,7,2,10,7,4,9,9,10,10,7,0,6,4,1,7,8,6,3,4,2
n178,3,9,5,8,7,0,9,1,10,6,0,8,2,1,5,8,2,2,3,2,1,3,6,3,1,1,4,6,0,9,7,4,1,3,0,0,4,6,4,0,7,4,7,4,3,0,3,10,0,6,2,7,7,7,2,3,4,3,8,1,5,10,6,1,7,3,0,10,0,2,0,2,10,7,4,9,9,10,10,7,3,6,4,1,7,8,6,3,4,0
n177,3,9,8,8,7,0,9,1,10,6,2,8,2,1,5,8,2,2,3,2,1,3,6,3,1,1,4,6,0,9,7,4,1,3,0,0,0,6,4,3,7,4,0,4,3,0,3,10,0,6,2,7,7,7,2,3,4,3,8,1,5,10,6,1,7,3,0,10,0,2,0,2,10,7,4,9,9,10,10,7,3,6,4,1,7,8,6,3,4,0
n180,3,9,0,0,3,0,9,1,10,6,0,8,2,0,5,8,2,2,3,2,1,3,6,3,1,1,4,6,0,9,7,4,1,3,0,0,0,6,4,0,7,4,9,4,3,6,3,10,0,6,2,7,7,7,2,3,4,3,8,1,5,10,6,1,7,3,10,10,4,2,5,2,10,7,4,9,9,10,10,7,3,6,4,1,7,8,6,3,4,5
n179,3,9,9,0,3,0,9,1,10,6,0,8,2,0,5,8,2,2,3,2,1,3,6,3,1,1,4,6,0,9,7,4,1,3,0,0,0,6,4,4,7,4,9,4,3,0,3,10,0,6,2,7,7,7,2,3,4,3,8,1,5,10,6,1,7,3,10,10,4,2,5,2,10,7,4,9,9,10,10,7,3,6,4,1,7,8,6,3,4,5
n186,3,9,5,0,8,0,6,1,10,6,0,8,2,5,5,8,2,2,0,2,1,3,0,3,1,1,4,6,3,9,7,4,1,0,5,10,0,6,2,0,4,2,6,4,3,8,3,10,6,6,2,7,7,9,2,3,4,3,8,1,5,9,6,1,7,7,1,10,0,2,0,2,10,7,10,9,9,10,10,7,0,0,4,1,7,8,6,3,6,0
n185,3,9,5,0,8,0,6,1,10,6,0,8,2,5,5,8,2,2,0,2,1,3,0,3,1,1,4,6,3,9,7,4,1,7,5,10,5,6,1,0,0,0,6,4,3,8,3,10,6,6,2,7,7,9,2,3,4,3,8,1,5,9,6,1,7,7,1,10,0,2,4,2,10,7,10,9,9,10,10,7,0,0,4,1,7,8,6,3,6,0
n188,3,9,5,0,8,8,6,1,10,6,0,8,2,0,5,8,2,2,5,2,1,3,0,3,1,1,4,6,0,9,7,4,1,0,5,10,0,6,2,0,0,4,6,4,3,8,3,10,6,6,2,7,7,9,2,3,4,3,8,1,5,9,6,1,7,0,0,10,0,2,0,2,10,7,10,9,9,10,10,7,0,0,4,1,7,8,6,3,6,0
n187,3,9,5,0,8,0,6,1,10,6,0,8,2,0,5,8,2,2,0,2,1,3,0,3,1,1,4,6,0,9,7,4,1,10,5,10,0,6,0,0,0,4,6,4,3,8,3,10,6,6,2,7,7,9,2,3,4,3,8,1,5,9,6,1,7,0,0,10,10,2,0,2,10,7,10,9,9,10,10,7,0,0,4,1,7,8,6,3,6,0
n192,3,9,5,0,5,0,6,1,10,6,9,8,2,0,5,8,0,2,1,2,1,3,9,3,1,1,4,6,8,9,7,4,1,0,5,0,1,6,0,6,7,1,6,4,3,8,3,10,6,6,2,7,7,9,2,3,4,3,8,1,5,3,6,1,7,0,0,10,3,2,10,2,10,7,1,9,9,10,10,7,0,6,4,1,7,8,6,3,10,1
n191,3,9,5,0,5,0,6,1,10,6,0,8,2,8,5,8,0,2,0,2,1,3,9,3,1,1,4,6,8,9,7,4,1,0,5,0,1,6,5,6,7,1,6,4,3,8,3,10,6,6,2,7,7,9,2,3,4,3,8,1,5,0,6,1,7,0,0,10,3,2,8,2,10,7,1,9,9,10,10,7,0,6,4,1,7,8,6,3,0,1
n194,3,9,5,0,6,0,6,1,10,6,0,8,2,0,5,8,0,2,7,2,1,3,9,3,1,1,4,6,0,9,7,4,1,9,5,8,1,6,8,0,8,1,6,4,3,8,3,10,6,6,2,7,7,9,2,3,4,3,8,1,5,0,6,1,7,0,0,10,0,2,0,2,10,7,0,9,9,10,10,7,0,0,4,1,7,8,6,3,0,1
n193,3,9,5,0,6,0,6,1,10,6,0,8,2,0,5,8,0,2,0,2,1,3,9,3,1,1,4,6,9,9,7,4,1,9,5,0,1,6,8,0,0,0,6,4,3,8,3,10,6,6,2,7,7,9,2,3,4,3,8,1,5,0,6,1,7,0,0,10,0,2,0,2,10,7,0,9,9,10,10,7,0,0,4,1,7,8,6,3,0,1
n204,3,9,10,2,0,3,6,1,10,6,7,8,10,5,0,8,7,3,1,2,1,0,0,3,1,1,4,6,2,9,0,4,1,5,5,10,7,6,1,0,10,4,0,4,3,10,3,0,4,6,2,7,0,1,2,0,4,3,8,1,5,5,6,1,7,8,10,10,0,2,10,2,10,7,4,9,9,7,10,6,0,6,4,0,7,8,6,5,10,5
n203,3,9,10,2,0,3,0,1,10,6,7,8,10,5,0,8,7,3,1,2,1,0,0,3,1,1,4,6,0,9,0,4,1,5,5,0,0,6,1,0,10,4,0,4,3,10,3,0,4,6,2,7,0,5,2,0,4,3,8,1,5,5,6,1,7,8,10,10,0,2,10,2,10,7,4,9,9,7,10,6,0,6,4,4,7,8,6,5,10,5
n206,3,9,10,0,0,3,1,1,10,6,7,8,10,5,0,8,7,3,1,2,1,0,0,3,1,1,4,6,0,9,0,4,1,5,5,7,0,6,3,0,5,4,0,4,3,10,3,6,4,6,2,7,0,0,2,0,4,3,8,1,5,5,6,1,7,8,10,10,0,2,0,2,10,7,4,9,9,7,10,6,0,6,4,7,7,8,6,5,0,5
n205,3,9,10,0,3,3,1,1,10,6,7,8,10,5,0,8,7,3,1,2,1,0,0,3,1,1,4,6,0,9,0,4,1,5,5,7,0,6,3,0,5,4,0,4,3,10,3,6,4,6,2,7,0,0,2,0,4,3,8,1,5,5,6,1,7,8,10,10,0,2,6,2,10,7,4,9,9,7,10,6,0,6,4,0,7,8,6,5,0,5
n210,3,0,10,8,9,3,0,1,10,6,0,8,10,5,4,8,7,3,1,2,1,9,0,3,1,1,4,6,0,9,0,4,1,5,5,0,0,6,0,0,0,4,0,4,3,10,3,2,4,6,2,7,0,6,2,8,4,3,8,1,5,5,6,1,7,8,10,10,2,2,5,2,10,7,4,9,9,0,10,6,1,6,4,10,7,8,6,5,0,0
n209,3,0,10,8,9,3,0,1,10,6,0,8,10,5,4,8,7,3,1,2,1,9,6,3,1,1,4,6,0,9,0,4,1,5,5,0,0,6,0,2,0,4,0,4,3,10,3,2,4,6,2,7,2,0,2,8,4,3,8,1,5,5,6,1,7,8,10,10,0,2,5,2,10,7,4,9,9,3,10,6,1,6,4,10,7,8,6,5,0,0
n212,3,0,10,0,0,3,0,1,10,6,0,8,10,5,4,8,7,3,1,2,1,9,0,3,1,1,4,6,0,9,10,4,1,5,5,5,5,6,0,0,0,4,3,4,3,10,3,2,4,6,2,7,7,0,2,9,4,3,8,1,5,5,6,1,7,8,10,10,0,2,5,2,10,7,4,9,9,4,10,6,4,6,4,0,7,8,6,5,0,0
n211,3,0,10,0,0,3,0,1,10,6,0,8,10,5,4,8,7,3,1,2,1,9,0,3,1,1,4,6,0,9,10,4,1,5,5,5,5,6,10,0,0,4,3,4,3,10,3,2,4,6,2,7,7,0,2,9,4,3,8,1,5,5,6,1,7,8,10,10,0,2,5,2,10,7,4,9,9,5,10,6,0,6,4,0,7,8,6,5,0,10
n218,3,0,10,0,0,0,6,1,10,6,6,8,7,0,0,8,7,3,1,2,1,10,7,3,1,1,4,6,5,9,0,4,1,5,5,2,7,6,4,7,0,4,0,4,3,0,0,4,0,6,2,7,10,5,2,4,4,3,8,1,5,5,6,1,7,8,10,10,0,2,5,2,10,7,0,9,9,5,10,6,10,6,4,0,7,8,6,5,0,0
n217,3,0,10,0,0,0,10,1,10,6,6,8,7,0,0,8,7,3,1,2,1,10,7,3,1,1,4,6,5,9,2,4,1,5,5,0,7,6,4,7,0,4,0,4,3,0,9,4,5,6,2,7,10,0,2,4,4,3,8,1,5,5,6,1,7,8,10,10,0,2,1,2,10,7,0,9,9,5,10,6,0,6,4,0,7,8,6,5,0,0
n220,3,0,10,5,0,10,0,1,10,6,6,8,7,0,7,8,7,3,1,2,1,0,7,3,1,1,4,6,5,9,4,4,1,5,5,0,7,6,4,0,8,4,0,4,3,0,0,5,8,6,2,7,10,8,2,4,4,3,8,1,5,5,6,1,7,8,10,10,0,2,0,2,10,7,0,9,9,5,10,6,0,6,4,0,7,8,6,5,6,0
n219,3,0,10,5,0,0,10,1,10,6,6,8,7,5,0,8,7,3,1,2,1,0,7,3,1,1,4,6,5,9,0,4,1,5,5,0,7,6,4,0,8,4,0,4,3,0,10,5,8,6,2,7,10,8,2,4,4,3,8,1,5,5,6,1,7,8,10,10,7,2,0,2,10,7,4,9,9,5,10,6,0,6,4,0,7,8,6,5,6,0
n224,3,8,10,0,0,0,0,1,10,6,6,8,7,4,0,8,7,3,1,2,1,0,7,3,1,1,4,6,5,9,4,4,1,5,5,3,0,6,4,2,10,4,0,4,3,8,0,0,3,6,2,7,10,8,2,10,4,3,8,1,5,5,6,1,7,8,10,10,7,2,0,2,10,7,0,9,9,10,10,6,0,6,4,0,7,8,6,5,0,0
n223,3,8,10,0,0,0,0,1,10,6,6,8,7,4,0,8,7,3,1,2,1,0,7,3,1,1,4,6,5,9,4,4,1,5,5,3,0,6,4,0,10,4,0,4,3,0,0,0,3,6,2,7,10,8,2,10,4,3,8,1,5,5,6,1,7,8,10,10,7,2,7,2,10,7,0,9,9,0,10,6,0,6,4,0,7,8,6,5,0,0
n226,3,8,10,0,7,8,0,1,10,6,6,8,7,0,0,8,7,3,1,2,1,1,7,3,1,1,4,6,5,9,4,4,1,5,5,0,0,6,4,6,10,4,0,4,3,0,0,0,3,6,2,7,10,8,2,0,4,3,8,1,5,5,6,1,7,8,10,10,7,2,0,2,10,7,4,9,9,0,10,6,9,6,4,10,7,8,6,5,7,0
n225,3,8,10,0,7,0,8,1,10,6,6,8,7,0,0,8,7,3,1,2,1,1,7,3,1,1,4,6,5,9,4,4,1,5,5,0,0,6,4,0,10,4,0,4,3,7,0,0,3,6,2,7,10,8,2,0,4,3,8,1,5,5,6,1,7,8,10,10,7,2,0,2,10,7,4,9,9,0,10,6,9,6,4,10,7,8,6,5,0,1
n234,3,0,10,4,7,0,0,1,10,6,8,8,7,10,8,8,9,6,8,2,1,0,0,3,1,1,4,6,0,9,3,4,1,5,5,0,0,6,4,0,0,5,7,4,3,10,0,4,10,6,2,7,0,8,2,8,4,3,8,1,5,5,6,1,7,8,1,10,6,2,0,2,10,7,0,9,9,3,10,6,5,0,4,10,7,8,6,5,6,2
n233,3,0,10,4,7,0,0,1,10,6,8,8,7,10,8,8,9,0,8,2,1,6,0,3,1,1,4,6,0,9,3,4,1,5,5,3,0,6,4,0,9,5,7,4,3,10,0,0,10,6,2,7,0,0,2,8,4,3,8,1,5,5,6,1,7,8,0,10,0,2,0,2,10,7,0,9,9,3,10,6,5,3,4,10,7,8,6,5,6,2
n236,3,4,10,4,7,0,0,1,10,6,8,8,7,10,8,8,9,0,8,2,1,0,0,3,1,1,4,6,0,9,3,4,1,5,5,0,0,6,4,1,0,5,7,4,3,10,0,0,10,6,2,7,0,5,2,8,4,3,8,1,5,5,6,1,7,9,9,10,2,2,0,2,10,7,7,9,9,8,10,6,5,0,4,10,7,8,6,5,6,2
n235,3,4,10,4,7,2,0,1,10,6,8,8,7,10,8,8,9,2,8,2,1,0,0,3,1,1,4,6,0,9,3,4,1,5,5,0,0,6,4,1,0,5,7,4,3,10,0,7,10,6,2,7,0,5,2,8,4,3,8,1,5,5,6,1,7,0,9,10,2,2,0,2,10,7,7,9,9,0,10,6,5,0,4,10,7,8,6,5,6,2
n240,3,7,10,4,9,2,0,1,10,6,8,8,7,0,8,8,4,0,8,2,1,0,0,3,1,1,4,6,3,9,3,4,1,5,5,0,0,6,4,9,0,5,7,4,3,10,0,0,2,6,2,7,8,0,2,7,4,3,8,1,5,5,6,1,7,10,0,10,0,2,0,2,10,7,0,9,9,0,10,6,5,0,4,10,7,8,6,5,6,2
n239,3,7,10,4,9,2,4,1,10,6,8,8,7,0,8,8,4,0,8,2,1,0,0,3,1,1,4,6,3,9,3,4,1,5,5,0,0,6,4,0,0,5,7,4,3,0,0,0,0,6,2,7,8,0,2,0,4,3,8,1,5,5,6,1,7,10,2,10,0,2,0,2,10,7,0,9,9,0,10,6,5,0,4,10,7,8,6,5,6,2
n242,3,0,10,4,0,3,0,1,10,6,8,8,7,0,8,8,4,0,8,2,1,0,0,3,1,1,4,6,3,9,3,4,1,5,5,0,5,6,4,0,0,5,7,4,3,7,0,0,3,6,2,7,8,0,2,5,4,3,8,1,5,5,6,1,7,0,8,10,0,2,0,2,10,7,0,9,9,1,10,6,5,4,4,10,7,8,6,5,6,2
n241,3,0,10,4,0,3,1,1,10,6,8,8,7,0,8,8,4,0,8,2,1,0,0,3,1,1,4,6,3,9,3,4,1,5,5,0,0,6,4,0,8,5,7,4,3,7,0,0,4,6,2,7,8,0,2,0,4,3,8,1,5,5,6,1,7,0,8,10,10,2,0,2,10,7,0,9,9,1,10,6,5,4,4,10,7,8,6,5,6,2
n248,3,0,0,3,4,0,3,1,10,6,0,8,1,3,8,8,2,0,8,2,1,0,0,3,1,1,4,6,0,9,3,4,1,5,5,0,0,6,10,0,1,3,7,4,3,0,10,0,7,6,2,7,0,4,2,0,4,3,8,1,5,5,6,1,7,0,7,10,5,2,8,2,10,7,5,9,9,0,10,6,5,1,4,0,7,8,6,0,7,2
n247,3,2,0,3,4,0,3,1,10,6,0,8,7,3,8,8,2,0,8,2,1,5,0,3,1,1,4,6,0,9,3,4,1,5,5,0,10,6,10,0,1,3,7,4,3,0,10,0,0,6,2,7,9,4,2,0,4,3,8,1,5,5,6,1,7,0,7,10,5,2,8,2,10,7,5,9,9,0,10,6,5,1,4,0,7,8,6,0,7,2
n250,3,1,0,3,0,1,3,1,10,6,0,8,0,3,8,8,2,0,8,2,1,0,8,3,1,1,4,6,0,9,3,4,1,5,5,0,0,6,10,7,1,3,7,4,3,0,10,0,9,6,2,7,4,4,2,2,4,3,8,1,5,5,6,1,7,0,7,10,4,2,8,2,10,7,5,9,9,0,10,6,5,1,4,4,7,8,6,0,7,2
n249,3,1,0,3,0,0,3,1,10,6,0,8,3,3,8,8,2,7,8,2,1,0,8,3,1,1,4,6,1,9,3,4,1,5,5,0,0,6,10,7,1,3,7,4,3,0,10,0,9,6,2,7,6,4,2,0,4,3,8,1,5,5,6,1,7,0,7,10,8,2,8,2,10,7,5,9,9,0,10,6,5,1,4,4,7,8,6,0,7,2
n254,3,0,0,8,0,5,0,1,10,6,1,8,7,4,8,8,7,8,8,2,1,4,2,3,1,1,4,6,0,9,3,4,1,5,5,0,0,6,10,1,1,2,7,4,3,0,10,0,0,6,2,7,8,4,2,0,4,3,8,1,5,5,6,1,7,0,0,10,0,2,7,2,10,7,5,9,9,4,10,6,5,1,4,9,7,8,6,4,0,2
n253,3,0,0,8,5,5,0,1,10,6,1,8,7,4,8,8,7,8,8,2,1,4,2,3,1,1,4,6,0,9,3,4,1,5,5,0,5,6,10,9,1,0,7,4,3,0,10,0,0,6,2,7,8,4,2,9,4,3,8,1,5,5,6,1,7,0,0,10,6,2,7,2,10,7,5,9,9,0,10,6,5,1,4,0,7,8,6,4,0,2
n256,3,0,0,0,0,0,0,1,10,6,1,8,7,0,8,8,7,8,8,2,1,4,0,3,1,1,4,6,0,9,3,4,1,5,5,0,0,6,10,0,1,0,7,4,3,3,10,0,1,6,2,7,8,4,2,0,4,3,8,1,5,5,6,1,7,0,4,10,0,2,7,2,10,7,5,9,9,0,10,6,5,1,4,0,7,8,6,0,9,2
n255,3,0,7,0,9,0,0,1,10,6,1,8,7,0,8,8,7,8,8,2,1,4,0,3,1,1,4,6,0,9,3,4,1,5,5,0,0,6,10,3,1,0,7,4,3,0,10,5,1,6,2,7,8,4,2,0,4,3,8,1,5,5,6,1,7,2,0,10,7,2,7,2,10,7,5,9,9,10,10,6,5,1,4,0,7,8,6,0,9,2
n270,3,1,3,0,3,8,10,1,8,0,5,7,7,4,6,10,6,7,5,2,5,8,0,3,1,1,4,4,0,10,4,5,8,7,0,10,4,5,0,9,4,0,0,6,2,9,0,4,0,8,9,0,3,0,9,7,3,3,1,3,1,7,6,1,6,0,0,5,6,3,1,0,10,5,3,9,6,5,0,4,9,0,4,2,7,9,2,4,9,8
n269,3,1,3,0,3,8,10,1,8,0,5,7,7,4,6,10,6,7,5,2,5,8,0,3,1,1,4,4,6,10,4,5,8,6,0,10,4,5,0,9,4,0,0,6,2,9,0,4,0,8,9,0,3,0,9,7,3,3,1,3,1,7,6,1,6,0,0,5,6,3,0,0,10,5,3,9,6,5,0,3,9,10,4,2,7,9,2,4,9,8
n272,0,1,3,0,3,8,10,1,8,0,5,7,7,4,6,10,6,2,5,2,5,8,3,3,1,1,4,0,8,10,4,5,8,0,0,10,4,5,0,9,4,3,0,6,2,9,0,4,0,8,9,6,3,1,9,7,3,3,1,3,1,7,6,1,6,0,0,5,6,3,0,0,10,5,3,9,6,5,0,0,9,10,4,2,7,9,2,4,8,8
n271,7,1,3,0,3,8,10,1,8,0,5,7,7,4,6,10,6,0,5,2,5,8,3,3,1,1,4,7,3,10,4,5,8,0,0,10,4,5,0,9,4,3,0,6,2,9,0,4,0,8,9,1,3,1,9,7,3,3,1,3,1,7,6,1,6,0,0,5,6,3,0,0,10,5,3,9,6,5,0,0,9,10,4,2,7,9,2,4,0,8
n276,2,1,3,3,3,0,10,1,8,0,5,7,7,4,6,10,6,0,5,2,5,8,2,3,1,1,4,6,0,10,4,8,8,6,10,10,4,5,4,9,4,3,1,6,0,9,0,4,0,8,9,0,3,0,9,7,7,3,1,3,1,7,6,1,6,0,10,5,6,3,0,1,10,5,3,9,6,5,3,1,9,0,4,2,7,9,2,4,0,8
n275,2,1,3,0,3,0,10,1,8,9,5,7,7,4,6,10,6,0,5,2,5,8,2,3,1,1,4,0,0,10,4,8,8,6,10,10,4,5,4,9,4,0,1,6,0,9,0,4,0,8,9,0,3,0,9,7,0,3,1,3,1,7,6,1,6,0,10,5,6,3,10,1,10,5,3,9,6,5,3,0,9,0,4,2,7,9,2,4,0,8
n278,2,1,3,0,3,0,10,1,8,0,5,7,7,4,6,10,6,0,5,2,5,8,0,3,1,1,4,0,0,10,4,8,8,6,10,10,4,5,0,9,4,0,0,6,0,9,4,4,0,8,9,5,3,0,9,7,0,3,1,3,1,7,6,1,6,0,0,5,6,3,0,0,10,5,3,9,6,5,0,0,9,0,4,2,7,9,2,4,0,8
n277,2,1,3,0,3,0,10,1,8,2,5,7,7,4,6,10,6,7,5,2,5,8,0,3,1,1,4,0,0,10,4,8,8,6,10,10,4,5,6,9,4,0,0,6,0,9,0,4,0,8,9,5,3,0,9,7,0,3,1,3,1,7,6,1,6,0,0,5,6,3,0,2,10,5,3,9,6,5,0,0,9,0,4,2,7,9,2,4,1,8
n284,0,1,3,6,3,0,10,1,1,0,5,7,0,4,6,10,6,0,5,2,5,8,0,3,1,1,4,8,0,10,4,10,8,4,9,0,4,5,4,9,4,0,7,6,7,9,0,4,5,8,9,6,3,6,9,7,8,3,1,3,1,7,6,1,6,0,9,0,6,3,10,5,10,5,3,9,6,5,2,0,8,0,4,2,7,9,2,0,8,8
n283,0,1,3,6,3,0,10,1,1,0,5,7,3,4,6,10,6,0,5,2,5,8,2,3,1,1,4,8,0,10,4,10,8,4,9,0,4,5,4,9,4,0,0,6,7,9,0,4,5,8,9,6,3,6,9,7,0,3,1,3,1,7,6,1,6,0,9,0,6,3,10,5,10,5,3,9,6,5,2,0,8,0,4,2,7,9,2,0,0,8
n286,9,1,3,6,3,6,10,1,3,0,5,7,0,4,6,10,6,5,5,2,5,8,9,3,1,1,4,8,0,10,4,10,8,4,0,0,4,5,4,9,4,0,5,6,7,9,2,4,5,8,9,6,3,6,9,7,0,3,0,3,1,7,6,1,6,0,0,3,6,3,10,5,10,5,3,9,6,5,2,0,2,7,4,2,7,9,2,0,3,8
n285,9,1,3,6,3,6,10,1,3,3,5,7,0,4,6,10,6,5,5,2,5,8,9,3,1,1,4,8,0,10,4,10,8,4,1,0,4,5,4,9,4,0,0,6,7,9,4,4,5,8,9,6,3,6,9,7,0,3,0,3,1,7,6,1,6,0,0,3,6,3,10,5,10,5,3,9,6,5,2,10,0,0,4,2,7,9,2,0,0,8
n290,0,1,3,0,3,0,10,1,10,8,5,7,8,4,6,10,6,0,5,2,5,8,5,3,1,1,4,6,0,10,4,3,8,4,5,2,4,5,0,9,4,0,0,6,0,9,0,4,5,8,9,6,3,0,9,7,0,3,9,3,1,7,6,1,6,0,0,0,6,3,2,5,10,5,3,9,6,5,9,3,8,0,4,2,7,9,2,2,8,8
n289,0,1,3,0,3,0,10,1,10,0,5,7,0,4,6,10,6,0,5,2,5,8,0,3,1,1,4,6,9,10,4,0,8,4,5,2,4,5,0,9,4,0,0,6,3,9,5,4,5,8,9,6,3,0,9,7,0,3,9,3,1,7,6,1,6,0,0,0,6,3,2,5,10,5,3,9,6,5,9,3,8,0,4,2,7,9,2,2,8,8
n292,0,1,3,7,3,7,10,1,10,0,5,7,9,4,6,10,6,0,5,2,5,8,0,3,1,1,4,5,0,10,4,0,8,4,5,0,4,5,0,9,4,5,0,6,0,9,5,4,5,8,9,6,3,0,9,7,0,3,5,3,1,7,6,1,6,10,9,2,6,3,2,5,10,5,3,9,6,5,1,0,8,0,4,2,7,9,2,2,0,8
n291,0,1,3,7,3,7,10,1,10,0,5,7,9,4,6,10,6,0,5,2,5,8,0,3,1,1,4,5,9,10,4,0,8,4,5,0,4,5,0,9,4,0,0,6,0,9,5,4,5,8,9,6,3,0,9,7,0,3,0,3,1,7,6,1,6,0,9,2,6,3,2,5,10,5,3,9,6,5,1,0,8,0,4,2,7,9,2,2,0,8
n300,0,1,3,10,3,0,10,1,7,8,5,0,10,4,6,10,6,7,5,2,5,8,3,3,1,1,4,0,5,10,8,0,8,0,1,6,4,5,0,9,4,10,1,6,7,9,0,4,0,8,9,0,3,0,9,7,0,3,9,3,1,2,6,1,0,6,0,8,6,3,0,1,10,5,0,9,0,5,1,3,0,0,4,2,7,9,2,10,8,8
n299,0,1,3,10,3,0,10,1,7,8,5,0,10,4,6,10,6,7,5,2,5,8,3,3,1,1,4,0,5,10,8,0,8,0,7,6,4,5,0,9,4,10,1,6,7,9,0,4,0,8,9,0,3,2,9,7,0,3,0,3,1,2,6,1,0,6,0,8,6,3,0,1,10,5,0,9,5,5,1,3,0,0,4,2,7,9,2,10,0,8
n302,0,1,3,10,3,0,10,1,0,8,5,0,10,4,6,10,6,7,5,2,5,8,10,3,1,1,4,0,5,10,8,0,8,0,4,6,4,5,0,9,4,10,1,6,7,9,0,4,0,8,9,0,3,0,9,7,0,3,0,3,1,2,6,1,0,6,0,8,6,3,0,1,10,5,0,9,0,5,1,3,0,1,4,2,7,9,2,10,0,8
n301,0,1,3,10,3,0,10,1,2,8,5,0,10,4,6,10,6,7,5,2,5,8,10,3,1,1,4,0,5,10,8,0,8,0,0,6,4,5,0,9,4,10,1,6,7,9,0,4,0,8,9,0,3,5,9,7,0,3,0,3,1,2,6,1,0,6,0,8,6,3,4,1,10,5,7,9,3,5,1,3,0,1,4,2,7,9,2,10,0,8
n306,10,1,3,10,3,7,10,1,4,8,5,0,10,4,6,10,6,7,5,2,5,8,2,3,1,1,4,1,5,10,8,10,8,3,0,6,4,5,0,9,4,10,1,6,7,9,0,4,0,8,9,0,3,0,9,7,6,3,8,3,1,2,6,1,4,6,6,0,6,3,0,1,10,5,5,9,0,5,1,10,0,0,4,2,7,9,2,0,6,8
n305,10,1,3,10,3,0,10,1,0,8,5,9,10,4,6,10,6,7,5,2,5,8,9,3,1,1,4,0,5,10,8,10,8,3,0,6,4,5,0,9,4,10,1,6,7,9,0,4,0,8,9,0,3,0,9,7,6,3,8,3,1,2,6,1,0,6,0,0,6,3,0,1,10,5,0,9,0,5,1,10,0,0,4,2,7,9,2,0,0,8
n308,0,1,3,10,3,0,10,1,0,8,5,0,10,4,6,10,6,7,5,2,5,8,0,3,1,1,4,0,5,10,8,0,8,6,0,6,4,5,0,9,4,10,1,6,7,9,4,4,0,8,9,3,3,0,9,7,0,3,8,3,1,2,6,1,5,6,0,0,6,3,1,1,10,5,10,9,7,5,1,3,0,1,4,2,7,9,2,0,0,8
n307,0,1,3,10,3,0,10,1,0,8,5,0,10,4,6,10,6,7,5,2,5,8,0,3,1,1,4,8,5,10,8,10,8,0,0,6,4,5,0,9,4,10,1,6,7,9,9,4,0,8,9,0,3,9,9,7,0,3,8,3,1,2,6,1,5,6,0,0,6,3,1,1,10,5,10,9,7,5,1,3,0,1,4,2,7,9,2,0,0,8
n314,9,1,3,10,3,1,10,1,6,0,5,1,0,4,6,10,6,7,5,2,5,8,0,3,1,1,4,4,10,10,8,10,8,8,3,6,4,5,0,9,4,5,1,6,7,9,8,4,1,8,9,7,3,4,9,7,5,3,5,3,1,2,6,1,4,8,4,0,6,3,0,3,10,5,0,9,0,5,1,7,8,0,4,2,7,9,2,5,7,8
n313,0,1,3,10,3,1,10,1,6,0,5,1,0,4,6,10,6,7,5,2,5,8,0,3,1,1,4,4,10,10,8,10,8,8,3,6,4,5,0,9,4,5,1,6,7,9,8,4,0,8,9,7,3,4,9,7,0,3,0,3,1,0,6,1,4,8,4,0,6,3,0,3,10,5,0,9,0,5,1,7,8,2,4,2,7,9,2,5,7,8
n316,0,1,3,10,3,0,10,1,0,0,5,1,9,4,6,10,6,7,5,2,5,8,7,3,1,1,4,9,10,10,8,10,8,6,0,6,4,5,0,9,4,5,1,6,7,9,8,4,0,8,9,0,3,0,9,7,0,3,6,3,1,0,6,1,0,0,0,0,6,3,0,3,10,5,0,9,0,5,1,0,8,0,4,2,7,9,2,0,7,8
n315,1,1,3,10,3,0,10,1,0,0,5,1,0,4,6,10,6,7,5,2,5,8,7,3,1,1,4,9,10,10,8,10,8,6,0,6,4,5,0,9,4,5,1,6,7,9,8,4,0,8,9,0,3,0,9,7,0,3,0,3,1,0,6,1,0,0,0,0,6,3,2,3,10,5,0,9,0,5,1,0,8,10,4,2,7,9,2,9,7,8
n320,4,1,3,10,3,0,10,1,5,0,5,0,0,4,6,10,6,7,5,2,5,8,4,3,1,1,4,0,0,10,8,6,8,5,0,6,4,5,0,9,4,6,1,6,7,9,8,4,0,8,9,1,3,5,9,7,8,3,0,3,1,6,6,1,8,7,5,7,6,3,0,3,10,5,0,9,0,5,1,0,6,0,4,2,7,9,2,2,0,8
n319,4,1,3,10,3,4,10,1,5,0,5,0,0,4,6,10,6,7,5,2,5,8,4,3,1,1,4,0,0,10,8,6,8,0,0,6,4,5,0,9,4,6,1,6,7,9,8,4,0,8,9,0,3,5,9,7,8,3,0,3,1,6,6,1,8,7,5,0,6,3,7,3,10,5,0,9,4,5,1,0,0,8,4,2,7,9,2,2,5,8
n322,0,1,3,10,3,1,10,1,5,0,5,2,5,4,6,10,6,7,5,2,5,8,4,3,1,1,4,8,0,10,8,8,8,1,0,6,4,5,5,9,4,6,1,6,7,9,8,4,0,8,9,0,3,5,9,7,9,3,0,3,1,6,6,1,8,7,0,0,6,3,0,3,10,5,0,9,0,5,1,0,0,8,4,2,7,9,2,2,5,8
n321,8,1,3,10,3,0,10,1,5,0,5,0,0,4,6,10,6,7,5,2,5,8,4,3,1,1,4,8,0,10,8,8,8,1,0,6,4,5,0,9,4,6,1,6,7,9,8,4,0,8,9,3,3,5,9,7,2,3,0,3,1,6,6,1,8,7,2,0,6,3,0,3,10,5,0,9,0,5,1,0,0,5,4,2,7,9,2,2,5,8
n332,5,1,3,0,3,6,10,1,4,0,1,3,0,1,6,10,6,10,5,2,3,8,4,3,1,1,4,0,10,10,8,2,8,0,2,1,4,5,6,9,4,2,4,0,7,9,3,3,2,8,2,4,3,4,9,7,0,3,6,3,1,0,6,1,6,6,0,0,6,3,0,1,10,5,2,9,10,5,7,4,4,0,4,2,7,2,2,0,9,8
n331,5,1,3,0,3,6,10,1,4,0,1,3,0,1,6,10,6,10,5,2,5,8,4,3,1,1,4,0,10,10,8,2,8,0,2,1,4,5,6,9,4,2,0,0,7,9,3,3,2,8,2,4,3,4,9,7,10,3,6,3,1,0,6,1,6,6,0,0,6,3,0,1,10,5,2,9,10,5,7,0,4,0,4,2,7,2,2,0,9,8
n334,5,1,3,0,3,6,10,1,4,0,3,10,0,1,6,10,6,0,5,2,3,8,4,3,1,1,4,0,10,10,8,2,8,0,2,1,4,5,6,9,4,0,0,0,7,9,3,3,2,8,2,4,3,4,9,7,0,3,6,3,1,0,6,1,6,6,0,6,6,3,0,1,10,5,0,9,10,5,7,0,4,5,4,2,7,2,2,0,9,8
n333,5,1,3,0,3,6,10,1,4,0,0,10,8,1,6,10,6,0,5,2,3,8,4,3,1,1,4,0,10,10,8,2,8,0,2,1,4,5,6,9,4,0,0,0,7,9,3,3,2,8,2,4,3,4,9,7,0,3,6,3,1,8,6,1,6,6,0,6,6,3,0,1,10,5,0,9,10,5,7,0,4,0,4,2,7,2,2,0,9,8
n338,5,1,3,0,3,6,10,1,4,8,0,0,5,9,6,10,6,6,5,2,0,8,2,3,1,1,4,5,10,10,8,2,8,5,2,1,4,5,6,9,4,0,0,0,0,9,3,3,0,8,2,4,3,4,9,7,4,3,6,3,1,4,6,1,6,6,0,8,6,3,0,1,10,5,7,9,3,5,7,8,4,0,4,2,7,2,2,9,9,8
n337,5,1,3,0,3,6,10,1,4,0,0,0,5,9,6,10,6,6,5,2,0,8,2,3,1,1,4,5,10,10,8,2,8,5,2,1,4,5,6,9,4,0,0,0,0,9,3,3,9,8,2,4,3,4,9,7,4,3,6,3,1,4,6,1,6,6,0,6,6,3,0,1,10,5,0,9,0,5,7,0,4,2,4,2,7,2,2,9,9,8
n340,5,1,3,0,3,6,10,1,4,9,0,0,0,0,6,10,6,6,5,2,0,8,2,3,1,1,4,4,10,10,8,2,8,0,2,1,4,5,6,9,4,0,0,0,0,9,3,3,0,8,2,4,3,4,9,7,4,3,6,3,1,4,6,1,6,6,0,8,6,3,0,1,10,5,0,9,0,5,7,0,4,0,4,2,7,2,2,9,9,8
n339,5,1,3,0,3,6,10,1,4,9,0,0,0,0,6,10,6,6,5,2,0,8,2,3,1,1,4,4,10,10,8,2,8,0,2,1,4,5,6,9,4,0,0,0,0,9,3,3,0,8,2,4,3,4,9,7,4,3,6,3,1,4,6,1,6,6,0,1,6,3,0,1,10,5,8,9,0,5,7,0,4,0,4,2,7,2,2,9,9,8
n346,5,1,3,6,3,6,10,1,4,2,0,2,0,0,6,10,6,2,5,2,0,8,0,3,1,1,4,0,0,10,8,2,8,10,0,0,4,5,6,9,4,4,4,0,9,9,3,3,1,8,2,0,3,4,9,7,0,3,6,3,1,4,6,1,8,1,0,0,6,3,0,1,10,5,4,9,10,5,7,9,5,3,4,2,7,0,2,4,9,8
n345,5,1,3,0,3,6,10,1,4,2,0,2,0,6,6,10,6,2,5,2,3,8,0,3,1,1,4,0,0,10,8,2,8,0,0,0,4,5,6,9,4,4,4,0,9,9,3,3,0,8,2,3,3,4,9,7,0,3,6,3,1,4,6,1,7,1,0,0,6,3,0,1,10,5,4,9,10,5,7,9,0,3,4,2,7,1,2,0,9,8
n348,5,1,3,3,3,6,10,1,4,2,0,9,8,9,6,10,6,2,5,2,0,8,0,3,1,1,4,6,4,10,8,2,8,0,0,0,4,5,6,9,4,4,4,0,9,9,3,3,2,8,2,0,3,4,9,7,0,3,6,3,1,4,6,1,0,1,0,0,6,3,0,1,10,5,9,9,10,5,7,9,0,3,4,2,7,0,2,8,9,8
n347,5,1,3,3,3,6,10,1,4,2,0,9,8,0,6,10,6,2,5,2,0,8,7,3,1,1,4,0,0,10,8,2,8,2,0,3,4,5,6,9,4,4,4,0,9,9,3,3,2,8,2,0,3,4,9,7,0,3,6,3,1,4,6,1,8,1,0,0,6,3,0,1,10,5,0,9,10,5,7,9,0,3,4,2,7,0,2,5,9,8
n352,5,1,3,0,3,6,10,1,4,2,5,3,4,0,6,10,6,2,5,2,0,8,0,3,1,1,4,0,0,10,8,2,8,9,0,0,4,5,6,9,4,3,0,5,9,9,3,3,0,8,2,0,3,4,9,7,3,3,6,3,1,4,6,1,7,1,0,0,6,3,0,1,10,5,3,9,10,5,7,9,0,3,4,2,7,9,2,0,9,8
n351,5,1,3,0,3,6,10,1,4,2,5,0,0,10,6,10,6,2,5,2,0,8,9,3,1,1,4,0,0,10,8,2,8,9,0,3,4,5,6,9,4,3,6,2,9,9,3,3,0,8,2,0,3,4,9,7,3,3,6,3,1,4,6,1,7,1,0,0,6,3,0,1,10,5,0,9,10,5,7,9,0,3,4,2,7,9,2,0,9,8
n354,5,1,3,0,3,6,10,1,4,2,0,0,0,3,6,10,6,2,5,2,4,8,0,3,1,1,4,0,1,10,8,2,8,9,10,0,4,5,6,9,4,3,0,0,9,9,3,3,0,8,2,6,3,4,9,7,10,3,6,3,1,4,6,1,7,1,0,0,6,3,0,1,10,5,0,9,10,5,7,9,6,3,4,2,7,9,2,0,9,8
n353,5,1,3,0,3,6,10,1,4,2,10,6,0,3,6,10,6,2,5,2,0,8,0,3,1,1,4,0,0,10,8,2,8,9,10,2,4,5,6,9,4,3,0,0,9,9,3,3,0,8,2,0,3,4,9,7,0,3,6,3,1,4,6,1,7,1,0,0,6,3,0,1,10,5,0,9,10,5,7,9,6,3,4,2,7,9,2,0,9,8
n362,5,1,3,0,3,10,10,1,4,1,0,3,0,1,6,10,6,0,5,2,1,8,0,3,1,1,4,8,4,10,3,2,8,0,7,6,4,5,6,9,4,0,3,8,6,9,2,3,0,8,2,0,3,4,9,7,7,3,6,3,1,6,6,1,0,10,0,2,6,3,8,1,10,5,10,9,0,5,7,0,1,0,4,2,7,5,2,0,9,8
n361,5,1,3,9,3,10,10,1,4,0,0,3,9,1,6,10,6,0,5,2,0,8,8,3,1,1,4,8,4,10,3,2,8,0,7,6,4,5,6,9,4,0,3,8,6,9,2,3,0,8,2,0,3,4,9,7,7,3,6,3,1,6,6,1,0,10,8,2,6,3,8,1,10,5,10,9,0,5,7,0,1,7,4,2,7,5,2,1,9,8
n364,5,1,3,0,3,10,10,1,4,0,0,3,10,0,6,10,6,0,5,2,0,8,0,3,1,1,4,8,4,10,7,2,8,1,7,6,4,5,6,9,4,0,0,8,0,9,0,3,0,8,2,0,3,4,9,7,7,3,6,3,1,10,6,1,0,0,5,2,6,3,8,1,10,5,10,9,0,5,7,0,1,4,4,2,7,5,2,0,9,8
n363,5,1,3,0,3,10,10,1,4,8,0,3,1,0,6,10,6,0,5,2,0,8,0,3,1,1,4,8,4,10,1,2,8,1,7,6,4,5,6,9,4,0,6,8,0,9,0,3,0,8,2,0,3,4,9,7,7,3,6,3,1,0,6,1,0,0,5,2,6,3,8,1,10,5,10,9,0,5,7,0,1,4,4,2,7,5,2,0,9,8
n368,5,1,3,1,3,10,10,1,4,0,0,3,7,7,6,10,6,5,5,2,0,8,3,3,1,1,4,8,4,10,0,2,8,0,0,6,4,5,6,9,4,2,3,0,0,9,8,3,0,8,2,0,3,4,9,7,7,3,6,3,1,8,6,1,7,8,0,2,6,3,8,1,10,5,1,9,0,5,7,8,1,3,4,2,7,5,2,9,9,8
n367,5,1,3,1,3,10,10,1,4,0,0,3,0,7,6,10,6,0,5,2,0,8,3,3,1,1,4,8,4,10,4,2,8,0,0,6,4,5,6,9,4,10,3,7,0,9,8,3,9,8,2,0,3,4,9,7,7,3,6,3,1,0,6,1,7,0,0,2,6,3,8,1,10,5,1,9,0,5,7,8,1,0,4,2,7,5,2,7,9,8
n370,5,1,3,0,3,10,10,1,4,0,7,3,0,0,6,10,6,0,5,2,0,8,8,3,1,1,4,8,4,10,0,2,8,3,0,6,4,5,6,9,4,0,0,0,0,9,0,3,0,8,2,0,3,4,9,7,7,3,6,3,1,0,6,1,7,0,0,0,6,3,8,1,10,5,1,9,0,5,7,8,1,0,4,2,7,5,2,0,9,8
n369,5,1,3,0,3,10,10,1,4,1,7,3,0,0,6,10,6,0,5,2,0,8,8,3,1,1,4,8,4,10,0,2,8,0,0,6,4,5,6,9,4,0,0,0,0,9,0,3,10,8,2,0,3,4,9,7,7,3,6,3,1,6,6,1,7,0,3,0,6,3,8,1,10,5,1,9,0,5,7,8,1,0,4,2,7,5,2,0,9,8
n376,5,1,3,0,3,0,10,1,4,0,0,3,0,7,6,10,6,7,5,2,1,8,2,3,1,1,4,0,0,10,0,2,8,0,0,6,4,5,6,9,4,1,3,10,0,9,6,3,8,8,2,0,3,4,9,7,7,3,6,3,1,8,6,1,0,10,6,0,6,3,8,1,10,5,7,9,1,5,7,4,1,0,4,2,7,5,2,4,9,8
n375,5,1,3,4,3,0,10,1,4,0,2,3,0,7,6,10,6,7,5,2,1,8,0,3,1,1,4,0,2,10,0,2,8,0,0,6,4,5,6,9,4,1,3,10,0,9,6,3,0,8,2,8,3,4,9,7,7,3,6,3,1,8,6,1,3,10,6,0,6,3,8,1,10,5,0,9,1,5,7,4,1,0,4,2,7,5,2,4,9,8
n378,5,1,3,7,3,7,10,1,4,0,0,3,0,7,6,10,6,7,5,2,1,8,0,3,1,1,4,0,8,10,8,2,8,0,0,6,4,5,6,9,4,0,3,10,0,9,6,3,0,8,2,0,3,4,9,7,7,3,6,3,1,8,6,1,0,0,6,1,6,3,8,1,10,5,0,9,1,5,7,4,1,7,4,2,7,5,2,4,9,8
n377,5,1,3,0,3,0,10,1,4,7,0,3,0,7,6,10,6,7,5,2,1,8,0,3,1,1,4,0,0,10,6,2,8,9,0,6,4,5,6,9,4,0,3,10,0,9,6,3,0,8,2,3,3,4,9,7,7,3,6,3,1,8,6,1,3,9,6,4,6,3,8,1,10,5,2,9,1,5,7,4,1,7,4,2,7,5,2,4,9,8
n382,5,1,3,4,3,0,10,1,4,10,0,3,0,1,6,10,6,6,5,2,1,8,0,3,1,1,4,0,4,10,0,2,8,0,0,6,4,5,6,9,4,0,0,3,0,9,0,3,6,8,2,5,3,4,9,7,7,3,6,3,1,8,6,1,0,0,6,2,6,3,8,1,10,5,0,9,2,5,7,10,1,7,4,2,7,5,2,4,9,8
n381,5,1,3,4,3,0,10,1,4,10,0,3,0,0,6,10,6,6,5,2,1,8,0,3,1,1,4,9,0,10,0,2,8,0,0,6,4,5,6,9,4,0,0,3,0,9,0,3,6,8,2,5,3,4,9,7,7,3,6,3,1,8,6,1,0,0,6,2,6,3,8,1,10,5,0,9,0,5,7,10,1,7,4,2,7,5,2,4,9,8
n384,5,1,3,4,3,4,10,1,4,10,0,3,0,2,6,10,6,0,5,2,1,8,0,3,1,1,4,0,8,10,8,2,8,0,0,6,4,5,6,9,4,0,0,3,5,9,0,3,10,8,2,5,3,4,9,7,7,3,6,3,1,8,6,1,10,8,6,2,6,3,8,1,10,5,0,9,0,5,7,10,1,7,4,2,7,5,2,4,9,8
n383,5,1,3,4,3,0,10,1,4,10,3,3,0,2,6,10,6,0,5,2,1,8,5,3,1,1,4,0,8,10,10,2,8,8,0,6,4,5,6,9,4,0,0,3,5,9,0,3,0,8,2,5,3,4,9,7,7,3,6,3,1,8,6,1,10,0,6,2,6,3,8,1,10,5,0,9,0,5,7,10,1,7,4,2,7,5,2,4,9,8
n396,8,1,5,9,3,2,10,1,10,0,7,0,0,6,6,0,5,5,10,2,5,8,1,3,1,1,4,0,9,9,7,10,8,0,4,1,0,5,0,0,1,5,1,0,6,2,1,5,0,8,8,0,3,7,4,7,2,3,10,2,1,1,6,1,6,0,0,9,6,1,1,4,10,0,0,9,5,0,1,9,0,3,4,10,7,5,2,6,0,8
n395,8,1,5,9,3,0,10,1,10,0,7,0,0,6,6,0,5,5,0,2,5,8,1,3,1,1,4,0,9,9,7,10,8,0,4,5,6,5,0,10,1,5,1,0,6,2,1,5,0,8,8,0,3,7,4,7,2,3,10,2,1,1,6,1,0,0,0,9,6,1,1,4,10,1,0,9,5,0,1,9,0,3,4,10,7,5,2,6,10,8
n398,8,1,5,9,3,0,10,1,10,0,7,0,0,0,6,1,5,5,2,2,5,8,1,3,1,1,4,0,9,9,7,10,8,0,4,8,0,5,0,0,1,5,1,0,6,2,1,5,5,8,8,0,3,7,4,7,2,3,10,2,1,0,6,1,0,0,0,9,6,1,1,4,10,0,0,9,5,0,1,9,0,0,4,10,7,5,2,6,0,8
n397,8,1,5,9,3,0,10,1,10,2,7,4,0,0,6,10,5,5,0,2,5,8,1,3,1,1,4,0,9,9,7,10,8,0,4,0,0,5,1,1,1,5,1,0,6,2,1,5,5,8,8,0,3,7,4,7,2,3,10,2,1,0,6,1,0,0,0,9,6,1,1,4,10,0,0,9,5,0,1,9,0,0,4,10,7,5,2,6,0,8
n402,9,1,5,9,3,0,10,1,10,0,7,3,0,0,6,1,5,5,0,2,5,8,1,3,1,1,4,0,9,9,7,10,8,0,4,8,0,5,2,1,0,5,1,0,6,2,1,9,6,8,8,0,3,7,4,7,2,3,10,2,1,0,6,1,0,5,2,9,6,1,1,4,10,2,9,9,5,6,1,9,0,9,4,10,7,6,2,6,0,8
n401,6,1,5,9,3,0,10,1,10,0,7,3,0,0,6,1,5,5,0,2,5,8,1,3,1,1,4,0,9,9,7,10,8,0,4,8,0,5,2,1,7,5,1,0,6,2,1,0,6,8,8,0,3,7,4,7,2,3,10,2,1,0,6,1,0,0,2,9,6,1,1,4,10,2,9,9,5,6,1,9,0,9,4,10,7,6,2,6,0,8
n404,6,1,5,9,3,2,10,1,10,0,7,3,0,9,6,10,5,5,0,2,5,8,1,3,1,1,4,0,9,9,7,10,8,0,4,0,6,5,2,0,0,5,1,0,6,2,1,0,6,8,8,7,3,7,4,7,2,3,10,2,1,0,6,1,0,0,0,9,6,1,1,4,10,2,0,9,5,6,1,9,0,9,4,10,7,6,2,6,0,8
n403,0,1,5,9,3,2,10,1,10,0,7,3,0,0,6,10,5,5,0,2,5,8,1,3,1,1,4,4,9,9,7,10,8,0,4,0,0,5,2,0,0,5,1,0,6,2,1,0,6,8,8,0,3,7,4,7,2,3,10,2,1,10,6,1,0,0,0,9,6,1,1,4,10,2,0,9,5,6,1,9,0,9,4,10,7,6,2,6,0,8
n410,8,1,5,9,3,3,10,1,10,3,0,5,0,1,6,1,0,5,0,2,5,8,1,3,1,1,4,9,9,9,7,10,8,8,9,6,0,5,7,8,9,5,1,3,6,2,1,2,7,8,8,0,3,7,4,7,2,3,4,2,1,0,6,1,4,5,9,0,6,1,1,4,10,4,6,9,5,0,1,9,0,0,4,10,7,3,2,6,0,8
n409,8,1,5,9,3,0,10,1,10,3,9,5,8,1,6,1,0,5,0,2,5,8,1,3,1,1,4,9,9,9,7,10,8,8,9,6,0,5,0,8,9,5,1,3,6,2,1,2,7,8,8,0,3,7,4,7,2,3,4,2,1,9,6,1,4,0,0,0,6,1,1,4,10,4,6,9,5,0,1,9,0,0,4,10,7,3,2,6,0,8
n412,8,1,5,9,3,0,10,1,10,3,0,5,0,1,6,1,0,5,0,2,5,8,1,3,1,1,4,9,9,9,7,10,8,8,9,6,3,5,8,2,0,5,1,0,6,2,1,2,7,8,8,0,3,7,4,7,2,3,0,2,1,0,6,1,0,0,0,8,6,1,1,4,10,4,9,9,5,10,1,9,8,0,4,10,7,3,2,6,6,8
n411,8,1,5,9,3,0,10,1,10,3,8,5,0,1,6,1,0,5,0,2,5,8,1,3,1,1,4,9,9,9,7,10,8,8,9,6,0,5,8,7,5,5,1,0,6,2,1,2,7,8,8,10,3,7,4,7,2,3,0,2,1,0,6,1,0,0,0,6,6,1,1,4,10,4,9,9,5,0,1,9,8,0,4,10,7,3,2,6,0,8
n416,4,1,5,9,3,0,10,1,10,3,7,5,9,7,6,0,0,5,0,2,5,8,1,3,1,1,4,9,9,9,7,10,8,8,0,8,9,5,0,0,0,5,1,4,6,2,1,6,7,8,8,9,3,7,4,7,2,3,0,2,1,2,6,1,3,0,0,2,6,1,1,4,10,4,5,9,5,0,1,9,9,0,4,10,7,3,2,6,0,8
n415,0,1,5,9,3,0,10,1,10,3,7,5,9,7,6,0,0,5,0,2,5,8,1,3,1,1,4,9,9,9,7,10,8,8,0,8,0,5,0,10,0,5,1,4,6,2,1,6,7,8,8,9,3,7,4,7,2,3,0,2,1,2,6,1,3,0,0,0,6,1,1,4,10,4,0,9,5,0,1,9,0,0,4,10,7,3,2,6,0,8
n418,0,1,5,9,3,0,10,1,10,3,5,5,8,3,6,0,0,5,0,2,5,8,1,3,1,1,4,9,9,9,7,10,8,8,10,8,0,5,0,3,0,5,1,4,6,2,1,6,7,8,8,9,3,7,4,7,2,3,0,2,1,2,6,1,3,0,9,0,6,1,1,4,10,4,0,9,5,10,1,9,3,0,4,10,7,3,2,6,0,8
n417,0,1,5,9,3,0,10,1,10,3,5,5,8,3,6,9,0,5,3,2,5,8,1,3,1,1,4,9,9,9,7,10,8,8,10,8,0,5,0,3,0,5,1,4,6,2,1,6,7,8,8,9,3,7,4,7,2,3,0,2,1,2,6,1,3,0,0,0,6,1,1,4,10,4,0,9,5,5,1,9,0,0,4,10,7,3,2,6,0,8
n426,0,1,0,9,3,10,10,1,10,6,3,5,8,7,6,7,5,5,10,2,5,8,1,3,1,1,4,0,6,9,7,0,8,8,9,8,0,5,6,0,0,5,1,6,6,2,1,7,2,8,8,7,3,7,4,7,2,3,0,2,1,3,6,1,0,6,3,7,6,1,1,4,10,1,0,9,5,1,1,9,5,4,4,10,7,3,2,2,8,8
n425,0,1,0,9,3,10,10,1,10,6,3,5,8,7,6,7,5,5,10,2,5,8,1,3,1,1,4,0,6,9,7,0,8,8,9,0,0,5,6,0,1,5,1,6,6,2,1,7,0,8,8,0,3,7,4,7,2,3,0,2,1,3,6,1,0,6,0,7,6,1,1,4,10,1,0,9,5,1,1,9,0,4,4,10,7,3,2,2,8,8
n428,0,1,0,9,3,10,10,1,10,6,3,5,0,7,6,7,5,5,10,2,5,8,1,3,1,1,4,0,6,9,7,0,8,8,9,0,0,5,6,0,0,5,1,6,6,2,1,7,8,8,8,0,3,7,4,7,2,3,0,2,1,3,6,1,1,0,0,7,6,1,1,4,10,1,0,9,5,0,1,9,0,4,4,10,7,3,2,0,8,8
n427,0,1,0,9,3,10,10,1,10,6,3,5,0,7,6,7,5,5,10,2,5,8,1,3,1,1,4,0,6,9,7,0,8,8,9,0,0,5,6,0,0,5,1,6,6,2,1,7,8,8,8,7,3,7,4,7,2,3,0,2,1,3,6,1,1,0,0,7,6,1,1,4,10,1,0,9,5,0,1,9,1,4,4,10,7,3,2,0,8,8
n432,0,1,3,9,3,0,10,1,10,0,3,5,0,7,6,7,5,5,10,2,5,8,1,3,1,1,4,0,6,9,7,0,8,8,9,0,4,5,6,0,0,5,1,6,6,2,1,0,5,8,8,8,3,7,4,7,2,3,0,2,1,3,6,1,4,0,1,7,6,1,1,4,10,1,0,9,5,9,1,9,0,0,4,10,7,3,2,0,8,8
n431,10,1,3,9,3,0,10,1,10,0,3,5,0,7,6,7,5,5,10,2,5,8,1,3,1,1,4,0,6,9,7,0,8,8,9,0,0,5,6,0,0,5,1,6,6,2,1,0,5,8,8,8,3,7,4,7,2,3,0,2,1,3,6,1,4,0,1,7,6,1,1,4,10,1,0,9,5,9,1,9,0,10,4,10,7,3,2,0,8,8
n434,0,1,0,9,3,9,10,1,10,10,3,5,3,7,6,7,5,5,10,2,5,8,1,3,1,1,4,5,6,9,7,0,8,8,9,5,0,5,6,0,0,5,1,6,6,2,1,0,7,8,8,4,3,7,4,7,2,3,0,2,1,3,6,1,4,0,1,7,6,1,1,4,10,1,9,9,5,9,1,9,6,0,4,10,7,3,2,0,8,8
n433,0,1,0,9,3,0,10,1,10,10,3,5,3,7,6,7,5,5,10,2,5,8,1,3,1,1,4,0,6,9,7,0,8,8,9,0,7,5,6,0,0,5,1,6,6,2,1,6,4,8,8,4,3,7,4,7,2,3,0,2,1,3,6,1,4,0,1,7,6,1,1,4,10,1,0,9,5,9,1,9,0,0,4,10,7,3,2,0,8,8
n440,0,1,0,9,3,4,10,1,10,5,3,1,0,7,6,0,5,5,0,2,5,8,1,3,1,1,4,7,6,9,7,10,8,4,9,2,0,5,10,10,4,5,1,0,6,2,1,4,0,8,8,5,3,7,4,7,2,3,2,2,1,3,6,1,0,2,0,0,6,1,1,4,10,8,0,9,5,8,1,9,8,9,4,10,7,3,2,5,8,8
n439,10,1,0,9,3,0,10,1,10,0,3,1,0,7,6,3,5,5,0,2,5,8,1,3,1,1,4,7,6,9,7,10,8,4,9,0,0,5,10,10,4,5,1,0,6,2,1,4,0,8,8,5,3,7,4,7,2,3,2,2,1,3,6,1,0,2,0,0,6,1,1,4,10,8,0,9,5,8,1,9,8,9,4,10,7,3,2,0,8,8
n442,0,1,0,9,3,0,10,1,10,0,3,9,5,7,6,0,5,5,0,2,5,8,1,3,1,1,4,7,6,9,7,2,8,4,9,0,0,5,10,10,4,5,1,0,6,2,1,4,0,8,8,5,3,7,4,7,2,3,2,2,1,3,6,1,0,2,0,0,6,1,1,4,10,8,0,9,5,8,1,9,0,0,4,10,7,3,2,0,8,8
n441,0,1,2,9,3,2,10,1,10,0,3,0,5,7,6,0,5,5,0,2,5,8,1,3,1,1,4,7,6,9,7,0,8,4,9,0,8,5,10,10,4,5,1,10,6,2,1,4,0,8,8,5,3,7,4,7,2,3,2,2,1,3,6,1,0,2,0,0,6,1,1,4,10,8,0,9,5,8,1,9,0,4,4,10,7,3,2,0,8,8
n446,6,1,0,9,3,0,10,1,10,10,3,10,5,7,6,0,5,5,0,2,5,8,1,3,1,1,4,0,6,9,7,0,8,10,9,0,6,5,0,6,0,5,1,0,6,2,1,0,0,8,8,0,3,7,4,7,2,3,7,2,1,3,6,1,5,2,0,3,6,1,1,4,10,8,2,9,5,8,1,9,2,0,4,10,7,3,2,4,8,8
n445,6,1,8,9,3,0,10,1,10,3,3,10,5,7,6,5,5,5,0,2,5,8,1,3,1,1,4,0,6,9,7,0,8,10,9,0,6,5,0,6,0,5,1,0,6,2,1,3,0,8,8,0,3,7,4,7,2,3,3,2,1,3,6,1,5,2,9,5,6,1,1,4,10,8,2,9,5,8,1,9,2,0,4,10,7,3,2,4,8,8
n448,6,1,4,9,3,10,10,1,10,0,3,10,2,7,6,5,5,5,0,2,5,8,1,3,1,1,4,0,6,9,7,0,8,0,9,0,6,5,0,6,5,5,1,0,6,2,1,0,0,8,8,1,3,7,4,7,2,3,0,2,1,3,6,1,0,2,0,0,6,1,1,4,10,8,2,9,5,8,1,9,2,0,4,10,7,3,2,4,8,8
n447,6,1,4,9,3,0,10,1,10,0,3,10,0,7,6,0,5,5,0,2,5,8,1,3,1,1,4,3,6,9,7,0,8,0,9,0,6,5,0,6,0,5,1,0,6,2,1,0,0,8,8,1,3,7,4,7,2,3,8,2,1,3,6,1,0,2,0,0,6,1,1,4,10,8,2,9,5,8,1,9,2,0,4,10,7,3,2,4,8,8
n458,7,1,10,9,3,1,10,1,10,0,8,4,0,7,6,2,0,5,3,2,5,8,1,3,1,1,4,9,0,9,7,9,8,0,5,2,6,5,0,6,1,5,1,7,6,2,7,10,0,8,8,1,3,7,4,7,10,3,0,2,1,4,6,1,0,3,6,8,6,1,10,4,10,10,8,9,5,8,1,6,2,3,4,8,7,3,2,0,6,8
n457,7,1,10,9,3,1,10,1,10,7,8,0,0,7,6,2,0,5,0,2,5,8,1,3,1,1,4,9,0,9,7,0,8,0,0,2,6,5,0,6,1,5,1,0,6,2,7,10,0,8,8,1,3,7,4,7,10,3,0,2,1,4,6,1,0,0,6,8,6,1,10,4,10,10,8,9,5,8,1,6,2,3,4,8,7,3,2,0,6,8
n460,7,1,0,9,3,1,10,1,10,10,7,0,0,2,6,2,7,5,0,2,5,8,1,3,1,1,4,9,8,9,7,0,8,0,0,2,6,5,0,6,1,5,1,0,6,0,7,0,0,8,8,1,3,7,4,7,10,3,0,2,1,4,6,1,9,0,6,8,6,1,10,4,10,10,8,9,5,8,1,6,2,3,4,8,7,3,2,0,6,8
n459,7,1,0,9,3,1,10,1,10,1,8,0,0,2,6,2,7,5,4,2,5,8,1,3,1,1,4,9,8,9,7,1,8,0,0,2,6,5,0,6,1,5,1,0,6,0,7,4,3,8,8,1,3,7,4,7,10,3,0,2,1,4,6,1,9,10,6,8,6,1,10,4,10,10,8,9,5,8,1,6,2,3,4,8,7,3,2,7,6,8
n464,7,1,0,9,3,1,10,1,10,0,0,0,0,4,6,2,0,5,4,2,5,8,1,3,1,1,4,9,5,9,7,0,8,0,0,2,6,5,0,6,1,5,1,6,6,0,7,1,6,8,8,1,3,7,4,7,10,3,0,2,1,4,6,1,0,0,6,8,6,1,10,4,10,10,8,9,5,8,1,6,2,3,4,8,7,3,2,0,6,8
n463,7,1,0,9,3,1,10,1,10,10,0,0,0,4,6,2,0,5,4,2,5,8,1,3,1,1,4,9,5,9,7,0,8,0,9,2,6,5,0,6,1,5,1,6,6,3,7,1,6,8,8,1,3,7,4,7,10,3,0,2,1,4,6,1,0,0,6,8,6,1,10,4,10,10,8,9,5,8,1,6,2,3,4,8,7,3,2,0,6,8
n466,7,1,0,9,3,1,10,1,10,0,9,9,10,4,6,2,0,5,0,2,5,8,1,3,1,1,4,9,5,9,7,0,8,2,9,2,6,5,0,6,1,5,1,6,6,1,7,1,0,8,8,1,3,7,4,7,10,3,0,2,1,4,6,1,8,0,6,8,6,1,10,4,10,10,8,9,5,8,1,6,2,3,4,8,7,3,2,5,6,8
n465,7,1,0,9,3,1,10,1,10,0,8,0,10,4,6,2,0,5,5,2,5,8,1,3,1,1,4,9,5,9,7,2,8,2,9,2,6,5,0,6,1,5,1,6,6,1,7,1,0,8,8,1,3,7,4,7,10,3,0,2,1,4,6,1,8,0,6,8,6,1,10,4,10,10,8,9,5,8,1,6,2,3,4,8,7,3,2,0,6,8
n472,7,1,0,9,3,0,10,1,10,5,0,0,7,0,6,2,0,5,0,2,5,8,1,3,1,1,4,9,7,9,7,10,8,6,8,2,6,5,5,3,1,5,1,9,6,0,7,2,0,8,8,1,3,7,4,7,10,3,0,2,1,4,6,1,7,1,6,0,6,1,0,4,10,3,8,9,5,8,1,6,0,0,4,8,7,3,2,4,6,8
n471,7,1,0,9,3,0,10,1,10,5,0,0,7,5,6,2,8,5,0,2,5,8,1,3,1,1,4,9,7,9,7,10,8,6,8,2,6,5,5,3,1,5,1,9,6,0,7,2,0,8,8,1,3,7,4,7,10,3,5,2,1,4,6,1,7,1,6,0,6,1,0,4,10,0,8,9,5,8,1,6,0,0,4,8,7,3,2,4,6,8
n474,7,1,0,9,3,0,10,1,10,0,2,0,0,0,6,2,0,5,0,2,5,8,1,3,1,1,4,9,7,9,7,10,8,6,8,2,6,5,5,0,1,5,1,9,6,0,7,10,10,8,8,1,3,7,4,7,10,3,7,2,1,4,6,1,7,1,6,5,6,1,0,4,10,0,8,9,5,8,1,6,0,0,4,8,7,3,2,4,6,8
n473,7,1,0,9,3,0,10,1,10,0,0,0,0,0,6,2,0,5,0,2,5,8,1,3,1,1,4,9,7,9,7,10,8,6,8,2,6,5,5,0,1,5,1,9,6,1,7,10,0,8,8,1,3,7,4,7,10,3,0,2,1,4,6,1,7,1,6,0,6,1,9,4,10,0,8,9,5,8,1,6,0,0,4,8,7,3,2,4,6,8
n478,7,1,0,9,3,0,10,1,10,0,10,4,0,0,6,2,0,5,0,2,5,8,1,3,1,1,4,9,3,9,7,8,8,6,8,2,6,5,5,10,1,5,1,0,6,0,7,0,0,8,8,1,3,7,4,7,10,3,0,2,1,4,6,1,7,1,6,0,6,1,0,4,10,0,8,9,5,8,1,6,0,8,4,8,7,3,2,0,6,8
n477,7,1,0,9,3,0,10,1,10,3,0,4,0,0,6,2,0,5,0,2,5,8,1,3,1,1,4,9,3,9,7,0,8,6,8,2,6,5,5,0,1,5,1,0,6,8,7,0,0,8,8,1,3,7,4,7,10,3,0,2,1,4,6,1,7,1,6,5,6,1,2,4,10,6,8,9,5,8,1,6,0,0,4,8,7,3,2,0,6,8
n480,7,1,10,9,3,0,10,1,10,7,7,4,0,0,6,2,0,5,0,2,5,8,1,3,1,1,4,9,0,9,7,0,8,6,8,2,6,5,5,0,1,5,1,0,6,6,7,0,0,8,8,1,3,7,4,7,10,3,0,2,1,4,6,1,7,1,6,2,6,1,0,4,10,10,8,9,5,8,1,6,0,0,4,8,7,3,2,0,6,8
n479,7,1,9,9,3,10,10,1,10,7,0,4,0,0,6,2,0,5,0,2,5,8,1,3,1,1,4,9,0,9,7,0,8,6,8,2,6,5,5,0,1,5,1,8,6,0,7,4,0,8,8,1,3,7,4,7,10,3,0,2,1,4,6,1,7,1,6,2,6,1,0,4,10,10,8,9,5,8,1,6,0,0,4,8,7,3,2,4,6,8
n488,7,1,9,9,3,5,10,1,10,1,8,8,5,10,6,1,0,5,6,2,5,8,1,3,1,1,4,9,0,9,7,3,8,0,0,1,6,5,0,7,4,5,1,9,6,7,6,3,5,8,8,6,3,7,4,7,10,3,2,2,1,4,6,1,0,0,6,6,6,1,0,4,10,9,0,9,5,8,1,6,0,9,4,8,7,1,2,0,6,8
n487,7,1,9,9,3,5,10,1,10,1,0,8,5,0,6,3,0,5,6,2,5,8,1,3,1,1,4,9,0,9,7,3,8,0,0,1,6,5,0,7,4,5,1,9,6,7,6,3,5,8,8,6,3,7,4,7,10,3,2,2,1,4,6,1,0,0,6,0,6,1,4,4,10,9,0,9,5,8,1,6,0,0,4,8,7,1,2,0,6,8
n490,7,1,9,9,3,5,10,1,10,1,5,8,5,7,6,10,0,5,6,2,5,8,1,3,1,1,4,9,1,9,7,3,8,0,10,0,6,5,0,7,3,5,1,9,6,7,6,3,5,8,8,6,3,7,4,7,10,3,2,2,1,4,6,1,0,0,6,0,6,1,0,4,10,9,0,9,5,8,1,6,0,0,4,8,7,1,2,0,6,8
n489,7,1,9,9,3,5,10,1,10,1,0,8,5,7,6,0,0,5,6,2,5,8,1,3,1,1,4,9,1,9,7,3,8,0,10,3,6,5,0,7,3,5,1,9,6,7,6,3,5,8,8,0,3,7,4,7,10,3,2,2,1,4,6,1,0,0,6,0,6,1,0,4,10,9,0,9,5,8,1,6,0,1,4,8,7,1,2,0,6,8
n494,7,1,9,9,3,0,10,1,10,1,8,8,5,7,6,9,2,5,6,2,5,8,1,3,1,1,4,9,0,9,7,0,8,0,0,2,6,5,2,7,5,5,1,9,6,0,6,3,5,8,8,0,3,7,4,7,10,3,2,2,1,4,6,1,6,2,6,0,6,1,0,4,10,9,6,9,5,8,1,6,0,2,4,8,7,1,2,0,6,8
n493,7,1,9,9,3,0,10,1,10,1,0,8,5,0,6,9,7,5,6,2,5,8,1,3,1,1,4,9,0,9,7,0,8,8,0,2,6,5,0,7,0,5,1,9,6,0,6,3,5,8,8,0,3,7,4,7,10,3,2,2,1,4,6,1,6,2,6,0,6,1,0,4,10,9,6,9,5,8,1,6,0,2,4,8,7,1,2,0,6,8
n496,7,1,9,9,3,0,10,1,10,1,8,8,5,10,6,0,0,5,6,2,5,8,1,3,1,1,4,9,0,9,7,0,8,2,1,2,6,5,0,7,0,5,1,9,6,0,6,3,5,8,8,0,3,7,4,7,10,3,2,2,1,4,6,1,6,2,6,5,6,1,0,4,10,9,10,9,5,8,1,6,0,2,4,8,7,1,2,0,6,8
n495,7,1,9,9,3,8,10,1,10,1,0,8,5,0,6,0,0,5,6,2,5,8,1,3,1,1,4,9,6,9,7,2,8,0,1,2,6,5,0,7,0,5,1,9,6,0,6,3,5,8,8,0,3,7,4,7,10,3,2,2,1,4,6,1,6,3,6,5,6,1,0,4,10,9,10,9,5,8,1,6,0,2,4,8,7,1,2,0,6,8
n502,7,1,9,9,3,0,10,1,10,6,0,8,5,9,6,0,4,5,0,2,5,8,1,3,1,1,4,9,2,9,7,5,8,3,4,8,6,5,2,3,0,5,1,9,6,0,6,6,5,8,8,8,3,7,4,7,10,3,2,2,1,4,6,1,2,0,6,0,6,1,0,4,10,9,2,9,5,8,1,6,7,6,4,8,7,0,2,1,6,8
n501,7,1,9,9,3,0,10,1,10,0,0,8,5,9,6,0,4,5,0,2,5,8,1,3,1,1,4,9,2,9,7,0,8,3,4,8,6,5,0,0,0,5,1,9,6,3,6,6,5,8,8,8,3,7,4,7,10,3,2,2,1,4,6,1,2,0,6,0,6,1,2,4,10,9,0,9,5,8,1,6,7,6,4,8,7,0,2,1,6,8
n504,7,1,9,9,3,9,10,1,10,0,0,8,5,9,6,0,4,5,4,2,5,8,1,3,1,1,4,9,2,9,7,0,8,0,4,4,6,5,0,6,8,5,1,9,6,0,6,6,5,8,8,0,3,7,4,7,10,3,2,2,1,4,6,1,0,0,6,8,6,1,4,4,10,9,0,9,5,8,1,6,7,6,4,8,7,0,2,9,6,8
n503,7,1,9,9,3,0,10,1,10,0,0,8,5,9,6,0,4,5,2,2,5,8,1,3,1,1,4,9,2,9,7,0,8,0,4,4,6,5,7,0,0,5,1,9,6,0,6,6,5,8,8,0,3,7,4,7,10,3,2,2,1,4,6,1,0,0,6,8,6,1,4,4,10,9,0,9,5,8,1,6,7,6,4,8,7,0,2,0,6,8
n508,7,1,9,9,3,0,10,1,10,5,6,8,5,9,6,0,4,5,4,2,5,8,1,3,1,1,4,9,9,9,7,0,8,0,4,0,6,5,10,6,8,5,1,9,6,0,6,6,5,8,8,0,3,7,4,7,10,3,2,2,1,4,6,1,0,0,6,0,6,1,4,4,10,9,3,9,5,8,1,6,0,3,4,8,7,0,2,10,6,8
n507,7,1,9,9,3,0,10,1,10,5,6,8,5,9,6,0,4,5,4,2,5,8,1,3,1,1,4,9,9,9,7,0,8,0,4,2,6,5,10,6,8,5,1,9,6,0,6,6,5,8,8,0,3,7,4,7,10,3,2,2,1,4,6,1,0,0,6,0,6,1,4,4,10,9,3,9,5,8,1,6,0,3,4,8,7,0,2,10,6,8
n510,7,1,9,9,3,0,10,1,10,5,6,8,5,9,6,9,4,5,0,2,5,8,1,3,1,1,4,9,0,9,7,8,8,0,4,0,6,5,0,7,0,5,1,9,6,8,6,6,5,8,8,0,3,7,4,7,10,3,2,2,1,4,6,1,0,0,6,0,6,1,4,4,10,9,0,9,5,8,1,6,3,3,4,8,7,10,2,10,6,8
n509,7,1,9,9,3,0,10,1,10,5,6,8,5,9,6,0,4,5,0,2,5,8,1,3,1,1,4,9,0,9,7,0,8,0,4,0,6,5,0,7,0,5,1,9,6,8,6,6,5,8,8,0,3,7,4,7,10,3,2,2,1,4,6,1,0,0,6,0,6,1,4,4,10,9,0,9,5,8,1,6,0,3,4,8,7,10,2,10,6,8
