cell,r1,r2,r3,r4,r5,r6,r7,r8,r9,r10
n16,3,8,3,10,0,6,1,1,8,8
n15,3,8,3,0,0,6,1,1,8,8
n18,3,8,0,0,0,6,1,1,8,8
n17,3,8,0,1,0,6,1,1,8,8
n22,3,8,2,0,0,6,1,1,8,8
n21,3,8,2,0,0,6,1,1,8,8
n24,3,8,2,0,0,6,1,1,8,8
n23,3,8,2,0,0,6,1,1,8,8
n30,3,8,6,6,0,6,1,1,8,8
n29,3,8,6,6,0,6,1,1,8,8
n32,3,8,6,6,0,6,1,1,8,8
n31,3,8,6,6,0,6,1,1,8,8
n36,3,8,0,6,0,6,1,1,8,8
n35,3,8,1,6,0,6,1,1,8,8
n38,3,8,9,6,10,6,1,1,8,8
n37,3,8,0,6,10,6,1,1,8,8
n46,3,8,10,0,0,6,9,1,8,8
n45,3,8,10,0,0,6,9,1,8,8
n48,3,8,10,0,8,6,9,1,8,8
n47,3,8,10,0,8,6,9,1,8,8
n52,3,8,10,4,2,6,9,1,8,8
n51,3,8,10,4,2,6,9,1,8,8
n54,3,8,10,4,2,6,9,1,8,8
n53,3,8,10,4,2,6,9,1,8,8
n60,3,8,9,7,0,6,9,1,8,8
n59,3,8,9,7,0,6,9,1,8,8
n62,3,8,9,7,3,6,9,1,8,8
n61,3,8,9,7,1,6,9,1,8,8
n66,3,8,9,0,0,6,9,1,8,8
n65,3,8,9,0,0,6,9,1,8,8
n68,3,8,9,0,0,6,9,1,8,8
n67,3,8,9,0,0,6,9,1,8,8
n78,3,8,10,1,0,6,0,1,10,8
n77,3,8,10,1,0,6,7,1,10,8
n80,3,8,10,1,0,6,8,1,10,8
n79,3,8,10,1,4,6,8,1,10,8
n84,3,8,10,1,0,6,2,1,10,8
n83,3,8,10,1,0,6,2,1,10,8
n86,3,8,10,1,0,6,2,1,10,8
n85,3,8,10,1,0,6,2,1,10,8
n92,3,8,10,1,0,6,0,1,7,8
n91,3,8,10,1,0,6,10,1,0,8
n94,3,8,10,1,7,6,0,1,8,8
n93,3,8,10,1,7,6,0,1,10,8
n98,3,8,10,1,0,6,3,1,5,8
n97,3,8,10,1,4,6,3,1,5,8
n100,3,8,10,1,0,6,3,1,5,8
n99,3,8,10,1,5,6,3,1,5,8
n108,3,8,8,1,5,6,3,1,3,8
n107,3,8,8,1,5,6,3,1,3,8
n110,3,8,0,1,0,6,3,1,3,8
n109,3,8,10,1,0,6,3,1,3,8
n114,3,8,7,1,6,6,0,1,0,8
n113,3,8,7,1,6,6,0,1,0,8
n116,3,8,0,1,6,6,0,1,0,8
n115,3,8,0,1,6,6,0,1,8,8
n122,3,8,0,1,7,6,9,1,0,8
n121,3,8,0,1,7,6,9,1,5,8
n124,3,8,0,1,7,6,9,1,4,8
n123,3,8,10,1,7,6,9,1,0,8
n128,3,8,0,1,9,6,9,1,6,8
n127,3,8,0,1,9,6,9,1,6,8
n130,3,8,0,1,9,6,9,1,6,8
n129,3,8,6,1,9,6,9,1,6,8
n142,6,8,0,4,5,6,7,0,9,0
n141,6,8,0,4,5,6,7,0,9,0
n144,6,8,4,4,5,6,7,10,9,0
n143,6,8,0,4,5,6,7,10,9,6
n148,6,8,0,4,5,6,7,9,9,7
n147,6,8,0,4,5,6,7,9,9,7
n150,6,8,0,4,5,6,7,9,9,7
n149,6,8,0,4,5,6,7,9,9,7
n156,6,8,1,4,0,6,0,2,9,0
n155,6,8,1,4,0,6,0,0,9,0
n158,6,8,0,4,3,6,0,0,9,6
n157,6,8,0,4,3,6,7,0,9,6
n162,6,8,0,4,0,6,0,6,9,0
n161,6,8,0,4,0,6,0,9,9,3
n164,6,8,0,4,8,6,0,0,9,10
n163,6,8,6,4,8,6,0,0,9,10
n172,6,8,7,4,0,6,0,5,9,8
n171,6,8,7,4,0,6,0,5,9,8
n174,6,8,7,4,0,6,0,5,9,8
n173,6,8,7,4,9,6,0,5,9,8
n178,6,8,7,4,0,6,0,5,9,8
n177,6,8,7,4,0,6,0,5,9,8
n180,6,8,7,4,2,6,3,5,9,8
n179,6,8,7,4,2,6,0,5,9,8
n186,6,8,6,4,9,6,1,5,9,8
n185,6,8,6,4,0,6,0,5,9,8
n188,6,8,6,4,9,6,2,5,9,8
n187,6,8,6,4,0,6,0,5,9,8
n192,6,8,6,4,10,6,0,5,9,8
n191,6,8,6,4,10,6,0,5,9,8
n194,6,8,6,4,10,6,7,5,9,8
n193,6,8,6,4,10,6,0,5,9,8
n204,7,8,8,8,5,6,2,4,9,10
n203,7,8,8,8,5,6,2,4,9,10
n206,7,8,8,8,6,6,2,0,9,10
n205,7,8,8,8,0,6,2,0,9,10
n210,7,8,8,8,7,6,2,4,9,10
n209,7,8,8,8,0,6,2,9,9,10
n212,7,8,8,8,6,6,2,0,9,10
n211,7,8,8,8,0,6,2,0,9,10
n218,7,8,2,8,5,6,0,0,9,10
n217,7,8,2,8,5,6,0,0,9,10
n220,7,8,2,8,5,6,0,0,9,10
n219,7,8,2,8,5,6,0,0,9,10
n224,7,8,2,8,2,6,0,10,9,10
n223,7,8,2,8,2,6,0,5,9,10
n226,7,8,2,8,2,6,7,9,9,10
n225,7,8,2,8,2,6,0,0,9,10
n234,7,8,5,8,0,6,0,1,9,8
n233,7,8,5,8,3,6,0,1,9,0
n236,7,8,5,8,0,6,8,1,9,0
n235,7,8,5,8,0,6,8,1,9,0
n240,7,8,1,8,9,6,6,1,9,0
n239,7,8,0,8,9,6,7,1,9,0
n242,7,8,0,8,9,6,0,1,9,0
n241,7,8,0,8,9,6,0,1,9,0
n248,7,8,6,8,9,6,5,1,9,7
n247,7,8,6,8,9,6,5,1,9,7
n250,7,8,6,8,0,6,5,1,9,7
n249,7,8,6,8,0,6,5,1,9,7
n254,7,8,6,8,0,6,0,1,9,7
n253,7,8,6,8,0,6,0,1,9,7
n256,7,8,6,8,5,6,0,1,9,7
n255,7,8,6,8,5,6,8,1,9,7
n270,4,8,6,2,8,7,6,0,7,5
n269,4,8,6,2,8,7,6,0,7,5
n272,4,0,6,2,8,7,0,0,7,5
n271,4,2,6,2,8,7,0,0,7,5
n276,4,0,6,2,8,7,8,0,7,5
n275,4,0,6,2,8,7,8,0,7,5
n278,4,0,6,2,8,7,8,4,7,5
n277,4,0,6,2,8,7,8,0,7,5
n284,9,10,6,2,8,7,10,0,7,5
n283,9,10,6,2,8,7,10,0,7,5
n286,9,10,6,2,8,7,0,3,7,5
n285,9,10,6,2,8,7,0,3,7,5
n290,9,10,6,2,8,7,4,0,7,5
n289,9,10,6,2,8,7,4,0,7,5
n292,9,10,6,2,8,7,0,2,7,5
n291,9,10,6,2,8,7,0,2,7,5
n300,7,4,6,2,8,7,1,3,7,5
n299,7,4,6,2,8,7,1,3,7,5
n302,7,4,6,2,8,7,1,0,7,5
n301,7,4,6,2,8,7,1,0,7,5
n306,7,4,6,2,8,7,1,0,7,5
n305,7,4,6,2,8,7,1,0,7,5
n308,7,4,6,2,8,7,1,0,7,5
n307,7,4,6,2,8,7,1,0,7,5
n314,7,4,6,1,8,7,1,3,7,5
n313,7,4,6,1,8,7,1,3,7,5
n316,7,4,6,1,8,7,1,3,7,5
n315,7,4,6,1,8,7,1,3,7,5
n320,7,4,6,1,8,7,6,3,7,5
n319,7,4,6,1,8,7,6,3,7,5
n322,7,4,6,1,8,7,6,3,7,5
n321,7,4,6,1,8,7,6,3,7,5
n332,8,3,6,5,8,7,1,10,7,5
n331,8,3,6,5,8,7,0,10,7,5
n334,8,3,6,7,8,7,0,0,7,5
n333,8,3,6,7,8,7,0,0,7,5
n338,8,3,0,3,8,7,6,7,7,5
n337,8,3,0,3,8,7,6,0,7,5
n340,8,3,5,3,8,7,0,0,7,5
n339,8,3,0,3,8,7,0,0,7,5
n346,8,3,0,0,8,7,4,4,7,5
n345,8,3,0,0,8,7,4,4,7,5
n348,8,3,0,0,8,7,4,4,7,5
n347,8,3,0,0,8,7,4,4,7,5
n352,8,3,8,9,8,7,4,0,7,5
n351,8,3,0,9,8,7,4,4,7,5
n354,8,3,7,9,8,7,4,0,7,5
n353,8,3,0,9,8,7,4,6,7,5
n362,8,3,0,1,8,7,6,7,7,5
n361,8,3,0,1,8,7,0,0,7,5
n364,8,3,7,1,8,7,2,9,7,5
n363,8,3,7,1,8,7,2,0,7,5
n368,8,3,0,0,8,7,0,10,7,5
n367,8,3,0,0,8,7,0,0,7,5
n370,8,3,0,5,8,7,0,0,7,5
n369,8,3,0,0,8,7,0,0,7,5
n376,8,3,7,9,8,7,4,0,7,5
n375,8,3,7,9,8,7,4,0,7,5
n378,8,3,7,9,8,7,4,0,7,5
n377,8,3,7,9,8,7,4,0,7,5
n382,8,3,0,9,8,7,10,5,7,5
n381,8,3,0,9,8,7,10,10,7,5
n384,8,3,0,9,8,7,8,0,7,5
n383,8,3,1,9,8,7,0,0,7,5
n396,10,3,7,9,1,5,1,10,1,0
n395,10,3,7,9,1,5,1,10,1,0
n398,10,3,7,9,1,5,1,10,1,0
n397,10,3,7,9,1,5,1,10,1,0
n402,10,3,7,9,1,5,1,0,1,1
n401,10,3,7,9,1,5,1,0,1,1
n404,10,3,7,9,1,5,1,0,1,1
n403,10,3,7,9,1,5,1,2,1,1
n410,8,3,7,9,1,5,1,0,1,0
n409,8,3,7,9,1,5,1,0,1,0
n412,8,3,7,9,1,5,1,3,1,0
n411,8,3,7,9,1,5,1,3,1,0
n416,8,3,7,9,1,5,1,0,1,0
n415,8,3,7,9,1,5,1,0,1,0
n418,8,3,7,9,1,5,1,0,1,8
n417,8,3,7,9,1,5,1,0,1,8
n426,10,4,5,0,1,5,0,6,1,0
n425,10,4,5,0,1,5,0,6,1,0
n428,10,4,5,0,1,5,0,6,1,5
n427,10,4,5,0,1,5,9,6,1,5
n432,10,0,5,3,1,5,0,6,1,10
n431,10,1,5,3,1,5,0,6,1,0
n434,10,0,5,7,1,5,3,6,1,0
n433,10,0,5,1,1,5,3,6,1,0
n440,10,3,9,7,1,5,0,6,1,3
n439,10,3,9,7,1,5,0,6,1,3
n442,10,3,9,7,1,5,0,6,1,3
n441,10,3,9,7,1,5,8,6,1,3
n446,10,1,9,7,1,5,0,6,1,3
n445,10,1,9,7,1,5,0,6,1,3
n448,10,0,9,7,1,5,0,6,1,3
n447,10,0,9,7,1,5,0,6,1,3
n458,2,0,0,0,1,5,0,3,8,5
n457,2,8,8,0,1,5,0,3,0,5
n460,2,0,0,0,1,5,0,3,0,0
n459,2,0,0,0,1,5,0,3,0,4
n464,2,0,8,6,1,5,1,3,0,3
n463,2,0,7,0,1,5,0,3,0,3
n466,2,0,0,0,1,5,0,3,0,0
n465,2,0,0,0,1,5,7,3,0,10
n472,2,10,0,0,1,5,5,0,0,7
n471,2,10,0,1,1,5,5,0,0,7
n474,2,10,0,0,1,5,5,0,0,7
n473,2,10,0,0,1,5,5,0,0,7
n478,2,0,2,8,1,5,5,6,6,8
n477,2,0,9,8,1,5,5,6,0,8
n480,2,0,0,10,1,5,5,0,7,8
n479,2,0,0,10,1,5,5,0,7,8
n488,0,4,4,0,1,5,0,0,0,3
n487,0,4,4,0,1,5,0,0,5,3
n490,0,4,4,8,1,5,0,0,0,0
n489,0,4,4,0,1,5,0,0,0,0
n494,0,4,4,0,1,5,0,0,0,0
n493,0,4,4,0,1,5,0,0,0,0
n496,0,4,4,9,1,5,0,0,0,0
n495,0,4,4,0,1,5,4,0,0,0
n502,0,4,4,7,1,5,8,10,0,1
n501,3,4,4,0,1,5,8,10,0,1
n504,0,4,4,4,1,5,0,10,0,1
n503,0,4,4,0,1,5,0,10,0,1
n508,8,4,4,0,1,5,0,10,9,1
n507,8,4,4,6,1,5,0,10,9,1
n510,8,4,4,0,1,5,0,10,9,1
n509,8,4,4,0,1,5,0,10,9,1
