cell,r1,r2,r3,r4,r5,r6,r7,r8,r9,r10,r11,r12,r13,r14,r15,r16,r17,r18,r19,r20,r21,r22,r23,r24,r25,r26,r27,r28,r29,r30,r31,r32,r33,r34,r35,r36,r37,r38,r39,r40,r41,r42,r43,r44,r45,r46,r47,r48,r49,r50,r51,r52,r53,r54,r55,r56,r57,r58,r59,r60,r61,r62,r63,r64,r65,r66,r67,r68,r69,r70,r71,r72,r73,r74,r75,r76,r77,r78,r79,r80,r81,r82,r83,r84,r85,r86,r87,r88,r89,r90
n16,7,2,8,3,10,9,0,1,10,5,7,2,4,0,0,0,4,5,5,0,8,3,5,6,4,10,3,8,3,5,8,4,0,7,8,10,2,10,0,1,6,10,7,4,4,4,0,3,8,4,3,7,6,0,7,8,0,6,4,7,6,2,5,10,5,2,1,0,0,4,2,10,4,5,0,3,1,1,4,2,3,0,1,8,5,7,2,5,4,0
n15,7,2,8,3,10,0,0,1,10,5,7,2,4,0,0,0,4,5,5,0,8,3,5,6,4,10,3,8,3,5,8,4,0,0,8,10,2,10,0,1,1,10,7,0,0,4,0,3,8,4,3,7,6,1,7,8,0,6,4,7,6,2,5,10,5,2,1,0,0,4,2,10,0,5,0,3,1,1,4,2,3,0,1,8,5,7,2,5,4,0
n18,7,2,8,3,10,0,1,1,10,5,7,4,4,0,2,0,4,5,5,0,8,3,5,6,4,10,3,8,3,5,8,4,0,7,8,10,2,10,7,1,0,10,7,8,0,4,2,3,8,4,3,0,6,0,7,8,0,6,4,7,6,2,5,10,5,2,1,0,8,4,2,10,0,5,7,3,1,1,4,2,3,0,1,8,5,0,2,5,4,0
n17,7,2,8,3,10,0,0,1,10,5,7,4,4,0,2,0,4,5,5,0,8,3,5,6,4,10,3,8,3,5,8,4,0,0,8,10,2,10,7,1,0,10,7,8,8,4,2,3,8,4,3,8,6,0,7,8,0,6,4,7,6,2,5,10,5,2,1,0,8,4,2,10,0,5,0,3,1,1,4,2,3,6,1,8,5,0,2,5,4,0
n22,7,2,8,3,10,10,0,1,10,5,7,4,4,0,0,0,4,5,5,0,8,3,5,6,4,10,3,8,3,5,0,4,0,4,8,2,2,10,0,1,0,10,7,0,9,4,4,3,8,4,3,1,6,10,7,8,7,6,4,7,6,2,5,10,5,2,1,0,4,4,2,0,0,5,0,3,1,1,4,2,3,0,9,8,5,0,2,5,4,0
n21,7,2,8,3,10,10,0,1,10,5,7,4,4,3,0,0,4,5,5,0,8,3,5,6,4,10,3,8,3,5,0,4,4,4,8,0,2,10,0,1,0,10,7,0,9,4,0,3,8,4,3,1,6,10,7,8,7,6,4,7,6,2,5,10,5,2,1,0,4,4,2,0,0,5,0,3,1,1,4,2,3,0,9,8,5,0,2,5,4,9
n24,7,2,8,3,10,10,0,1,10,5,7,4,4,2,7,8,4,5,5,10,8,3,5,6,4,10,3,8,3,5,8,4,0,4,8,10,2,10,0,1,0,10,7,0,9,4,0,3,8,4,3,0,6,10,7,8,0,6,4,7,6,2,5,10,5,2,1,1,5,4,2,0,9,5,0,3,1,1,4,2,3,4,9,8,5,0,2,5,4,1
n23,7,2,8,3,10,10,0,1,10,5,7,4,4,2,7,8,4,5,5,0,8,3,5,6,4,10,3,8,3,5,7,4,2,4,8,10,2,10,0,1,0,10,7,0,9,4,0,3,8,4,3,0,6,10,7,8,0,6,4,7,6,2,5,10,5,2,1,0,0,4,2,0,9,5,0,3,1,1,4,2,3,4,9,8,5,9,2,5,4,0
n30,7,2,8,3,10,5,0,1,10,5,7,0,4,0,0,0,4,5,5,5,8,3,5,6,4,0,3,8,3,5,4,4,2,4,8,4,2,10,6,1,0,10,7,4,0,4,5,3,0,4,3,0,9,0,7,8,0,6,4,7,6,2,5,10,5,2,1,6,0,4,2,1,8,5,0,3,1,1,4,2,0,0,2,8,5,3,2,5,4,7
n29,7,2,8,3,10,5,0,1,10,5,7,0,4,0,3,5,4,5,5,5,8,3,5,6,4,0,3,8,3,5,0,4,2,4,8,4,2,10,6,1,0,10,7,4,0,4,5,3,5,4,3,0,9,0,7,8,10,6,4,7,6,2,5,10,5,2,1,6,6,4,2,0,8,5,0,3,1,1,4,2,0,0,2,8,5,3,2,5,4,7
n32,7,2,8,3,10,5,2,1,10,5,7,0,4,2,0,4,4,5,5,10,8,3,5,6,4,0,3,8,3,5,0,4,2,4,8,2,2,10,3,1,8,10,7,4,0,4,5,3,8,4,3,0,0,8,7,8,0,6,4,7,6,2,5,10,5,2,1,6,0,4,2,9,8,5,0,3,1,1,4,2,0,0,2,8,5,3,2,5,4,7
n31,7,2,8,3,10,5,2,1,10,5,7,0,4,1,0,0,4,5,5,10,8,3,5,6,4,2,3,8,3,5,0,4,2,4,8,0,2,10,3,1,0,10,7,4,0,4,5,3,0,4,3,0,4,8,7,8,7,6,4,7,6,2,5,10,5,2,1,6,0,4,2,9,8,5,6,3,1,1,4,2,0,0,2,8,5,3,2,5,4,7
n36,7,2,8,3,10,5,0,1,10,5,7,0,4,0,2,0,4,5,5,10,8,3,5,6,4,2,3,8,3,5,0,4,2,4,8,10,2,10,10,1,1,10,7,0,2,4,2,3,0,4,3,3,0,0,7,8,0,6,4,7,6,2,5,10,5,2,1,6,1,4,2,5,1,5,4,3,1,1,4,2,0,2,2,8,5,0,2,5,4,0
n35,7,2,8,3,10,5,0,1,10,5,7,1,4,0,2,0,4,5,5,10,8,3,5,6,4,0,3,8,3,5,0,4,2,4,8,8,2,10,10,1,0,10,7,0,2,4,0,3,1,4,3,3,0,0,7,8,0,6,4,7,6,2,5,10,5,2,1,6,0,4,2,5,0,5,4,3,1,1,4,2,0,2,2,8,5,0,2,5,4,0
n38,7,2,8,3,10,5,0,1,10,5,7,0,4,0,0,0,4,5,5,8,8,3,5,6,4,0,3,8,3,5,1,4,2,4,8,0,2,10,10,1,10,10,7,0,2,4,7,3,0,4,3,3,0,0,7,8,0,6,4,7,6,2,5,10,5,2,1,6,0,4,2,5,0,5,4,3,1,1,4,2,0,10,2,8,5,7,2,5,4,4
n37,7,2,8,3,10,5,0,1,10,5,7,0,4,0,0,0,4,5,5,0,8,3,5,6,4,0,3,8,3,5,4,4,2,4,8,3,2,10,10,1,0,10,7,0,2,4,7,3,0,4,3,3,0,0,7,8,6,6,4,7,6,2,5,10,5,2,1,6,0,4,2,5,0,5,4,3,1,1,4,2,0,0,2,8,5,7,2,5,4,4
n46,7,2,8,3,10,4,7,1,10,5,7,4,4,0,0,0,4,5,5,3,8,3,5,3,4,0,1,8,3,5,5,4,8,1,8,10,2,10,1,1,0,10,7,5,0,0,0,3,2,4,0,4,2,7,7,8,0,6,4,7,6,2,5,10,5,2,1,0,8,4,2,5,0,5,7,3,1,1,4,0,0,0,9,8,5,10,2,5,4,9
n45,7,2,8,3,10,4,7,1,10,5,7,4,4,0,0,0,4,5,5,0,8,3,5,3,4,0,0,8,3,5,5,4,8,1,8,10,2,10,1,1,0,10,7,5,0,0,0,3,0,4,0,4,2,7,7,8,0,6,4,7,6,2,5,10,5,2,1,0,8,4,2,0,0,5,7,3,1,1,4,0,0,0,9,8,5,10,2,5,4,0
n48,7,2,8,3,10,4,7,1,10,5,7,4,4,0,0,0,4,5,5,6,8,3,5,3,4,0,0,8,3,5,0,4,8,1,8,10,2,10,1,1,0,10,7,0,0,0,9,3,2,4,3,4,2,7,7,8,8,6,4,7,6,2,5,10,5,2,1,3,8,4,2,0,0,5,7,3,1,1,4,9,0,0,9,8,5,10,2,5,4,0
n47,7,2,8,3,10,4,7,1,10,5,7,4,4,4,9,0,4,5,5,6,8,3,5,3,4,0,0,8,3,5,0,4,8,1,8,10,2,10,1,1,0,10,7,0,0,0,9,3,0,4,3,4,2,7,7,8,8,6,4,7,6,2,5,10,5,2,1,0,8,4,2,0,0,5,7,3,1,1,4,9,9,0,9,8,5,10,2,5,4,0
n52,7,2,8,3,10,4,0,1,10,5,7,4,4,0,0,0,4,5,5,4,8,3,5,3,4,3,0,8,3,5,0,4,8,1,8,0,2,10,1,1,4,10,7,10,4,5,3,3,0,4,0,0,6,4,7,8,0,6,4,7,6,2,5,10,5,2,1,7,8,4,2,4,4,5,7,3,1,1,4,0,0,0,9,8,5,10,2,5,4,3
n51,7,2,8,3,10,4,0,1,10,5,7,4,4,0,0,0,4,5,5,4,8,3,5,3,4,3,0,8,3,5,0,4,8,1,8,0,2,10,1,1,0,10,7,10,0,5,3,3,0,4,0,0,6,0,7,8,0,6,4,7,6,2,5,10,5,2,1,7,8,4,2,0,0,5,7,3,1,1,4,0,0,0,9,8,5,10,2,5,4,3
n54,7,2,8,3,10,4,0,1,10,5,7,4,4,0,0,5,4,5,5,0,8,3,5,3,4,0,5,8,3,5,1,4,8,1,8,0,2,10,1,1,2,10,7,0,8,5,1,3,0,4,5,0,6,0,7,8,9,6,4,7,6,2,5,10,5,2,1,0,8,4,2,0,8,5,7,3,1,1,4,0,0,0,9,8,5,10,2,5,4,3
n53,7,2,8,3,10,4,0,1,10,5,7,4,4,0,0,5,4,5,5,7,8,3,5,3,4,0,5,8,3,5,0,4,8,1,8,0,2,10,1,1,0,10,7,0,8,5,1,3,0,4,5,2,6,0,7,8,4,6,4,7,6,2,5,10,5,2,1,0,8,4,2,0,0,5,7,3,1,1,4,1,0,0,9,8,5,10,2,5,4,3
n60,7,2,8,3,10,4,0,1,10,5,7,0,4,0,8,2,4,5,5,6,8,3,5,3,4,0,4,8,3,5,0,4,8,1,8,3,2,10,6,1,4,10,7,3,0,9,1,3,9,4,0,5,0,0,7,5,7,6,4,7,6,2,5,10,5,2,1,6,8,4,2,0,8,5,7,3,1,1,4,5,7,0,9,8,5,0,2,5,4,0
n59,7,2,8,3,10,4,5,1,10,5,7,0,4,0,8,2,4,5,5,6,8,3,5,3,4,9,4,8,3,5,0,4,8,1,8,0,2,10,6,1,4,10,7,3,7,9,1,3,9,4,0,5,0,0,7,5,7,6,4,7,6,2,5,10,5,2,1,0,8,4,2,6,8,5,7,3,1,1,4,5,7,0,9,8,5,0,2,5,4,0
n62,7,2,8,3,10,4,0,1,10,5,7,0,4,0,8,2,4,5,5,0,8,3,5,3,4,3,0,8,3,5,0,4,8,1,8,0,2,10,0,1,4,10,7,3,0,9,1,3,0,4,9,5,1,4,7,5,7,6,4,7,6,2,5,10,5,2,1,0,8,4,2,0,8,5,7,3,1,1,4,5,0,0,9,8,5,0,2,5,4,0
n61,7,2,8,3,10,4,0,1,10,5,7,0,4,0,8,2,4,5,5,0,8,3,5,3,4,0,0,8,3,5,0,4,8,1,8,0,2,10,0,1,4,10,7,3,0,9,1,3,10,4,9,5,1,4,7,5,7,6,4,7,6,2,5,10,5,2,1,0,8,4,2,0,8,5,7,3,1,1,4,5,0,0,9,8,5,0,2,5,4,0
n66,7,2,8,3,10,4,0,1,10,5,7,0,4,5,1,0,4,5,5,0,8,3,5,3,4,0,0,8,3,5,0,4,8,0,8,5,2,10,10,1,3,10,7,1,0,9,0,3,6,4,0,6,0,0,7,10,0,6,4,7,6,2,5,10,5,2,1,0,8,4,2,7,3,5,7,3,1,1,4,5,0,9,9,8,5,5,2,5,4,9
n65,7,2,8,3,10,4,0,1,10,5,7,0,4,5,1,3,4,5,5,0,8,3,5,3,4,0,0,8,3,5,0,4,8,6,8,5,2,10,10,1,3,10,7,1,0,9,0,3,6,4,0,6,0,8,7,10,0,6,4,7,6,2,5,10,5,2,1,3,8,4,2,7,1,5,7,3,1,1,4,5,0,9,9,8,5,5,2,5,4,9
n68,7,2,8,3,10,4,5,1,10,5,7,0,4,1,0,0,4,5,5,0,8,3,5,3,4,0,3,8,3,5,9,4,8,3,8,5,2,10,10,1,3,10,7,1,1,9,1,3,9,4,10,6,6,0,7,10,0,6,4,7,6,2,5,10,5,2,1,0,8,4,2,0,0,5,7,3,1,1,4,5,5,9,9,8,5,0,2,5,4,0
n67,7,2,8,3,10,4,0,1,10,5,7,7,4,1,0,0,4,5,5,0,8,3,5,3,4,0,3,8,3,5,9,4,8,3,8,5,2,10,10,1,3,10,7,1,0,9,0,3,9,4,10,6,6,0,7,10,0,6,4,7,6,2,5,10,5,2,1,0,8,4,2,0,0,5,7,3,1,1,4,5,0,9,9,8,5,0,2,5,4,4
n78,7,2,8,3,10,9,5,1,10,7,7,0,4,1,10,5,4,5,5,3,8,7,8,0,4,5,5,8,3,0,0,4,0,0,5,8,2,10,9,1,1,10,7,10,0,9,2,3,1,7,9,3,5,3,4,0,0,6,4,7,6,2,5,10,5,2,1,0,3,4,2,7,8,5,10,3,1,1,4,7,2,0,0,8,5,7,2,5,4,6
n77,7,2,8,3,10,9,5,1,10,7,7,6,4,1,10,3,4,5,5,3,8,7,8,0,4,5,5,8,3,0,0,4,1,0,5,8,2,10,9,1,1,10,7,4,5,9,2,3,1,7,0,3,5,3,4,0,0,6,4,7,6,2,5,10,5,2,1,0,3,4,2,7,8,5,10,3,1,1,4,0,2,0,0,8,5,7,2,5,4,6
n80,7,2,8,3,10,9,5,1,10,7,7,4,4,1,10,0,4,5,5,3,8,0,8,0,4,5,5,8,3,0,0,4,0,5,5,8,2,10,9,1,1,10,7,9,1,9,2,3,0,7,2,3,5,0,4,0,6,6,4,7,6,2,5,10,5,2,1,4,0,4,2,7,8,5,10,3,1,1,4,3,2,9,1,8,5,7,2,5,4,6
n79,7,2,8,3,10,9,5,1,10,7,7,4,4,1,10,10,4,5,5,3,8,8,8,0,4,5,5,8,3,0,0,4,0,5,5,8,2,10,9,1,1,10,7,0,0,9,2,3,0,0,2,3,5,0,4,0,6,6,4,7,6,2,5,10,5,2,1,4,0,4,2,7,8,5,10,3,1,1,4,0,2,0,1,8,5,7,2,5,4,6
n84,7,2,8,3,10,9,3,1,10,7,7,0,4,1,10,0,4,5,5,3,8,5,8,0,4,5,5,8,3,4,7,4,5,0,5,8,2,10,9,1,1,10,7,2,0,0,2,3,0,0,6,3,5,0,3,0,0,6,4,7,6,2,5,10,5,2,1,5,1,4,2,9,5,5,10,3,1,1,4,0,2,0,10,8,5,7,2,5,4,6
n83,7,2,8,3,10,9,0,1,10,7,7,0,4,1,10,0,4,5,5,3,8,5,8,0,4,5,5,8,3,0,7,4,0,0,5,8,2,10,9,1,1,10,7,2,2,0,2,3,0,0,0,3,5,0,3,0,0,6,4,7,6,2,5,10,5,2,1,5,1,4,2,9,5,5,10,3,1,1,4,1,2,0,0,8,5,7,2,5,4,6
n86,7,2,8,3,10,9,0,1,10,7,7,0,4,1,10,0,4,5,5,3,8,5,8,0,4,5,5,8,3,0,0,4,0,0,5,8,2,10,9,1,1,10,7,0,0,0,2,3,3,10,5,3,5,0,0,0,0,6,4,7,6,2,5,10,5,2,1,0,0,4,2,9,5,5,10,3,1,1,4,0,2,0,0,8,5,7,2,5,4,6
n85,7,2,8,3,10,9,10,1,10,7,7,3,4,1,10,0,4,5,5,3,8,5,8,0,4,5,5,8,3,0,0,4,0,0,5,8,2,10,9,1,1,10,7,0,8,0,2,3,0,10,5,3,5,0,0,0,0,6,4,7,6,2,5,10,5,2,1,0,0,4,2,9,5,5,10,3,1,1,4,0,2,0,0,8,5,7,2,5,4,6
n92,7,2,8,3,10,9,4,1,10,7,7,3,4,1,4,0,4,5,5,0,8,1,8,10,4,5,5,8,3,3,1,4,0,0,5,8,2,10,9,1,5,10,7,0,3,3,2,3,10,2,0,3,5,6,7,4,3,6,4,7,6,2,5,10,5,2,1,5,1,4,2,9,0,5,10,3,1,1,4,3,2,0,0,8,5,7,2,5,4,0
n91,7,2,8,3,10,9,0,1,10,7,7,0,4,1,9,0,4,5,5,0,8,1,8,10,4,5,5,8,3,0,1,4,5,0,5,8,2,10,9,1,0,10,7,0,0,0,2,3,10,2,1,3,5,6,7,0,3,6,4,7,6,2,5,10,5,2,1,0,0,4,2,9,0,5,10,3,1,1,4,3,2,0,0,8,5,7,2,5,4,0
n94,7,2,8,3,10,9,0,1,10,7,7,3,4,1,0,0,4,5,5,0,8,1,8,10,4,5,5,8,3,0,0,4,0,0,5,8,2,10,9,1,0,10,7,3,9,6,2,3,10,0,0,3,5,6,0,0,0,6,4,7,6,2,5,10,5,2,1,8,10,4,2,9,0,5,10,3,1,1,4,1,2,10,0,8,5,7,2,5,4,1
n93,7,2,8,3,10,9,0,1,10,7,7,3,4,1,0,0,4,5,5,0,8,1,8,10,4,5,5,8,3,0,0,4,0,0,5,8,2,10,9,1,0,10,7,0,0,6,2,3,10,0,0,3,5,6,0,0,7,6,4,7,6,2,5,10,5,2,1,1,10,4,2,9,0,5,10,3,1,1,4,0,2,10,1,8,5,7,2,5,4,3
n98,7,2,8,3,10,9,8,1,10,7,7,0,4,1,6,0,4,5,5,0,8,1,8,7,4,5,5,8,3,5,7,4,0,0,5,8,2,10,9,1,0,10,7,0,7,5,2,3,0,0,0,3,5,6,0,9,1,6,4,7,6,2,5,10,5,2,1,1,0,4,2,0,0,5,10,3,1,1,4,0,2,9,0,8,5,7,2,5,4,0
n97,7,2,8,3,10,9,0,1,10,7,7,9,4,1,6,0,4,5,5,0,8,1,8,7,4,5,5,8,3,4,7,4,0,0,5,8,2,10,9,1,0,10,7,2,0,5,2,3,0,0,0,3,5,6,0,9,1,6,4,7,6,2,5,10,5,2,1,1,0,4,2,0,0,5,10,3,1,1,4,0,2,9,0,8,5,7,2,5,4,0
n100,7,2,8,3,10,9,0,1,10,7,7,0,4,1,0,0,4,5,5,5,8,1,8,3,4,5,5,8,3,5,0,4,0,0,5,8,2,10,9,1,0,10,7,4,0,0,2,3,0,0,0,3,5,6,0,9,0,6,4,7,6,2,5,10,5,2,1,1,10,4,2,0,10,5,10,3,1,1,4,0,2,9,3,8,5,7,2,5,4,0
n99,7,2,8,3,10,9,0,1,10,7,7,0,4,1,0,0,4,5,5,0,8,1,8,10,4,5,5,8,3,0,1,4,0,2,5,8,2,10,9,1,0,10,7,4,7,0,2,3,0,1,6,3,5,6,0,9,0,6,4,7,6,2,5,10,5,2,1,1,10,4,2,0,10,5,10,3,1,1,4,0,2,9,3,8,5,7,2,5,4,0
n108,7,2,8,3,10,9,0,1,10,7,7,2,4,7,9,0,4,5,5,0,8,9,8,0,4,10,8,8,3,0,4,4,0,3,3,8,2,10,0,1,6,10,7,0,0,5,2,3,3,8,7,3,8,0,7,7,0,6,4,7,6,2,5,10,5,2,1,0,3,4,2,0,5,5,2,3,1,1,4,0,2,0,0,8,5,7,2,5,4,0
n107,7,2,8,3,10,9,0,1,10,7,7,2,4,7,9,0,4,5,5,0,8,9,8,0,4,10,8,8,3,0,4,4,0,3,3,8,2,10,0,1,6,10,7,0,0,0,2,3,3,8,7,3,8,0,7,7,0,6,4,7,6,2,5,10,5,2,1,0,3,4,2,0,5,5,2,3,1,1,4,0,2,0,0,8,5,7,2,5,4,0
n110,7,2,8,3,10,9,5,1,10,7,7,2,4,7,9,0,4,5,5,6,8,9,8,10,4,10,1,8,3,0,0,4,0,3,3,8,2,10,10,1,6,10,7,0,7,0,2,3,0,8,7,3,8,0,7,7,0,6,4,7,6,2,5,10,5,2,1,0,3,4,2,0,0,5,2,3,1,1,4,10,2,5,0,8,5,7,2,5,4,0
n109,7,2,8,3,10,9,5,1,10,7,7,2,4,7,9,0,4,5,5,6,8,9,8,10,4,10,1,8,3,0,0,4,0,3,3,8,2,10,0,1,6,10,7,0,7,0,2,3,0,8,7,3,8,0,7,7,0,6,4,7,6,2,5,10,5,2,1,0,3,4,2,0,8,5,2,3,1,1,4,10,2,5,0,8,5,7,2,5,4,0
n114,7,2,8,3,10,9,0,1,10,7,7,2,4,4,9,0,4,5,5,7,8,9,8,0,4,10,0,8,3,0,0,4,2,1,3,10,2,10,0,1,6,10,7,1,2,0,2,3,0,8,7,3,8,0,7,7,5,6,4,7,6,2,5,10,5,2,1,2,3,4,2,0,0,5,0,3,1,1,4,0,2,0,6,8,5,7,2,5,4,7
n113,7,2,8,3,10,9,0,1,10,7,7,2,4,4,9,0,4,5,5,7,8,9,8,0,4,10,3,8,3,0,0,4,2,1,3,0,2,10,0,1,6,10,7,0,2,0,2,3,0,8,7,3,8,0,7,7,0,6,4,7,6,2,5,10,5,2,1,2,3,4,2,0,0,5,0,3,1,1,4,0,2,9,6,8,5,7,2,5,4,0
n116,7,2,8,3,10,9,0,1,10,7,7,2,4,4,9,0,4,5,5,8,8,9,8,4,4,10,0,8,3,5,0,4,10,1,3,5,2,10,0,1,6,10,7,0,0,0,2,3,0,8,7,3,8,0,7,7,0,6,4,7,6,2,5,10,5,2,1,8,3,4,2,0,9,5,0,3,1,1,4,5,2,2,0,8,5,7,2,5,4,7
n115,7,2,8,3,10,9,0,1,10,7,7,2,4,4,9,4,4,5,5,8,8,9,8,0,4,10,5,8,3,0,0,4,10,1,3,5,2,10,0,1,6,10,7,0,0,0,2,3,0,8,7,3,8,0,7,7,4,6,4,7,6,2,5,10,5,2,1,8,3,4,2,0,0,5,0,3,1,1,4,5,2,2,8,8,5,7,2,5,4,0
n122,7,2,8,3,10,9,0,1,10,7,7,2,4,0,2,0,4,5,5,1,8,10,8,9,4,10,2,8,3,0,7,4,4,9,0,8,2,10,0,1,6,10,7,0,6,1,2,3,8,8,0,3,8,10,1,2,0,6,4,7,6,2,5,10,5,2,1,8,1,4,2,2,0,5,0,3,1,1,4,0,2,0,0,8,5,7,2,5,4,0
n121,7,2,8,3,10,9,0,1,10,7,7,2,4,0,2,0,4,5,5,1,8,10,8,9,4,10,2,8,3,0,7,4,4,0,0,8,2,10,0,1,6,10,7,9,6,1,2,3,8,8,0,3,8,10,1,2,0,6,4,7,6,2,5,10,5,2,1,0,1,4,2,0,4,5,0,3,1,1,4,0,2,2,0,8,5,7,2,5,4,0
n124,7,2,8,3,10,9,8,1,10,7,7,1,4,0,2,10,4,5,5,0,8,0,8,0,4,10,2,8,3,0,3,4,4,8,0,0,2,10,0,1,0,10,7,0,0,1,2,3,8,8,0,3,8,10,1,2,0,6,4,7,6,2,5,10,5,2,1,5,1,4,2,0,0,5,0,3,1,1,4,0,2,0,0,8,5,7,2,5,4,1
n123,7,2,8,3,10,9,8,1,10,7,7,1,4,0,2,10,4,5,5,0,8,0,8,1,4,10,2,8,3,0,3,4,4,4,4,0,2,10,0,1,0,10,7,0,0,1,2,3,8,8,0,3,8,10,1,2,0,6,4,7,6,2,5,10,5,2,1,5,1,4,2,0,9,5,0,3,1,1,4,0,2,0,0,8,5,7,2,5,4,1
n128,7,2,8,3,10,9,3,1,10,7,7,2,4,0,2,0,4,5,5,0,8,0,8,0,4,10,2,8,3,4,6,4,4,4,2,0,2,10,9,1,0,10,7,6,0,1,2,3,8,8,0,3,8,10,0,2,0,6,4,7,6,2,5,10,5,2,1,2,1,4,2,6,0,5,0,3,1,1,4,3,2,10,0,8,5,7,2,5,4,1
n127,7,2,8,3,10,9,0,1,10,7,7,2,4,0,2,0,4,5,5,8,8,0,8,2,4,10,2,8,3,4,6,4,4,4,0,0,2,10,9,1,0,10,7,0,0,1,2,3,8,8,0,3,8,10,9,2,0,6,4,7,6,2,5,10,5,2,1,0,1,4,2,6,0,5,0,3,1,1,4,3,2,0,0,8,5,7,2,5,4,1
n130,7,2,8,3,10,9,0,1,10,7,7,2,4,0,2,0,4,5,5,0,8,0,8,0,4,10,2,8,3,4,6,4,4,4,0,0,2,10,0,1,7,10,7,2,0,1,2,3,8,8,0,3,8,10,0,2,0,6,4,7,6,2,5,10,5,2,1,4,1,4,2,0,0,5,9,3,1,1,4,0,2,0,1,8,5,7,2,5,4,1
n129,7,2,8,3,10,9,0,1,10,7,7,2,4,0,2,0,4,5,5,0,8,0,8,0,4,10,2,8,3,4,6,4,4,4,0,0,2,10,0,1,7,10,7,0,0,1,2,3,8,8,0,3,8,10,0,2,1,6,4,7,6,2,5,10,5,2,1,0,1,4,2,0,6,5,9,3,1,1,4,0,2,0,1,8,5,7,2,5,4,1
n142,7,2,8,3,10,0,8,1,10,10,7,2,4,10,4,1,4,1,5,8,8,10,10,0,4,10,9,4,3,1,9,4,0,10,1,6,10,6,9,1,3,7,7,2,1,1,10,3,4,9,0,6,7,10,0,5,4,6,4,7,6,2,5,0,5,2,1,5,1,4,2,2,10,5,2,3,1,1,4,3,4,5,5,2,5,10,2,5,4,2
n141,7,2,8,3,10,0,8,1,10,10,7,2,4,10,4,1,4,1,5,8,8,10,10,2,4,10,9,4,3,1,9,4,0,10,1,6,10,6,9,1,3,7,7,2,1,1,10,3,4,9,0,6,7,10,0,5,4,6,4,7,6,2,5,0,5,2,1,5,1,4,2,2,10,5,2,3,1,1,4,1,4,5,5,0,5,10,2,5,4,2
n144,7,2,8,3,10,0,8,1,10,10,7,0,4,10,0,1,4,1,5,8,8,10,10,0,4,10,9,4,3,1,9,4,0,10,1,6,0,6,9,1,3,7,7,2,1,1,10,3,4,0,6,6,7,10,0,5,4,6,4,7,6,2,5,0,5,2,1,5,1,4,2,2,10,5,2,3,1,1,4,0,4,0,0,0,5,10,2,5,4,0
n143,7,2,8,3,10,0,8,1,10,10,7,0,4,10,0,1,4,1,5,8,8,10,10,0,4,10,9,4,3,1,9,4,5,10,1,6,0,6,9,1,3,7,7,2,1,1,10,3,4,1,0,6,7,10,8,5,4,6,4,7,6,2,5,0,5,2,1,5,1,4,2,2,10,5,2,3,1,1,4,0,4,0,0,0,5,10,2,5,4,0
n148,7,2,8,3,10,0,8,1,10,10,7,0,4,10,0,1,4,1,5,8,8,10,10,6,4,10,9,4,3,1,9,4,0,10,1,6,0,6,9,1,0,7,7,2,1,1,10,3,4,0,0,0,7,0,0,5,4,6,4,7,6,2,5,0,5,2,1,5,1,4,2,2,10,5,2,3,1,1,4,2,4,0,0,0,5,10,2,5,4,7
n147,7,2,8,3,10,6,8,1,10,10,7,0,4,10,0,1,4,1,5,8,8,10,10,6,4,10,9,4,3,1,9,4,4,10,1,6,0,6,9,1,7,7,7,2,1,1,10,3,4,0,0,0,7,0,5,5,4,6,4,7,6,2,5,0,5,2,1,5,1,4,2,2,10,5,2,3,1,1,4,0,4,0,2,0,5,10,2,5,4,0
n150,7,2,8,3,10,0,8,1,10,10,7,10,4,10,0,1,4,1,5,8,8,10,10,6,4,10,9,4,3,1,9,4,0,10,1,6,0,6,9,1,0,7,7,2,1,1,10,3,4,1,0,0,7,0,3,5,4,6,4,7,6,2,5,6,5,2,1,5,1,4,2,2,10,5,2,3,1,1,4,6,4,0,0,0,5,10,2,5,4,0
n149,7,2,8,3,10,0,8,1,10,10,7,10,4,10,0,1,4,1,5,8,8,10,10,6,4,10,9,4,3,1,9,4,0,10,1,6,10,6,9,1,0,7,7,2,1,1,10,3,4,1,0,7,7,0,0,5,4,6,4,7,6,2,5,0,5,2,1,5,1,4,2,2,10,5,2,3,1,1,4,6,4,0,0,0,5,10,2,5,4,10
n156,7,2,8,3,10,4,8,1,10,10,7,7,4,10,8,1,4,0,5,8,8,10,10,0,4,3,9,4,3,0,9,4,0,6,1,6,0,6,6,1,0,4,7,0,7,0,10,3,1,8,5,9,7,3,0,5,5,6,4,7,6,2,5,0,5,2,1,1,1,4,2,2,10,5,2,3,1,1,4,0,4,0,1,0,5,10,2,5,4,0
n155,7,2,8,3,10,4,8,1,10,10,7,7,4,10,8,1,4,0,5,8,8,10,10,0,4,3,9,4,3,8,9,4,0,6,1,6,0,6,6,1,0,0,7,0,7,0,10,3,1,8,9,9,7,3,0,5,5,6,4,7,6,2,5,7,5,2,1,0,1,4,2,2,10,5,2,3,1,1,4,0,4,9,1,0,5,10,2,5,4,0
n158,7,2,8,3,10,4,8,1,10,10,7,0,4,10,5,1,4,4,5,8,8,10,10,0,4,8,9,4,3,8,9,4,0,6,1,6,0,6,6,1,0,0,7,8,7,3,10,3,1,4,4,9,7,0,0,5,2,6,4,7,6,2,5,9,5,2,1,5,1,4,2,2,10,5,2,3,1,1,4,7,4,3,1,0,5,10,2,5,4,6
n157,7,2,8,3,10,4,8,1,10,10,7,0,4,10,5,1,4,4,5,8,8,10,10,3,4,8,9,4,3,8,9,4,0,6,1,6,0,6,6,1,5,10,7,0,7,3,10,3,1,4,2,9,7,0,0,5,2,6,4,7,6,2,5,0,5,2,1,5,1,4,2,2,10,5,2,3,1,1,4,0,4,3,1,0,5,10,2,5,4,0
n162,7,2,8,3,10,0,8,1,10,10,7,0,4,10,0,1,4,1,5,8,8,10,10,7,4,0,9,4,3,9,9,4,0,0,1,6,0,6,6,1,3,5,7,5,7,0,10,3,1,0,0,0,7,0,0,5,0,6,4,7,6,2,5,0,5,2,1,0,1,4,2,2,10,5,2,3,1,1,4,7,4,4,1,0,5,10,2,5,4,1
n161,7,2,8,3,10,5,8,1,10,10,7,0,4,10,0,1,4,1,5,8,8,10,10,7,4,0,9,4,3,9,9,4,0,0,1,6,0,6,6,1,3,5,7,5,7,0,10,3,1,0,0,5,7,0,0,5,0,6,4,7,6,2,5,0,5,2,1,0,1,4,2,2,10,5,2,3,1,1,4,7,4,0,1,0,5,10,2,5,4,1
n164,7,2,8,3,10,0,8,1,10,10,7,0,4,10,0,1,4,1,5,8,8,10,10,7,4,10,9,4,3,9,9,4,0,0,1,6,7,6,6,1,0,5,7,0,7,10,10,3,1,0,5,0,7,0,0,5,0,6,4,7,6,2,5,0,5,2,1,0,1,4,2,2,10,5,2,3,1,1,4,7,4,0,1,0,5,10,2,5,4,1
n163,7,2,8,3,10,0,8,1,10,10,7,0,4,10,0,1,4,1,5,8,8,10,10,7,4,0,9,4,3,9,9,4,0,0,1,6,7,6,6,1,0,5,7,0,7,8,10,3,1,5,0,0,7,0,0,5,0,6,4,7,6,2,5,6,5,2,1,0,1,4,2,2,10,5,2,3,1,1,4,7,4,0,1,10,5,10,2,5,4,1
n172,7,2,8,3,10,8,8,1,10,10,7,5,4,10,4,8,4,7,5,0,8,0,0,7,4,6,9,0,3,7,9,4,4,0,0,6,3,6,10,1,1,0,7,0,0,9,10,3,8,7,6,0,7,0,4,5,2,6,4,7,6,2,5,0,5,2,1,0,1,4,2,2,9,5,2,3,1,1,4,0,4,10,0,3,5,5,2,5,4,2
n171,7,2,8,3,10,0,8,1,10,10,7,5,4,10,4,8,4,7,5,0,8,0,0,7,4,6,9,0,3,7,9,4,4,0,0,6,3,6,10,1,1,3,7,0,8,9,10,3,8,7,6,4,7,9,4,5,2,6,4,7,6,2,5,1,5,2,1,0,1,4,2,2,0,5,2,3,1,1,4,0,4,10,0,0,5,0,2,5,4,2
n174,7,2,8,3,10,9,8,1,10,10,7,0,4,10,4,8,4,7,5,6,8,0,7,6,4,0,9,7,3,7,9,4,4,9,1,6,3,6,10,1,1,0,7,9,0,9,10,3,8,7,6,4,7,0,0,5,2,6,4,7,6,2,5,0,5,2,1,0,1,4,2,2,0,5,2,3,1,1,4,6,4,10,0,0,5,0,2,5,4,1
n173,7,2,8,3,10,9,8,1,10,10,7,1,4,10,4,8,4,7,5,1,8,0,0,6,4,0,9,7,3,7,9,4,4,0,1,6,3,6,10,1,1,4,7,9,0,9,10,3,8,7,6,9,7,4,0,5,2,6,4,7,6,2,5,0,5,2,1,0,1,4,2,2,0,5,2,3,1,1,4,0,4,10,0,0,5,5,2,5,4,1
n178,7,2,8,3,10,3,8,1,10,10,7,2,4,10,9,8,4,2,5,0,8,0,0,5,4,3,9,0,3,3,9,4,4,6,1,6,0,6,10,1,1,0,7,2,0,9,10,3,8,4,6,7,7,1,0,5,0,6,4,7,6,2,5,0,5,2,1,0,1,4,2,2,0,5,2,3,1,1,4,0,4,0,0,0,5,0,2,5,4,2
n177,7,2,8,3,10,3,8,1,10,10,7,2,4,10,9,8,4,2,5,0,8,0,6,5,4,0,9,0,3,0,9,4,4,0,0,6,0,6,10,1,1,2,7,2,0,9,10,3,8,0,6,0,7,1,0,5,0,6,4,7,6,2,5,0,5,2,1,0,1,4,2,2,0,5,2,3,1,1,4,0,4,0,0,0,5,9,2,5,4,2
n180,7,2,8,3,10,0,8,1,10,10,7,7,4,10,9,8,4,0,5,0,8,0,7,5,4,9,9,0,3,8,9,4,4,0,0,6,3,6,10,1,1,0,7,2,0,9,10,3,8,5,6,0,7,4,0,5,0,6,4,7,6,2,5,10,5,2,1,0,1,4,2,2,4,5,2,3,1,1,4,0,4,0,0,3,5,2,2,5,4,0
n179,7,2,8,3,10,0,8,1,10,10,7,9,4,10,9,8,4,4,5,0,8,0,0,5,4,9,9,0,3,8,9,4,4,0,0,6,3,6,10,1,1,0,7,0,0,9,10,3,8,5,6,0,7,4,0,5,0,6,4,7,6,2,5,0,5,2,1,0,1,4,2,2,4,5,2,3,1,1,4,0,4,0,0,3,5,2,2,5,4,0
n186,7,2,8,3,10,0,8,1,10,10,7,0,4,10,0,8,4,0,5,0,8,0,0,6,4,0,9,1,3,7,9,4,5,0,9,6,0,6,0,1,0,4,7,8,0,9,10,3,0,1,9,0,7,0,1,5,9,6,4,7,6,2,5,7,5,2,1,0,1,4,2,2,10,5,2,3,1,1,4,7,4,10,7,5,5,7,2,5,4,8
n185,7,2,8,3,10,0,8,1,10,10,7,0,4,10,0,8,4,0,5,3,8,9,0,6,4,0,9,1,3,7,9,4,5,0,0,6,0,6,0,1,0,4,7,8,0,9,10,3,8,1,0,3,7,0,1,5,0,6,4,7,6,2,5,7,5,2,1,0,1,4,2,2,10,5,2,3,1,1,4,7,4,0,7,5,5,7,2,5,4,8
n188,7,2,8,3,10,7,8,1,10,10,7,0,4,10,5,8,4,10,5,0,8,0,9,6,4,0,9,1,3,7,9,4,5,0,5,6,0,6,0,1,0,0,7,0,2,9,10,3,6,8,0,7,7,8,1,5,8,6,4,7,6,2,5,7,5,2,1,7,1,4,2,2,10,5,2,3,1,1,4,6,4,0,7,0,5,7,2,5,4,8
n187,7,2,8,3,10,0,8,1,10,10,7,0,4,10,10,8,4,10,5,0,8,0,9,6,4,6,9,1,3,7,9,4,5,2,5,6,0,6,0,1,0,5,7,0,0,9,10,3,6,0,0,0,7,0,1,5,0,6,4,7,6,2,5,7,5,2,1,1,1,4,2,2,10,5,2,3,1,1,4,6,4,8,7,0,5,7,2,5,4,8
n192,7,2,8,3,10,0,8,1,10,10,7,0,4,10,0,8,4,0,5,0,8,10,0,6,4,2,9,1,3,7,9,4,0,0,6,6,0,6,0,1,0,3,7,0,10,9,10,3,10,0,2,0,7,0,0,5,0,6,4,7,6,2,5,0,5,2,1,0,1,4,2,2,10,5,2,3,1,1,4,0,4,8,0,10,5,7,2,5,4,6
n191,7,2,8,3,10,0,8,1,10,10,7,0,4,10,0,8,4,0,5,0,8,0,0,6,4,2,9,1,3,7,9,4,0,0,6,6,9,6,0,1,0,3,7,0,0,9,10,3,10,10,0,0,7,0,0,5,0,6,4,7,6,2,5,0,5,2,1,0,1,4,2,2,10,5,2,3,1,1,4,0,4,0,0,10,5,7,2,5,4,6
n194,7,2,8,3,10,10,8,1,10,10,7,5,4,10,8,8,4,0,5,0,8,0,0,6,4,0,9,1,3,7,9,4,1,0,7,6,0,6,0,1,0,0,7,0,0,9,10,3,10,5,0,3,7,0,5,5,8,6,4,7,6,2,5,8,5,2,1,0,1,4,2,2,10,5,2,3,1,1,4,0,4,5,0,3,5,7,2,5,4,6
n193,7,2,8,3,10,0,8,1,10,10,7,0,4,10,8,8,4,0,5,0,8,0,0,6,4,0,9,1,3,7,9,4,3,0,1,6,0,6,0,1,0,0,7,0,0,9,10,3,10,5,0,0,7,0,5,5,6,6,4,7,6,2,5,0,5,2,1,0,1,4,2,2,10,5,2,3,1,1,4,0,4,0,0,0,5,7,2,5,4,6
n204,7,2,8,3,10,0,4,1,10,10,7,3,4,10,0,0,4,0,5,3,8,6,0,7,4,0,9,8,3,0,5,4,7,0,1,4,8,6,4,1,7,0,7,7,10,3,9,3,7,0,4,7,10,9,6,5,4,6,4,7,6,2,5,0,5,2,1,8,6,4,2,1,0,5,1,3,1,1,4,6,0,9,7,9,5,9,2,5,4,0
n203,7,2,8,3,10,0,4,1,10,10,7,3,4,10,3,0,4,0,5,3,8,6,5,7,4,5,9,0,3,0,5,4,7,0,1,4,8,6,4,1,7,0,7,0,10,3,9,3,7,0,7,0,10,9,6,5,4,6,4,7,6,2,5,0,5,2,1,8,6,4,2,1,0,5,1,3,1,1,4,6,0,0,7,9,5,9,2,5,4,5
n206,7,2,8,3,10,0,4,1,10,10,7,3,4,10,0,0,4,9,5,3,8,6,0,7,4,0,9,6,3,2,5,4,7,0,1,4,8,6,0,1,7,0,7,0,4,3,9,3,7,0,0,0,10,9,6,5,4,6,4,7,6,2,5,0,5,2,1,8,0,4,2,1,0,5,0,3,1,1,4,0,0,0,7,9,5,9,2,5,4,0
n205,7,2,8,3,10,0,4,1,10,10,7,3,4,10,0,0,4,0,5,3,8,6,9,7,4,7,9,0,3,2,5,4,7,0,1,4,8,6,0,1,7,0,7,0,4,3,9,3,7,0,0,0,10,9,6,5,4,6,4,7,6,2,5,6,5,2,1,8,0,4,2,1,0,5,0,3,1,1,4,1,0,0,7,9,5,9,2,5,4,0
n210,7,2,8,3,10,1,4,1,10,10,7,3,4,10,6,0,4,0,5,3,8,6,0,7,4,0,9,7,3,8,5,4,7,0,1,4,0,6,0,1,3,0,7,8,0,3,9,3,7,1,0,2,10,9,6,5,0,6,4,7,6,2,5,0,5,2,1,8,0,4,2,1,0,5,0,3,1,1,4,8,4,5,7,9,5,9,2,5,4,0
n209,7,2,8,3,10,1,4,1,10,10,7,3,4,10,0,0,4,0,5,3,8,6,0,7,4,0,9,7,3,8,5,4,7,0,1,4,0,6,0,1,3,0,7,8,0,3,9,3,7,1,0,2,10,9,6,5,9,6,4,7,6,2,5,0,5,2,1,8,0,4,2,1,6,5,0,3,1,1,4,5,4,0,7,9,5,9,2,5,4,0
n212,7,2,8,3,10,1,4,1,10,10,7,3,4,10,5,0,4,0,5,3,8,6,0,7,4,0,9,7,3,0,5,4,7,3,1,4,0,6,0,1,3,10,7,9,0,3,9,3,7,4,2,2,10,9,6,5,5,6,4,7,6,2,5,0,5,2,1,8,0,4,2,1,0,5,0,3,1,1,4,6,0,8,7,9,5,9,2,5,4,0
n211,7,2,8,3,10,1,4,1,10,10,7,3,4,10,10,0,4,0,5,3,8,6,0,7,4,0,9,7,3,0,5,4,7,0,1,4,0,6,0,1,3,0,7,9,5,3,9,3,7,0,0,2,10,9,6,5,5,6,4,7,6,2,5,0,5,2,1,8,0,4,2,1,0,5,0,3,1,1,4,6,6,0,7,9,5,9,2,5,4,0
n218,7,2,8,3,10,0,4,1,10,10,7,5,4,10,0,0,4,7,5,3,8,8,9,2,4,0,9,0,3,0,5,4,0,0,0,4,0,6,2,1,0,9,7,0,0,3,9,3,7,0,9,0,0,9,6,5,3,6,4,7,6,2,5,2,5,2,1,8,7,4,2,1,0,5,0,3,1,1,4,0,10,6,7,9,5,4,2,5,4,10
n217,7,2,8,3,10,0,4,1,10,10,7,5,4,10,0,3,4,7,5,3,8,8,0,2,4,0,9,0,3,6,5,4,0,8,0,4,0,6,2,1,0,9,7,0,0,3,9,3,7,0,9,0,0,9,6,5,3,6,4,7,6,2,5,0,5,2,1,8,7,4,2,1,0,5,1,3,1,1,4,0,10,4,7,9,5,4,2,5,4,10
n220,7,2,8,3,10,6,4,1,10,10,7,5,4,10,0,0,4,0,5,3,8,8,3,2,4,0,9,0,3,3,5,4,0,0,0,4,0,6,2,1,1,9,7,0,0,3,9,3,7,8,9,0,1,9,6,5,3,6,4,7,6,2,5,0,5,2,1,8,10,4,2,1,0,5,2,3,1,1,4,9,10,7,7,9,5,4,2,5,4,10
n219,7,2,8,3,10,0,4,1,10,10,7,5,4,10,0,0,4,0,5,3,8,8,4,2,4,0,9,4,3,3,5,4,0,0,0,4,0,6,2,1,1,9,7,0,0,3,9,3,7,8,9,7,0,9,6,5,3,6,4,7,6,2,5,0,5,2,1,8,0,4,2,1,7,5,1,3,1,1,4,9,10,0,7,9,5,4,2,5,4,10
n224,7,2,8,3,10,0,4,1,10,10,7,5,4,10,0,7,4,0,5,3,8,8,2,2,4,0,9,0,3,3,5,4,3,0,4,4,0,6,2,1,5,9,7,3,0,3,9,3,7,0,9,0,1,9,6,5,4,6,4,7,6,2,5,0,5,2,1,8,0,4,2,1,0,5,0,3,1,1,4,3,10,0,7,9,5,4,2,5,4,10
n223,7,2,8,3,10,0,4,1,10,10,7,5,4,10,0,7,4,0,5,3,8,8,2,2,4,0,9,9,3,0,5,4,3,0,4,4,0,6,2,1,5,9,7,0,0,3,9,3,7,0,9,0,1,9,6,5,4,6,4,7,6,2,5,0,5,2,1,8,0,4,2,1,0,5,0,3,1,1,4,3,10,0,7,9,5,4,2,5,4,10
n226,7,2,8,3,10,0,4,1,10,10,7,5,4,10,0,0,4,0,5,3,8,8,8,2,4,5,9,4,3,0,5,4,0,0,0,4,0,6,2,1,5,9,7,0,2,3,9,3,7,1,9,0,1,9,6,5,0,6,4,7,6,2,5,3,5,2,1,8,0,4,2,1,0,5,0,3,1,1,4,3,10,0,7,9,5,4,2,5,4,10
n225,7,2,8,3,10,7,4,1,10,10,7,5,4,10,3,0,4,0,5,3,8,8,0,2,4,5,9,0,3,0,5,4,0,0,0,4,0,6,2,1,5,9,7,0,2,3,9,3,7,1,9,0,1,9,6,5,0,6,4,7,6,2,5,3,5,2,1,8,0,4,2,1,0,5,0,3,1,1,4,3,10,0,7,9,5,4,2,5,4,10
n234,7,2,8,3,10,0,4,1,10,10,7,9,4,10,0,5,4,5,5,2,8,10,1,0,4,5,9,8,3,3,0,4,5,0,0,4,10,6,5,1,0,10,7,8,7,7,9,3,7,0,0,0,10,0,6,5,9,6,4,7,6,2,5,3,5,2,1,5,0,4,2,1,9,5,0,3,1,1,4,0,3,1,6,8,5,4,2,5,4,0
n233,7,2,8,3,10,6,4,1,10,10,7,9,4,10,0,5,4,5,5,1,8,10,1,0,4,0,9,8,3,3,0,4,0,0,3,4,10,6,5,1,1,10,7,8,7,7,9,3,7,0,0,0,10,1,6,5,9,6,4,7,6,2,5,3,5,2,1,0,0,4,2,1,9,5,0,3,1,1,4,0,3,1,6,0,5,4,2,5,4,0
n236,7,2,8,3,10,0,4,1,10,10,7,9,4,10,0,5,4,5,5,1,8,10,1,0,4,0,9,8,3,3,0,4,0,0,0,4,10,6,5,1,5,10,7,8,7,7,9,3,7,0,0,0,10,8,6,5,0,6,4,7,6,2,5,3,5,2,1,0,1,4,2,1,9,5,2,3,1,1,4,8,3,1,6,5,5,4,2,5,4,4
n235,7,2,8,3,10,0,4,1,10,10,7,9,4,10,0,5,4,5,5,1,8,10,1,0,4,0,9,8,3,3,0,4,0,0,0,4,10,6,5,1,5,10,7,8,7,7,9,3,7,7,0,0,10,8,6,5,0,6,4,7,6,2,5,3,5,2,1,0,1,4,2,1,9,5,10,3,1,1,4,0,3,1,6,5,5,4,2,5,4,1
n240,7,2,8,3,10,7,4,1,10,10,7,9,4,10,10,5,4,5,5,0,8,10,1,3,4,0,9,7,3,3,5,4,0,6,0,4,10,6,5,1,0,6,7,8,0,7,9,3,7,0,0,6,0,0,6,5,3,6,4,7,6,2,5,0,5,2,1,3,0,4,2,1,9,5,0,3,1,1,4,5,0,1,6,3,5,4,2,5,4,0
n239,7,2,8,3,10,7,4,1,10,10,7,9,4,10,10,5,4,5,5,0,8,10,1,5,4,1,9,0,3,3,5,4,0,6,0,4,10,6,5,1,0,0,7,8,0,7,9,3,7,5,1,6,0,0,6,5,3,6,4,7,6,2,5,0,5,2,1,3,0,4,2,1,9,5,0,3,1,1,4,5,0,1,6,0,5,4,2,5,4,0
n242,7,2,8,3,10,9,4,1,10,10,7,9,4,10,0,5,4,5,5,0,8,10,1,7,4,0,9,0,3,3,0,4,0,6,9,4,10,6,5,1,0,0,7,8,0,7,9,3,7,0,2,0,0,0,6,5,5,6,4,7,6,2,5,0,5,2,1,3,0,4,2,1,9,5,0,3,1,1,4,5,0,1,6,0,5,4,2,5,4,4
n241,7,2,8,3,10,0,4,1,10,10,7,9,4,10,0,5,4,5,5,0,8,10,1,0,4,0,9,4,3,3,8,4,0,6,2,4,10,6,5,1,1,0,7,8,0,7,9,3,7,0,2,0,10,0,6,5,0,6,4,7,6,2,5,0,5,2,1,3,0,4,2,1,9,5,0,3,1,1,4,8,0,1,6,0,5,4,2,5,4,0
n248,7,2,8,3,10,4,4,1,10,10,7,8,4,10,5,7,4,5,5,8,8,0,1,10,4,0,9,0,3,3,0,4,0,0,6,4,7,6,5,1,3,0,7,8,6,7,9,3,7,7,2,7,0,7,6,5,0,6,4,7,6,2,5,6,5,2,1,0,10,4,2,1,0,5,0,3,1,1,4,0,0,1,0,0,5,8,2,5,4,8
n247,7,2,8,3,10,4,4,1,10,10,7,8,4,10,5,0,4,5,5,8,8,0,1,0,4,0,9,9,3,3,0,4,0,0,6,4,7,6,5,1,3,7,7,8,6,7,9,3,7,7,2,0,0,7,6,5,10,6,4,7,6,2,5,6,5,2,1,0,10,4,2,1,0,5,0,3,1,1,4,8,0,1,0,0,5,3,2,5,4,0
n250,7,2,8,3,10,4,4,1,10,10,7,8,4,10,5,5,4,5,5,2,8,4,1,0,4,7,9,0,3,3,1,4,3,0,7,4,7,6,5,1,3,7,7,8,0,7,9,3,7,7,2,0,0,7,6,5,0,6,4,7,6,2,5,6,5,2,1,4,10,4,2,1,6,5,9,3,1,1,4,0,0,1,1,8,5,0,2,5,4,8
n249,7,2,8,3,10,4,4,1,10,10,7,8,4,10,5,5,4,5,5,2,8,4,1,0,4,10,9,0,3,3,1,4,3,4,2,4,7,6,5,1,3,0,7,8,0,7,9,3,7,7,2,0,0,7,6,5,0,6,4,7,6,2,5,6,5,2,1,4,10,4,2,1,0,5,9,3,1,1,4,0,0,1,1,0,5,0,2,5,4,0
n254,7,2,8,3,10,0,4,1,10,10,7,8,4,10,5,3,4,5,5,0,8,0,1,4,4,0,9,1,3,3,10,4,8,0,3,4,6,6,5,1,0,5,7,8,0,7,9,3,7,7,0,3,7,7,6,5,2,6,4,7,6,2,5,6,5,2,1,4,10,4,2,1,0,5,1,3,1,1,4,5,10,1,7,9,5,0,2,5,4,0
n253,7,2,8,3,10,10,4,1,10,10,7,8,4,10,5,0,4,5,5,0,8,8,1,4,4,0,9,1,3,3,10,4,0,0,3,4,0,6,5,1,0,5,7,8,0,7,9,3,7,7,9,3,7,7,6,5,2,6,4,7,6,2,5,6,5,2,1,4,10,4,2,1,0,5,1,3,1,1,4,1,0,1,7,0,5,0,2,5,4,0
n256,7,2,8,3,10,0,4,1,10,10,7,8,4,10,5,0,4,5,5,0,8,0,1,0,4,0,9,1,3,3,10,4,8,7,10,4,0,6,5,1,0,0,7,8,0,7,9,3,7,7,9,0,0,7,6,5,2,6,4,7,6,2,5,6,5,2,1,4,10,4,2,1,2,5,0,3,1,1,4,0,0,1,0,0,5,0,2,5,4,0
n255,7,2,8,3,10,0,4,1,10,10,7,8,4,10,5,0,4,5,5,0,8,0,1,0,4,0,9,1,3,3,10,4,8,7,10,4,1,6,5,1,4,0,7,8,0,7,9,3,7,7,10,8,0,7,6,5,2,6,4,7,6,2,5,6,5,2,1,4,10,4,2,1,0,5,0,3,1,1,4,0,0,1,0,0,5,0,2,5,4,0
n270,7,3,8,7,1,9,5,1,10,1,7,9,4,6,4,1,7,3,6,5,1,4,0,0,3,6,2,5,3,4,10,4,0,0,1,5,0,7,5,0,8,2,0,6,9,2,1,9,6,5,6,10,4,1,0,2,10,4,4,7,6,0,5,6,2,7,1,2,3,4,10,4,9,5,3,0,1,10,10,6,5,3,0,5,0,3,2,5,4,8
n269,7,3,8,7,1,9,5,1,10,1,7,9,4,6,4,1,7,3,6,5,1,4,0,0,3,6,2,5,3,4,10,4,0,1,1,5,0,7,5,0,8,2,0,6,9,2,1,6,6,5,0,10,4,1,0,2,10,4,4,7,6,0,5,6,2,7,1,2,3,4,10,4,9,5,3,3,1,10,10,6,5,0,0,5,0,3,2,5,4,8
n272,7,3,8,7,1,9,5,1,10,1,7,9,4,6,4,1,7,3,6,5,1,4,0,0,3,6,2,5,3,4,10,4,7,0,1,5,0,7,5,6,8,2,7,6,9,2,1,0,6,5,0,10,4,1,0,0,10,4,4,7,6,0,5,6,2,7,1,2,3,4,10,4,9,5,3,0,1,10,10,0,5,0,0,5,0,3,2,5,4,8
n271,7,3,8,7,1,9,5,1,10,1,7,9,4,6,4,1,7,3,6,5,1,4,0,1,3,6,2,5,3,4,10,4,7,3,1,5,0,7,5,0,8,2,7,6,9,2,1,0,6,5,0,10,4,1,0,0,10,4,4,7,6,0,5,6,2,7,1,2,3,4,10,4,9,5,3,0,1,10,10,0,5,0,0,5,0,3,2,5,4,8
n276,7,3,8,7,0,9,5,1,10,1,7,9,4,0,4,1,7,3,6,5,1,4,0,0,3,6,2,5,3,0,10,4,0,0,1,5,0,7,5,2,8,5,0,6,9,2,0,9,6,0,0,10,4,1,9,9,10,4,4,7,6,2,5,6,2,7,1,0,3,4,10,4,9,5,3,0,1,10,10,6,5,0,0,5,5,3,2,5,4,8
n275,7,3,8,7,0,9,5,1,10,1,7,9,4,0,4,1,7,3,6,5,1,4,2,0,3,6,2,5,3,0,10,4,0,0,1,5,0,7,5,2,8,0,0,6,9,2,0,9,6,0,4,10,4,1,1,9,10,4,4,7,6,2,5,6,2,7,1,6,3,4,10,4,9,5,3,0,1,10,10,6,5,0,0,5,5,3,2,5,4,8
n278,7,3,8,7,0,9,5,1,10,1,7,9,4,10,4,1,7,3,6,5,1,4,0,0,3,6,2,5,3,0,10,4,0,0,1,5,0,7,5,2,8,0,0,6,9,2,3,0,6,0,0,10,4,1,5,3,10,4,4,7,6,0,5,6,2,7,1,8,3,4,10,4,9,5,3,0,1,10,10,0,5,0,0,5,5,3,2,5,4,8
n277,7,3,8,7,0,9,5,1,10,1,7,9,4,0,4,1,7,3,6,5,1,4,0,0,3,6,2,5,3,0,10,4,0,0,1,5,0,7,5,2,8,0,0,6,9,2,0,0,6,0,0,10,4,1,5,8,10,4,4,7,6,8,5,6,2,7,1,8,3,4,10,4,9,5,3,0,1,10,10,7,5,0,0,5,5,3,2,5,4,8
n284,7,3,8,0,0,9,5,1,10,1,7,9,4,0,4,1,0,3,6,5,1,4,0,0,3,6,2,0,3,2,10,4,10,0,1,5,0,7,5,0,9,1,0,0,9,2,0,1,6,0,0,10,4,1,10,9,10,4,4,7,6,2,5,6,2,7,1,0,0,4,10,4,9,5,3,0,1,10,10,6,5,4,8,5,0,3,2,5,4,8
n283,7,3,8,0,0,9,5,1,10,1,7,9,4,0,4,1,0,3,6,5,1,4,9,0,3,6,2,0,3,2,10,4,10,0,1,5,0,7,5,0,9,1,0,0,9,2,0,1,6,0,0,10,4,1,10,9,10,4,4,7,6,2,5,6,2,7,1,0,0,4,10,4,9,5,3,0,1,10,10,6,5,4,8,5,0,3,2,5,4,8
n286,7,3,8,0,8,9,5,1,10,1,7,9,4,0,4,1,7,3,6,5,1,4,0,0,3,6,2,0,3,2,10,4,10,1,1,5,0,7,5,6,9,6,0,0,9,2,0,1,6,1,0,10,4,1,0,0,10,4,4,7,6,2,5,6,2,7,1,0,3,4,10,4,9,5,3,0,1,10,10,6,5,4,8,5,0,3,2,5,4,8
n285,7,3,8,0,0,9,5,1,10,1,7,9,4,0,4,1,7,3,6,5,1,4,0,0,3,6,2,7,3,2,10,4,10,1,1,5,5,7,5,0,9,0,0,0,9,2,0,1,6,1,0,10,4,1,0,0,10,4,4,7,6,2,5,6,2,7,1,0,0,4,10,4,9,5,3,0,1,10,10,6,5,4,8,5,0,3,2,5,4,8
n290,7,3,8,3,0,9,5,1,10,1,7,9,4,0,4,1,8,3,6,5,1,4,0,0,3,6,2,0,3,2,10,4,7,0,1,5,0,7,5,0,0,2,0,0,9,2,8,1,6,9,4,10,4,1,9,5,10,4,4,7,6,0,5,6,2,7,1,7,0,4,10,4,9,5,3,4,1,10,10,6,5,4,8,5,3,3,2,5,4,8
n289,7,3,8,3,0,9,5,1,10,1,7,9,4,0,4,1,8,3,6,5,1,4,0,9,3,6,2,2,3,2,10,4,0,6,1,5,0,7,5,6,0,2,7,0,9,2,8,1,6,9,0,10,4,1,9,5,10,4,4,7,6,0,5,6,2,7,1,0,0,4,10,4,9,5,3,4,1,10,10,6,5,4,8,5,3,3,2,5,4,8
n292,7,3,8,3,6,9,5,1,10,1,7,9,4,0,4,1,8,3,6,5,1,4,7,0,3,6,2,2,3,2,10,4,0,0,1,5,0,7,5,0,0,2,0,0,9,2,8,1,6,0,0,10,4,1,0,5,10,4,4,7,6,4,5,6,2,7,1,7,8,4,10,4,9,5,3,4,1,10,10,6,5,4,8,5,7,3,2,5,4,8
n291,7,3,8,3,0,9,5,1,10,1,7,9,4,0,4,1,8,3,6,5,1,4,7,0,3,6,2,0,3,2,10,4,0,0,1,5,0,7,5,10,0,2,0,0,9,2,8,1,6,0,0,10,4,1,0,5,10,4,4,7,6,0,5,6,2,7,1,7,8,4,10,4,9,5,3,4,1,10,10,6,5,4,8,5,0,3,2,5,4,8
n300,7,9,8,3,10,9,5,1,10,1,7,9,4,8,4,1,10,3,6,5,1,4,10,0,3,6,2,0,3,4,10,4,4,5,1,5,4,7,5,1,8,0,2,0,9,1,0,0,6,0,10,10,8,8,8,0,5,4,4,7,6,8,5,6,2,7,1,9,5,4,7,4,9,5,3,0,1,10,10,7,5,0,7,5,4,3,2,5,4,0
n299,7,9,8,3,10,9,5,1,10,1,7,9,4,8,4,1,10,3,6,5,1,4,1,0,3,6,2,0,3,4,10,4,4,5,1,5,4,7,5,1,1,0,2,0,9,1,2,3,6,0,10,10,8,8,8,4,5,4,4,7,6,8,5,6,2,7,1,9,5,4,7,4,9,5,3,0,1,10,10,7,5,0,7,5,4,3,2,5,4,8
n302,7,9,8,3,10,9,5,1,10,1,7,9,4,8,4,1,0,3,6,5,1,4,0,0,3,6,2,0,3,4,10,4,4,0,1,5,4,7,5,1,0,0,2,0,9,1,0,7,6,0,10,10,8,8,8,4,5,4,4,7,6,8,5,6,2,7,1,9,0,4,7,4,9,5,3,0,1,10,10,7,5,9,7,5,4,3,2,5,4,0
n301,7,9,8,3,10,9,5,1,10,1,7,9,4,8,4,1,0,3,6,5,1,4,6,0,3,6,2,0,3,4,10,4,4,4,1,5,4,7,5,1,0,0,2,7,9,1,0,7,6,5,10,10,8,8,8,4,5,4,4,7,6,8,5,6,2,7,1,9,7,4,7,4,9,5,3,0,1,10,10,7,5,9,7,5,4,3,2,5,4,0
n306,7,9,8,3,0,9,5,1,10,1,7,9,4,8,4,1,0,3,6,5,1,4,9,0,3,6,2,0,3,0,10,4,4,5,1,5,0,7,5,1,0,4,9,10,9,1,3,6,6,0,0,10,0,0,8,2,5,4,4,7,6,0,5,6,2,7,1,9,8,4,7,4,9,5,3,5,1,10,10,7,5,0,7,5,4,3,2,5,4,0
n305,7,9,8,3,0,9,5,1,10,1,7,9,4,8,4,1,0,3,6,5,1,4,9,0,3,6,2,0,3,0,10,4,4,5,1,5,0,7,5,1,6,4,9,0,9,1,3,6,6,0,0,10,0,0,8,0,5,4,4,7,6,8,5,6,2,7,1,9,0,4,7,4,9,5,3,5,1,10,10,7,5,0,7,5,4,3,2,5,4,0
n308,7,9,8,3,0,9,5,1,10,1,7,9,4,8,4,1,6,3,6,5,1,4,9,2,3,6,2,0,3,7,10,4,4,5,1,5,0,7,5,1,0,4,9,1,9,1,0,10,6,0,0,10,0,3,8,0,5,4,4,7,6,0,5,6,2,7,1,9,0,4,7,4,9,5,3,0,1,10,10,7,5,0,7,5,4,3,2,5,4,0
n307,7,9,8,3,4,9,5,1,10,1,7,9,4,8,4,1,6,3,6,5,1,4,9,0,3,6,2,0,3,7,10,4,4,5,1,5,0,7,5,1,0,4,9,1,9,1,0,1,6,0,0,10,0,0,8,0,5,4,4,7,6,2,5,6,2,7,1,9,2,4,7,4,9,5,3,0,1,10,10,7,5,1,7,5,4,3,2,5,4,0
n314,7,9,8,0,7,9,5,1,10,1,7,9,4,8,4,1,9,3,6,5,1,4,0,5,3,6,2,1,3,0,10,4,4,0,1,5,7,7,5,9,0,0,0,0,9,0,0,2,6,0,4,10,0,0,8,0,5,4,4,7,6,3,5,6,2,7,1,9,9,4,0,4,9,5,3,2,1,10,10,7,5,9,2,5,0,3,2,5,4,0
n313,7,9,8,7,0,9,5,1,10,1,7,9,4,8,4,1,9,3,6,5,1,4,0,5,3,6,2,1,3,0,10,4,4,0,1,5,0,7,5,9,0,0,8,0,9,0,0,2,6,0,4,10,0,9,8,3,5,4,4,7,6,3,5,6,2,7,1,9,9,4,0,4,9,5,3,0,1,10,10,7,5,9,2,5,0,3,2,5,4,0
n316,7,9,8,1,0,9,5,1,10,1,7,9,4,8,4,1,1,3,6,5,1,4,0,5,3,6,2,1,3,0,10,4,4,0,1,5,8,7,5,9,0,0,0,0,9,0,6,2,6,0,4,10,0,0,8,0,5,4,4,7,6,3,5,6,2,7,1,9,9,4,0,4,9,5,3,0,1,10,10,7,5,9,0,5,0,3,2,5,4,7
n315,7,9,8,0,0,9,5,1,10,1,7,9,4,8,4,1,1,3,6,5,1,4,0,5,3,6,2,1,3,0,10,4,4,4,1,5,8,7,5,9,0,0,0,0,9,0,6,2,6,0,4,10,0,1,8,6,5,4,4,7,6,3,5,6,2,7,1,9,9,4,0,4,9,5,3,0,1,10,10,7,5,9,9,5,0,3,2,5,4,7
n320,7,9,8,0,0,9,5,1,10,1,7,9,4,8,4,1,0,3,6,5,1,4,1,0,3,6,2,5,3,2,10,4,4,0,1,5,9,7,5,0,6,0,0,0,9,0,8,2,6,0,0,10,9,0,8,0,5,4,4,7,6,3,5,6,2,7,1,9,10,4,0,4,9,5,3,0,1,10,10,7,5,9,0,5,0,3,2,5,4,1
n319,7,9,8,0,0,9,5,1,10,1,7,9,4,8,4,1,0,3,6,5,1,4,1,2,3,6,2,5,3,2,10,4,4,0,1,5,9,7,5,0,6,0,0,0,9,0,8,2,6,9,0,10,2,1,8,0,5,4,4,7,6,3,5,6,2,7,1,9,9,4,6,4,9,5,3,0,1,10,10,7,5,9,0,5,0,3,2,5,4,1
n322,7,9,8,0,0,9,5,1,10,1,7,9,4,8,4,1,8,3,6,5,1,4,1,7,3,6,2,0,3,2,10,4,4,0,1,5,0,7,5,5,6,3,4,0,9,0,6,2,6,0,0,10,0,0,8,0,5,4,4,7,6,3,5,6,2,7,1,9,1,4,10,4,9,5,3,4,1,10,10,7,5,9,0,5,8,3,2,5,4,1
n321,7,9,8,0,0,9,5,1,10,1,7,9,4,8,4,1,8,3,6,5,1,4,1,7,3,6,2,0,3,2,10,4,4,0,1,5,0,7,5,0,6,0,4,0,9,0,6,2,6,3,0,10,0,0,8,10,5,4,4,7,6,3,5,6,2,7,1,9,1,4,10,4,9,5,3,0,1,10,10,7,5,9,0,5,0,3,2,5,4,1
n332,7,0,8,0,1,9,5,1,10,1,7,9,4,0,4,1,0,4,6,5,1,10,3,5,10,6,2,0,3,0,3,4,9,0,1,5,3,7,5,0,8,9,6,0,9,8,3,0,6,0,2,6,0,2,8,0,3,9,4,7,6,9,5,6,2,7,1,8,7,4,2,4,9,5,3,8,1,10,10,0,5,3,6,2,0,3,2,5,4,9
n331,7,0,8,0,1,9,5,1,10,1,7,9,4,0,4,1,0,4,6,5,1,3,3,5,10,6,2,0,3,0,0,4,9,0,1,5,3,7,5,0,8,9,6,0,9,8,3,2,6,0,2,6,0,2,8,0,3,9,4,7,6,9,5,6,2,7,1,8,7,4,2,4,9,5,3,8,1,10,10,0,5,3,6,2,0,3,2,5,4,9
n334,7,0,8,9,1,9,5,1,10,1,7,9,4,0,4,1,0,4,6,5,1,0,3,5,10,6,2,3,3,0,0,4,9,0,1,5,3,7,5,3,8,9,6,0,9,8,3,0,6,0,2,6,3,2,8,0,3,0,4,7,6,9,5,6,2,7,1,8,7,4,2,4,9,5,3,8,1,10,10,0,5,3,4,2,0,3,2,5,4,9
n333,7,0,8,0,1,9,5,1,10,1,7,9,4,0,4,1,0,4,6,5,1,0,3,5,10,6,2,3,3,0,4,4,9,0,1,5,3,7,5,3,8,9,6,0,9,8,3,0,6,0,2,6,0,2,8,0,3,0,4,7,6,9,5,6,2,7,1,8,7,4,2,4,9,5,3,8,1,10,10,0,5,0,4,2,0,3,2,5,4,9
n338,7,0,8,0,1,9,5,1,10,1,7,9,4,5,4,1,0,0,6,5,1,2,3,5,10,6,2,10,3,3,0,4,9,0,1,5,3,7,5,0,8,9,6,0,9,8,3,0,6,1,2,0,0,2,8,1,3,0,4,7,6,9,5,6,2,7,1,8,7,4,2,4,9,5,3,8,1,10,10,9,5,4,0,2,0,3,2,5,4,9
n337,7,0,8,0,1,9,5,1,10,1,7,9,4,3,4,1,0,0,6,5,1,0,3,5,10,6,2,0,3,3,0,4,9,0,1,5,3,7,5,0,8,9,6,0,9,8,3,4,6,0,2,4,0,2,8,0,3,0,4,7,6,9,5,6,2,7,1,8,7,4,2,4,9,5,3,8,1,10,10,9,5,9,0,2,0,3,2,5,4,9
n340,7,10,8,0,1,9,5,1,10,1,7,9,4,0,4,1,6,0,6,5,1,0,3,5,10,6,2,0,3,3,1,4,9,4,1,5,3,7,5,0,8,9,6,0,9,8,3,0,6,0,2,0,0,2,8,0,3,0,4,7,6,9,5,6,2,7,1,8,7,4,2,4,9,5,3,8,1,10,10,3,5,0,0,2,0,3,2,5,4,9
n339,7,10,8,0,1,9,5,1,10,1,7,9,4,0,4,1,0,2,6,5,1,0,3,5,10,6,2,0,3,3,0,4,9,0,1,5,3,7,5,0,8,9,6,0,9,8,3,2,6,0,2,7,8,2,8,0,3,0,4,7,6,9,5,6,2,7,1,8,7,4,2,4,9,5,3,8,1,10,10,0,5,0,0,2,0,3,2,5,4,9
n346,7,2,8,7,0,9,5,1,10,1,7,9,4,9,4,1,3,10,6,5,1,0,3,0,4,6,2,1,3,0,0,4,9,1,1,5,3,7,5,0,8,9,6,0,9,8,3,0,6,4,10,0,0,2,8,0,3,6,4,7,6,9,5,6,2,7,1,0,7,4,2,4,9,5,3,8,1,10,10,0,5,0,2,2,2,3,2,5,4,9
n345,7,0,8,7,8,9,5,1,10,1,7,9,4,9,4,1,3,10,6,5,1,0,3,0,4,6,2,1,3,0,0,4,9,1,1,5,3,7,5,0,8,9,6,0,9,8,3,0,6,4,10,0,0,2,8,0,3,6,4,7,6,9,5,6,2,7,1,0,7,4,2,4,9,5,3,8,1,10,10,0,5,0,2,2,2,3,2,5,4,9
n348,7,9,8,7,0,9,5,1,10,1,7,9,4,9,4,1,3,10,6,5,1,2,3,0,4,6,2,1,3,0,0,4,9,1,1,5,3,7,5,7,8,9,6,2,9,8,3,0,6,0,0,0,0,2,8,0,3,6,4,7,6,9,5,6,2,7,1,0,7,4,2,4,9,5,3,8,1,10,10,8,5,0,2,2,2,3,2,5,4,9
n347,7,9,8,7,0,9,5,1,10,1,7,9,4,9,4,1,3,10,6,5,1,2,3,2,4,6,2,1,3,8,0,4,9,1,1,5,3,7,5,0,8,9,6,2,9,8,3,5,6,0,0,0,0,2,8,0,3,6,4,7,6,9,5,6,2,7,1,6,7,4,2,4,9,5,3,8,1,10,10,0,5,0,2,2,2,3,2,5,4,9
n352,7,0,8,7,6,9,5,1,10,1,7,9,4,0,4,1,3,0,6,5,1,0,3,9,4,6,2,1,3,0,0,4,9,1,1,5,3,7,5,6,8,9,6,2,9,8,3,0,6,0,0,3,5,2,8,0,3,6,4,7,6,9,5,6,2,7,1,0,7,4,2,4,9,5,3,8,1,10,10,3,5,0,2,2,2,3,2,5,4,9
n351,7,0,8,7,0,9,5,1,10,1,7,9,4,0,4,1,3,0,6,5,1,0,3,9,4,6,2,1,3,0,0,4,9,1,1,5,3,7,5,0,8,9,6,2,9,8,3,6,6,0,0,3,5,2,8,0,3,6,4,7,6,9,5,6,2,7,1,0,7,4,2,4,9,5,3,8,1,10,10,3,5,1,2,2,2,3,2,5,4,9
n354,7,8,8,7,5,9,5,1,10,1,7,9,4,0,4,1,3,0,6,5,1,0,3,0,4,6,2,1,3,8,0,4,9,1,1,5,3,7,5,0,8,9,6,2,9,8,3,9,6,0,10,3,5,2,8,0,3,6,4,7,6,9,5,6,2,7,1,0,7,4,2,4,9,5,3,8,1,10,10,3,5,0,2,2,2,3,2,5,4,9
n353,7,0,8,7,0,9,5,1,10,1,7,9,4,0,4,1,3,0,6,5,1,0,3,0,4,6,2,1,3,8,0,4,9,1,1,5,3,7,5,0,8,9,6,2,9,8,3,9,6,0,0,0,5,2,8,0,3,6,4,7,6,9,5,6,2,7,1,0,7,4,2,4,9,5,3,8,1,10,10,3,5,0,2,2,2,3,2,5,4,9
n362,7,5,8,0,8,9,5,1,10,1,7,9,4,0,4,1,10,6,6,5,1,0,3,4,5,6,2,0,3,0,0,4,9,6,1,5,3,7,5,2,8,7,6,2,9,3,3,0,6,6,5,2,6,2,2,8,3,6,4,7,6,9,5,6,2,7,1,0,7,4,2,4,9,5,3,10,1,10,10,1,5,0,0,2,8,3,2,5,4,9
n361,7,5,8,0,8,9,5,1,10,1,7,9,4,0,4,1,10,6,6,5,1,3,3,4,0,6,2,0,3,0,1,4,9,6,1,5,3,7,5,2,8,7,6,2,9,3,3,0,6,6,5,2,0,2,2,8,3,0,4,7,6,9,5,6,2,7,1,0,7,4,2,4,9,5,3,0,1,10,10,1,5,0,0,2,8,3,2,5,4,9
n364,7,4,8,0,8,9,5,1,10,1,7,9,4,0,4,1,10,0,6,5,1,7,3,4,0,6,2,0,3,0,0,4,9,6,1,5,3,7,5,2,8,7,6,2,9,0,3,0,6,6,5,2,0,2,2,8,3,1,4,7,6,9,5,6,2,7,1,0,7,4,2,4,9,5,3,10,1,10,10,1,5,0,0,2,8,3,2,5,4,9
n363,7,0,8,0,8,9,5,1,10,1,7,9,4,0,4,1,10,0,6,5,1,7,3,4,0,6,2,0,3,0,0,4,9,6,1,5,3,7,5,2,8,7,6,2,9,0,3,0,6,6,5,2,0,2,2,8,3,0,4,7,6,9,5,6,2,7,1,0,7,4,2,4,9,5,3,10,1,10,10,1,5,0,0,2,8,3,2,5,4,9
n368,7,2,8,0,0,9,5,1,10,1,7,9,4,0,4,1,10,3,6,5,1,0,3,4,8,6,2,3,3,0,9,4,9,0,1,5,3,7,5,4,8,7,6,2,9,0,3,4,6,6,5,2,10,2,2,8,3,10,4,7,6,9,5,6,2,7,1,7,7,4,2,4,9,5,3,10,1,10,10,1,5,0,10,2,8,3,2,5,4,9
n367,7,0,8,9,0,9,5,1,10,1,7,9,4,0,4,1,10,3,6,5,1,0,3,4,8,6,2,3,3,0,6,4,9,0,1,5,3,7,5,4,8,7,6,2,9,3,3,0,6,6,5,2,10,2,2,8,3,10,4,7,6,9,5,6,2,7,1,7,7,4,2,4,9,5,3,10,1,10,10,1,5,0,0,2,8,3,2,5,4,9
n370,7,0,8,0,6,9,5,1,10,1,7,9,4,0,4,1,10,3,6,5,1,4,3,4,7,6,2,3,3,0,3,4,9,0,1,5,3,7,5,4,8,7,6,2,9,9,3,0,6,6,5,2,0,2,2,8,3,0,4,7,6,9,5,6,2,7,1,0,7,4,2,4,9,5,3,10,1,10,10,1,5,0,0,2,8,3,2,5,4,9
n369,7,0,8,0,6,9,5,1,10,1,7,9,4,0,4,1,10,3,6,5,1,4,3,4,0,6,2,3,3,0,3,4,9,0,1,5,3,7,5,4,8,7,6,2,9,0,3,0,6,6,5,2,0,2,2,8,3,0,4,7,6,9,5,6,2,7,1,0,7,4,2,4,9,5,3,10,1,10,10,1,5,0,0,2,8,3,2,5,4,9
n376,7,3,8,0,1,9,5,1,10,1,7,9,4,5,4,1,10,0,6,5,1,1,3,4,0,6,2,0,3,0,0,4,9,3,1,5,3,7,5,0,8,7,6,2,9,0,3,7,6,6,5,3,7,2,2,8,3,0,4,7,6,9,5,6,2,7,1,4,7,4,2,4,9,5,3,0,1,10,10,8,5,0,0,2,6,3,2,5,4,9
n375,7,3,8,0,1,9,5,1,10,1,7,9,4,5,4,1,10,0,6,5,1,1,3,4,0,6,2,0,3,0,0,4,9,3,1,5,3,7,5,0,8,7,6,2,9,0,3,7,6,6,5,3,7,2,2,8,3,0,4,7,6,9,5,6,2,7,1,4,7,4,2,4,9,5,3,0,1,10,10,8,5,8,1,2,6,3,2,5,4,9
n378,7,3,8,0,0,9,5,1,10,1,7,9,4,5,4,1,10,7,6,5,1,1,3,4,0,6,2,1,3,0,0,4,9,3,1,5,3,7,5,0,8,7,6,2,9,3,3,7,6,6,5,3,7,2,0,8,3,0,4,7,6,9,5,6,2,7,1,2,7,4,2,4,9,5,3,0,1,10,10,8,5,0,0,2,6,3,2,5,4,9
n377,7,3,8,0,0,9,5,1,10,1,7,9,4,5,4,1,10,7,6,5,1,1,3,4,0,6,2,0,3,0,0,4,9,3,1,5,3,7,5,0,8,7,6,2,9,0,3,7,6,6,5,3,7,2,3,8,3,0,4,7,6,9,5,6,2,7,1,7,7,4,2,4,9,5,3,0,1,10,10,8,5,0,0,2,6,3,2,5,4,9
n382,7,3,8,5,0,9,5,1,10,1,7,9,4,8,4,1,10,0,6,5,1,6,3,4,0,6,2,0,3,6,2,4,9,3,1,5,3,7,5,0,8,7,6,2,9,10,3,0,6,6,5,3,4,2,7,0,3,6,4,7,6,9,5,6,2,7,1,0,7,4,2,4,9,5,3,8,1,10,10,6,5,0,0,2,6,3,2,5,4,9
n381,7,3,8,0,0,9,5,1,10,1,7,9,4,8,4,1,10,0,6,5,1,0,3,4,7,6,2,0,3,0,2,4,9,3,1,5,3,7,5,0,8,7,6,2,9,0,3,0,6,6,5,3,4,2,7,0,3,0,4,7,6,9,5,6,2,7,1,0,7,4,2,4,9,5,3,8,1,10,10,0,5,0,0,2,6,3,2,5,4,9
n384,7,3,8,0,0,9,5,1,10,1,7,9,4,0,4,1,10,0,6,5,1,0,3,4,3,6,2,3,3,0,0,4,9,3,1,5,3,7,5,0,8,7,6,2,9,0,3,10,6,6,5,3,4,2,0,0,3,0,4,7,6,9,5,6,2,7,1,0,7,4,2,4,9,5,3,0,1,10,10,0,5,5,0,2,6,3,2,5,4,9
n383,7,3,8,0,0,9,5,1,10,1,7,9,4,7,4,1,10,0,6,5,1,0,3,4,0,6,2,3,3,0,0,4,9,3,1,5,3,7,5,0,8,7,6,2,9,8,3,0,6,6,5,3,4,2,0,8,3,0,4,7,6,9,5,6,2,7,1,0,7,4,2,4,9,5,3,0,1,10,10,0,5,5,1,2,6,3,2,5,4,9
n396,7,2,8,6,0,0,0,1,10,7,7,9,4,7,4,0,7,9,3,0,7,3,0,0,9,10,2,5,3,9,6,4,6,9,1,7,0,1,4,10,0,0,6,0,9,2,1,3,4,1,7,5,0,8,0,0,9,2,4,7,6,6,5,6,2,4,1,4,0,4,6,7,9,5,3,9,1,7,5,8,5,0,7,8,0,3,2,5,4,1
n395,7,2,8,6,0,0,0,1,10,7,7,9,4,7,4,0,7,9,3,0,7,3,0,0,9,10,2,0,3,9,6,4,6,9,1,7,0,1,4,10,2,0,6,0,9,2,1,3,4,1,7,0,0,8,0,0,9,2,4,7,6,6,5,6,2,4,1,4,0,4,6,7,9,5,3,9,1,7,5,8,5,0,7,8,0,3,2,5,4,1
n398,7,0,8,6,0,10,0,1,10,7,7,9,4,0,4,0,7,0,3,0,0,3,0,0,9,10,2,9,3,9,6,4,6,9,1,7,0,1,4,10,8,4,6,0,9,2,1,3,4,1,0,0,0,8,0,0,9,0,4,7,6,6,5,6,2,4,1,4,0,4,6,7,9,5,3,9,1,7,5,8,5,0,0,8,10,3,2,5,4,1
n397,7,9,8,6,0,10,0,1,10,7,7,9,4,0,4,0,7,0,3,0,6,3,0,0,9,10,2,9,3,9,6,4,6,9,1,7,0,1,4,10,0,4,6,0,9,2,1,3,4,1,2,0,7,8,0,0,9,0,4,7,6,6,5,6,2,4,1,4,0,4,6,7,9,5,3,9,1,7,5,8,5,0,10,8,10,3,2,5,4,1
n402,7,0,8,6,0,8,0,1,10,7,7,9,4,8,4,1,7,0,0,1,5,3,0,5,9,10,2,0,3,9,2,4,6,9,1,7,0,1,0,10,9,0,0,9,9,2,1,8,4,4,10,0,0,8,7,9,9,0,4,7,6,6,5,6,2,4,1,4,0,4,6,7,9,5,3,9,1,7,5,8,5,0,0,5,5,3,2,5,4,1
n401,7,0,8,6,0,8,7,1,10,7,7,9,4,8,4,1,7,0,7,1,0,3,0,5,9,10,2,0,3,9,2,4,6,9,1,7,0,1,0,10,9,0,0,9,9,2,1,8,4,4,6,0,0,8,7,9,9,0,4,7,6,6,5,6,2,4,1,4,0,4,6,7,9,5,3,9,1,7,5,8,5,0,0,5,5,3,2,5,4,1
n404,7,8,8,6,0,8,1,1,10,7,7,9,4,8,4,1,7,0,0,0,0,3,2,5,9,10,2,0,3,9,0,4,6,9,1,7,0,1,7,10,9,0,5,9,9,2,1,6,4,4,5,0,6,8,7,9,9,10,4,7,6,6,5,6,2,4,1,4,6,4,6,7,9,5,3,9,1,7,5,8,5,0,0,5,0,3,2,5,4,1
n403,7,10,8,6,0,8,1,1,10,7,7,9,4,8,4,1,7,0,0,0,10,3,0,5,9,10,2,0,3,9,0,4,6,9,1,7,0,1,0,10,9,0,5,9,9,2,1,6,4,4,5,0,6,8,7,9,9,6,4,7,6,6,5,6,2,4,1,4,10,4,6,7,9,5,3,9,1,7,5,8,5,0,8,5,0,3,2,5,4,1
n410,7,0,8,6,0,8,0,1,10,7,7,9,4,9,4,0,7,0,1,0,5,3,1,0,9,10,2,10,3,9,0,4,9,0,1,7,0,1,5,10,1,7,7,0,9,2,1,7,4,1,0,0,8,8,0,0,9,0,4,7,6,6,5,6,2,4,1,4,2,4,6,7,9,5,3,9,1,7,5,8,5,0,0,0,9,3,2,5,4,1
n409,7,0,8,6,0,0,0,1,10,7,7,9,4,0,4,0,7,0,1,0,5,3,1,0,9,10,2,0,3,9,7,4,9,0,1,7,0,1,5,10,1,7,7,0,9,2,1,7,4,1,2,0,8,8,0,10,9,0,4,7,6,6,5,6,2,4,1,4,2,4,6,7,9,5,3,9,1,7,5,8,5,0,1,0,9,3,2,5,4,1
n412,7,1,8,6,10,0,0,1,10,7,7,9,4,4,4,0,7,0,1,10,5,3,1,3,9,10,2,0,3,9,0,4,9,0,1,7,0,1,5,10,4,0,7,0,9,2,1,0,4,1,0,0,8,8,0,2,9,1,4,7,6,6,5,6,2,4,1,4,2,4,6,7,9,5,3,9,1,7,5,8,5,0,3,0,9,3,2,5,4,1
n411,7,1,8,6,10,0,0,1,10,7,7,9,4,0,4,0,7,7,1,0,5,3,1,0,9,10,2,4,3,9,0,4,9,0,1,7,0,1,5,10,4,0,7,0,9,2,1,0,4,1,5,0,8,8,0,7,9,0,4,7,6,6,5,6,2,4,1,4,2,4,6,7,9,5,3,9,1,7,5,8,5,0,3,3,9,3,2,5,4,1
n416,7,7,8,6,0,0,0,1,10,7,7,9,4,2,4,0,7,3,1,8,5,3,1,6,9,10,2,4,3,9,3,4,0,0,1,7,0,1,5,10,0,0,0,0,9,2,1,7,4,1,0,0,3,8,0,10,9,4,4,7,6,6,5,6,2,4,1,4,2,4,6,7,9,5,3,9,1,7,5,8,5,3,0,0,9,3,2,5,4,1
n415,7,7,8,6,0,0,0,1,10,7,7,9,4,2,4,0,7,0,1,0,5,3,1,0,9,10,2,4,3,9,4,4,0,0,1,7,7,1,5,10,0,0,5,0,9,2,1,7,4,1,0,0,0,8,0,0,9,4,4,7,6,6,5,6,2,4,1,4,2,4,6,7,9,5,3,9,1,7,5,8,5,3,0,0,9,3,2,5,4,1
n418,7,7,8,6,0,0,2,1,10,7,7,9,4,0,4,0,7,0,1,0,5,3,1,0,9,10,2,3,3,9,0,4,0,0,1,7,3,1,5,10,0,0,0,0,9,2,1,6,4,1,0,10,0,8,0,0,9,0,4,7,6,6,5,6,2,4,1,4,2,4,6,7,9,5,3,9,1,7,5,8,5,3,6,0,9,3,2,5,4,1
n417,7,7,8,6,0,0,2,1,10,7,7,9,4,0,4,0,7,0,1,0,5,3,1,0,9,10,2,3,3,9,0,4,0,0,1,7,0,1,5,10,4,0,0,0,9,2,1,6,4,1,0,10,0,8,10,0,9,0,4,7,6,6,5,6,2,4,1,4,2,4,6,7,9,5,3,9,1,7,5,8,5,3,0,0,9,3,2,5,4,1
n426,7,0,8,6,0,10,0,1,10,5,7,9,4,2,4,6,7,0,0,0,0,3,3,0,7,0,2,0,3,9,7,4,1,6,1,7,8,1,2,10,5,8,8,3,9,2,1,0,4,7,0,7,0,8,2,3,0,2,4,7,6,6,5,6,2,4,1,0,0,4,6,7,9,5,3,9,1,7,5,8,5,0,0,4,10,3,2,5,4,1
n425,7,0,8,6,0,10,0,1,10,5,7,9,4,0,4,0,7,0,0,0,0,3,3,0,7,0,2,7,3,9,7,4,1,6,1,7,8,1,2,10,5,8,8,3,9,2,1,0,4,7,3,7,4,8,2,3,0,2,4,7,6,6,5,6,2,4,1,0,0,4,6,7,9,5,3,9,1,7,5,8,5,0,0,4,10,3,2,5,4,1
n428,7,9,8,6,0,10,0,1,10,3,7,9,4,1,4,0,7,10,0,4,3,3,3,0,7,7,2,0,3,9,0,4,1,0,1,7,7,1,2,10,5,8,8,3,9,2,1,0,4,7,10,7,5,8,0,3,0,2,4,7,6,6,5,6,2,4,1,5,0,4,6,7,9,5,3,9,1,7,5,8,5,0,0,1,10,3,2,5,4,1
n427,7,9,8,6,7,10,0,1,10,10,7,9,4,1,4,0,7,0,5,0,3,3,3,0,7,7,2,0,3,9,0,4,1,0,1,7,7,1,2,10,5,8,8,3,9,2,1,0,4,7,0,7,5,8,0,3,0,2,4,7,6,6,5,6,2,4,1,5,0,4,6,7,9,5,3,9,1,7,5,8,5,0,0,0,10,3,2,5,4,1
n432,7,7,8,6,0,10,0,1,10,0,7,9,4,0,4,0,7,0,0,0,0,3,3,0,7,0,2,2,3,9,0,4,2,8,1,7,0,1,2,10,5,8,0,3,9,2,1,4,4,7,8,7,2,8,2,3,4,2,4,7,6,6,5,6,2,4,1,0,0,4,6,7,9,5,3,9,1,7,5,8,5,0,0,6,10,3,2,5,4,1
n431,7,7,8,6,0,10,2,1,10,0,7,9,4,0,4,3,7,0,4,10,0,3,3,0,7,0,2,2,3,9,0,4,2,8,1,7,1,1,2,10,5,8,0,3,9,2,1,8,4,7,8,7,0,8,2,3,4,2,4,7,6,6,5,6,2,4,1,0,0,4,6,7,9,5,3,9,1,7,5,8,5,0,0,6,10,3,2,5,4,1
n434,7,0,8,6,0,10,0,1,10,4,7,9,4,0,4,0,7,2,10,0,0,3,3,0,7,0,2,0,3,9,0,4,2,8,1,7,1,1,2,10,5,8,0,3,9,2,1,0,4,7,0,7,0,8,5,3,0,2,4,7,6,6,5,6,2,4,1,0,6,4,6,7,9,5,3,9,1,7,5,8,5,0,0,0,10,3,2,5,4,1
n433,7,0,8,6,0,10,0,1,10,0,7,9,4,0,4,0,7,2,10,0,0,3,3,8,7,0,2,6,3,9,5,4,2,8,1,7,0,1,2,10,5,8,0,3,9,2,1,0,4,7,1,7,0,8,5,3,0,2,4,7,6,6,5,6,2,4,1,0,0,4,6,7,9,5,3,9,1,7,5,8,5,0,0,0,10,3,2,5,4,1
n440,7,0,8,6,0,10,5,1,10,0,7,9,4,0,4,1,7,5,0,3,8,3,3,0,0,10,2,7,3,9,0,4,4,10,1,7,1,1,2,10,5,8,4,5,9,2,1,9,4,7,1,7,0,8,3,4,0,2,4,7,6,6,5,6,2,4,1,0,5,4,6,7,9,5,3,9,1,7,5,8,5,3,6,6,0,3,2,5,4,1
n439,7,7,8,6,5,10,5,1,10,0,7,9,4,0,4,1,7,5,3,3,8,3,3,0,0,10,2,7,3,9,0,4,4,10,1,7,1,1,2,10,5,8,4,5,9,2,1,9,4,7,1,7,0,8,0,4,10,2,4,7,6,6,5,6,2,4,1,0,5,4,6,7,9,5,3,9,1,7,5,8,5,3,0,6,0,3,2,5,4,1
n442,7,0,8,6,0,10,0,1,10,0,7,9,4,0,4,0,7,5,0,3,8,3,3,4,0,0,2,7,3,9,9,4,4,10,1,7,1,1,2,10,5,8,4,0,9,2,1,9,4,7,1,7,2,8,0,0,5,2,4,7,6,6,5,6,2,4,1,0,5,4,6,7,9,5,3,9,1,7,5,8,5,0,0,6,0,3,2,5,4,1
n441,7,0,8,6,0,10,0,1,10,0,7,9,4,0,4,0,7,5,0,3,8,3,3,4,0,0,2,7,3,9,0,4,4,10,1,7,1,1,2,10,5,8,4,0,9,2,1,9,4,7,1,7,2,8,0,0,5,2,4,7,6,6,5,6,2,4,1,2,5,4,6,7,9,5,3,9,1,7,5,8,5,0,0,6,0,3,2,5,4,1
n446,7,0,8,6,0,10,0,1,10,0,7,9,4,0,4,0,7,5,3,3,8,3,3,4,0,8,2,8,3,9,5,4,0,10,1,7,0,1,2,10,5,8,4,6,9,2,1,9,4,7,1,7,3,8,1,3,5,2,4,7,6,6,5,6,2,4,1,6,5,4,6,7,9,5,3,9,1,7,5,8,5,0,0,6,0,3,2,5,4,1
n445,7,3,8,6,0,10,0,1,10,0,7,9,4,0,4,0,7,5,3,3,8,3,3,4,0,0,2,8,3,9,5,4,0,10,1,7,1,1,2,10,5,8,4,0,9,2,1,9,4,7,1,7,3,8,0,3,0,2,4,7,6,6,5,6,2,4,1,6,5,4,6,7,9,5,3,9,1,7,5,8,5,0,0,6,0,3,2,5,4,1
n448,7,0,8,6,0,10,10,1,10,2,7,9,4,0,4,0,7,5,3,3,8,3,3,4,0,0,2,0,3,9,5,4,0,10,1,7,0,1,2,10,5,8,4,0,9,2,1,9,4,7,1,7,0,8,1,3,0,2,4,7,6,6,5,6,2,4,1,0,5,4,6,7,9,5,3,9,1,7,5,8,5,8,0,6,0,3,2,5,4,1
n447,7,0,8,6,0,10,10,1,10,2,7,9,4,0,4,0,7,5,3,3,8,3,3,4,0,0,2,0,3,9,5,4,0,10,1,7,0,1,2,10,5,8,4,4,9,2,1,9,4,7,1,7,0,8,1,3,0,2,4,7,6,6,5,6,2,4,1,0,5,4,6,7,9,5,3,9,1,7,5,8,5,0,0,6,10,3,2,5,4,1
n458,7,2,8,6,8,0,0,1,10,0,7,9,4,3,4,0,7,7,3,8,9,3,9,1,0,9,2,9,3,0,9,4,7,7,1,0,1,1,1,0,9,0,6,9,9,0,1,0,4,3,9,9,5,8,8,8,1,0,4,7,6,6,5,6,2,4,1,1,4,4,2,7,9,5,3,9,1,7,5,8,5,3,5,7,0,3,2,5,4,1
n457,7,2,8,6,0,0,0,1,10,0,7,9,4,3,4,0,7,7,3,8,9,3,9,1,1,9,2,9,3,0,9,4,7,7,1,8,1,1,1,0,9,0,6,9,9,0,1,0,4,3,9,9,0,8,8,8,1,5,4,7,6,6,5,6,2,4,1,1,4,4,2,7,9,5,3,9,1,7,5,8,5,3,5,7,8,3,2,5,4,1
n460,7,0,8,6,0,0,7,1,10,6,7,9,4,3,4,0,7,7,3,8,9,3,9,1,0,9,2,9,3,0,9,4,7,0,1,0,1,1,1,0,9,10,6,9,9,0,1,0,4,3,9,9,0,8,8,8,1,8,4,7,6,6,5,6,2,4,1,1,4,4,2,7,9,5,3,2,1,7,5,8,5,3,9,7,9,3,2,5,4,1
n459,7,0,8,6,0,0,0,1,10,0,7,9,4,3,4,0,7,7,3,8,9,3,9,1,0,9,2,9,3,0,9,4,7,0,1,0,1,1,1,0,9,10,6,9,9,0,1,0,4,3,9,9,0,8,8,8,1,0,4,7,6,6,5,6,2,4,1,1,4,4,2,7,9,5,3,0,1,7,5,8,5,3,5,7,9,3,2,5,4,1
n464,7,2,8,6,0,1,1,1,10,0,7,9,4,3,4,10,7,7,4,8,9,3,9,0,0,9,2,9,3,8,9,4,7,0,1,0,1,1,0,0,9,0,0,9,9,0,1,9,4,3,9,9,3,8,8,8,1,0,4,7,6,6,5,6,2,4,1,1,4,4,2,7,9,5,3,1,1,7,5,8,5,3,8,7,0,3,2,5,4,1
n463,7,2,8,6,5,1,0,1,10,0,7,9,4,3,4,10,7,7,4,8,9,3,9,1,5,9,2,9,3,8,9,4,7,0,1,0,1,1,1,0,9,0,6,9,9,2,1,9,4,3,9,9,3,8,8,8,1,5,4,7,6,6,5,6,2,4,1,1,4,4,2,7,9,5,3,1,1,7,5,8,5,3,8,7,0,3,2,5,4,1
n466,7,0,8,6,0,1,7,1,10,0,7,9,4,3,4,10,7,7,5,8,9,3,9,3,9,9,2,9,3,0,9,4,7,1,1,1,1,1,0,2,9,0,0,9,9,0,1,9,4,3,9,9,5,8,8,8,1,0,4,7,6,6,5,6,2,4,1,1,4,4,2,7,9,5,3,1,1,7,5,8,5,3,0,7,0,3,2,5,4,1
n465,7,0,8,6,0,1,0,1,10,0,7,9,4,3,4,10,7,7,5,8,9,3,9,0,0,9,2,9,3,0,9,4,7,0,1,0,1,1,0,2,9,3,0,9,9,0,1,9,4,3,9,9,5,8,8,8,1,0,4,7,6,6,5,6,2,4,1,1,4,4,2,7,9,5,3,1,1,7,5,8,5,3,0,7,0,3,2,5,4,1
n472,7,0,8,6,4,10,0,1,10,8,7,9,4,7,4,10,7,7,0,8,9,3,10,0,0,2,2,9,3,0,9,4,7,0,1,10,4,1,6,8,9,0,3,9,9,0,1,5,4,3,9,9,6,8,8,8,10,6,4,7,6,6,5,6,2,4,1,0,0,4,2,7,9,5,3,0,1,7,5,8,5,6,0,5,0,3,2,5,4,1
n471,7,0,8,6,4,10,0,1,10,8,7,9,4,7,4,10,7,7,0,8,9,3,10,0,0,2,2,9,3,0,9,4,7,10,1,10,4,1,6,8,9,0,3,9,9,0,1,0,4,3,9,9,0,8,8,8,0,0,4,7,6,6,5,6,2,4,1,0,0,4,2,7,9,5,3,0,1,7,5,8,5,6,0,5,0,3,2,5,4,1
n474,7,0,8,6,4,10,6,1,10,8,7,9,4,2,4,10,7,7,0,8,9,3,10,0,8,2,2,9,3,0,9,4,7,0,1,1,4,1,6,8,9,0,3,9,9,10,1,0,4,3,9,9,0,8,8,8,6,0,4,7,6,6,5,6,2,4,1,6,0,4,2,7,9,5,3,8,1,7,5,8,5,6,0,5,6,3,2,5,4,1
n473,7,0,8,6,4,10,0,1,10,8,7,9,4,2,4,10,7,7,0,8,9,3,10,0,0,2,2,9,3,0,9,4,7,0,1,1,4,1,6,8,9,0,3,9,9,10,1,0,4,3,9,9,0,8,8,8,0,5,4,7,6,6,5,6,2,4,1,6,0,4,2,7,9,5,3,3,1,7,5,8,5,6,0,5,6,3,2,5,4,1
n478,7,0,8,6,4,10,0,1,10,0,7,9,4,0,4,10,7,7,0,8,9,3,10,0,7,0,2,9,3,0,9,4,7,0,1,0,3,1,1,8,9,0,6,9,9,3,1,4,4,3,9,9,9,8,8,8,0,7,4,7,6,6,5,6,2,4,1,0,6,4,2,7,9,5,3,0,1,7,5,8,5,6,9,0,0,3,2,5,4,1
n477,7,0,8,6,4,10,8,1,10,0,7,9,4,0,4,10,7,7,0,8,9,3,10,0,7,6,2,9,3,0,9,4,7,0,1,0,3,1,1,8,9,0,0,9,9,3,1,0,4,3,9,9,0,8,8,8,0,7,4,7,6,6,5,6,2,4,1,0,6,4,2,7,9,5,3,0,1,7,5,8,5,6,0,9,0,3,2,5,4,1
n480,7,0,8,6,4,10,0,1,10,0,7,9,4,0,4,10,7,7,0,8,9,3,10,0,7,5,2,9,3,6,9,4,7,0,1,0,6,1,1,8,9,0,4,9,9,3,1,9,4,3,9,9,10,8,8,8,0,7,4,7,6,6,5,6,2,4,1,0,0,4,2,7,9,5,3,0,1,7,5,8,5,6,4,0,0,3,2,5,4,1
n479,7,0,8,6,4,10,3,1,10,0,7,9,4,0,4,10,7,7,0,8,9,3,10,0,7,0,2,9,3,0,9,4,7,0,1,0,6,1,1,8,9,0,4,9,9,3,1,0,4,3,9,9,0,8,8,8,2,7,4,7,6,6,5,6,2,4,1,0,0,4,2,7,9,5,3,0,1,7,5,8,5,6,4,8,9,3,2,5,4,1
n488,7,6,8,6,8,7,3,1,10,4,7,9,4,9,4,2,7,7,9,8,9,3,0,0,0,10,2,9,3,0,0,4,7,3,1,3,2,1,3,1,9,9,6,0,9,6,1,10,4,3,9,9,1,8,8,9,0,0,4,7,6,6,5,6,2,4,1,4,0,4,0,7,9,5,3,0,1,7,5,8,5,0,0,4,2,3,2,5,4,1
n487,7,6,8,6,8,7,3,1,10,4,7,9,4,9,4,2,7,7,9,8,9,3,6,0,3,10,2,9,3,0,4,4,7,3,1,3,2,1,3,0,9,9,6,0,9,6,1,10,4,3,9,9,1,8,8,9,0,0,4,7,6,6,5,6,2,4,1,0,0,4,0,7,9,5,3,0,1,7,5,8,5,0,0,8,2,3,2,5,4,1
n490,7,6,8,6,8,4,3,1,10,4,7,9,4,0,4,2,7,7,9,8,9,3,0,9,4,10,2,9,3,0,0,4,7,3,1,3,2,1,3,1,9,9,6,0,9,6,1,10,4,3,9,9,1,8,8,9,0,0,4,7,6,6,5,6,2,4,1,5,7,4,9,7,9,5,3,0,1,7,5,8,5,0,0,7,0,3,2,5,4,1
n489,7,6,8,6,8,4,3,1,10,4,7,9,4,0,4,2,7,7,9,8,9,3,0,9,0,10,2,9,3,0,0,4,7,3,1,3,2,1,3,1,9,9,6,0,9,6,1,10,4,3,9,9,1,8,8,9,0,0,4,7,6,6,5,6,2,4,1,5,7,4,9,7,9,5,3,0,1,7,5,8,5,0,0,7,0,3,2,5,4,1
n494,7,6,8,6,8,0,3,1,10,4,7,9,4,0,4,2,7,7,0,8,9,3,9,10,0,10,2,9,3,1,3,4,7,3,1,3,2,1,3,0,9,9,2,0,9,6,1,10,4,3,9,9,0,8,8,9,10,1,4,7,6,6,5,6,2,4,1,3,0,4,0,7,9,5,3,0,1,7,5,8,5,0,8,6,8,3,2,5,4,1
n493,7,6,8,6,8,0,3,1,10,4,7,9,4,0,4,2,7,7,1,8,9,3,9,10,0,10,2,9,3,1,3,4,7,3,1,3,2,1,3,1,9,9,2,0,9,6,1,10,4,3,9,9,0,8,8,9,10,0,4,7,6,6,5,6,2,4,1,0,0,4,0,7,9,5,3,4,1,7,5,8,5,0,0,0,8,3,2,5,4,1
n496,7,6,8,6,8,1,3,1,10,4,7,9,4,3,4,2,7,7,0,8,9,3,0,4,7,10,2,9,3,0,3,4,7,3,1,3,2,1,3,0,9,9,2,0,9,6,1,10,4,3,9,9,0,8,8,9,10,3,4,7,6,6,5,6,2,4,1,0,6,4,9,7,9,5,3,0,1,7,5,8,5,0,8,0,2,3,2,5,4,1
n495,7,6,8,6,8,1,3,1,10,4,7,9,4,0,4,2,7,7,0,8,9,3,0,0,0,10,2,9,3,0,3,4,7,3,1,3,2,1,3,0,9,9,2,0,9,6,1,10,4,3,9,9,0,8,8,9,10,3,4,7,6,6,5,6,2,4,1,0,6,4,9,7,9,5,3,0,1,7,5,8,5,0,8,0,2,3,2,5,4,1
n502,7,3,8,6,5,0,3,1,10,4,7,9,4,0,4,2,7,7,0,8,9,3,0,6,0,1,2,9,3,3,0,4,7,3,1,0,2,1,3,0,9,9,0,0,9,6,1,10,4,3,9,9,0,8,8,0,0,0,4,7,6,6,5,6,2,4,1,4,5,4,4,7,9,5,3,2,1,7,5,8,5,0,4,0,6,3,2,5,4,1
n501,7,9,8,6,0,0,3,1,10,4,7,9,4,0,4,2,7,7,3,8,9,3,0,6,0,1,2,9,3,3,0,4,7,3,1,0,2,1,3,3,9,9,4,0,9,6,1,10,4,3,9,9,0,8,8,4,0,0,4,7,6,6,5,6,2,4,1,4,5,4,0,7,9,5,3,2,1,7,5,8,5,5,4,0,6,3,2,5,4,1
n504,7,0,8,6,0,0,3,1,10,4,7,9,4,0,4,2,7,7,0,8,9,3,0,6,0,1,2,9,3,3,0,4,7,3,1,7,2,1,3,0,9,9,0,0,9,6,1,10,4,3,9,9,5,8,8,0,0,0,4,7,6,6,5,6,2,4,1,4,5,4,7,7,9,5,3,0,1,7,5,8,5,0,9,0,6,3,2,5,4,1
n503,7,1,8,6,0,0,3,1,10,4,7,9,4,0,4,2,7,7,0,8,9,3,0,6,7,1,2,9,3,3,0,4,7,3,1,0,2,1,3,0,9,9,0,7,9,6,1,10,4,3,9,9,5,8,8,0,0,8,4,7,6,6,5,6,2,4,1,4,5,4,0,7,9,5,3,0,1,7,5,8,5,0,0,9,6,3,2,5,4,1
n508,7,9,8,6,7,0,3,1,10,4,7,9,4,0,4,2,7,7,10,8,9,3,1,6,3,0,2,9,3,3,0,4,7,3,1,0,2,1,3,6,9,9,0,0,9,6,1,10,4,3,9,9,0,8,8,7,0,1,4,7,6,6,5,6,2,4,1,4,5,4,6,7,9,5,3,0,1,7,5,8,5,3,0,1,7,3,2,5,4,1
n507,7,9,8,6,7,0,3,1,10,4,7,9,4,2,4,2,7,7,10,8,9,3,0,6,3,0,2,9,3,3,0,4,7,3,1,0,2,1,3,0,9,9,0,0,9,6,1,10,4,3,9,9,0,8,8,7,0,1,4,7,6,6,5,6,2,4,1,4,5,4,6,7,9,5,3,9,1,7,5,8,5,3,0,1,7,3,2,5,4,1
n510,7,9,8,6,7,4,3,1,10,4,7,9,4,0,4,2,7,7,10,8,9,3,0,6,4,0,2,9,3,3,0,4,7,3,1,0,2,1,3,0,9,9,0,3,9,6,1,10,4,3,9,9,0,8,8,7,0,0,4,7,6,6,5,6,2,4,1,4,5,4,6,7,9,5,3,0,1,7,5,8,5,3,0,1,7,3,2,5,4,1
n509,7,9,8,6,7,4,3,1,10,4,7,9,4,0,4,2,7,7,10,8,9,3,0,6,3,4,2,9,3,3,0,4,7,3,1,0,2,1,3,0,9,9,0,3,9,6,1,10,4,3,9,9,0,8,8,7,0,0,4,7,6,6,5,6,2,4,1,4,5,4,6,7,9,5,3,0,1,7,5,8,5,3,2,1,7,3,2,5,4,1
