cell,r1,r2,r3,r4,r5,r6,r7,r8,r9,r10,r11,r12,r13,r14,r15,r16,r17,r18,r19,r20,r21,r22,r23,r24,r25,r26,r27,r28,r29,r30,r31,r32,r33,r34,r35,r36,r37,r38,r39,r40,r41,r42,r43,r44,r45,r46,r47,r48,r49,r50,r51,r52,r53,r54,r55,r56,r57,r58,r59,r60,r61,r62,r63,r64,r65,r66,r67,r68,r69,r70,r71,r72,r73,r74,r75,r76,r77,r78,r79,r80,r81,r82,r83,r84,r85,r86,r87,r88,r89,r90
n16,4,2,0,5,7,3,8,5,4,6,4,5,8,3,10,3,6,8,2,6,2,5,3,8,1,5,5,10,6,7,10,1,1,10,9,10,8,4,3,1,0,0,9,5,3,8,10,7,6,5,7,6,2,9,9,9,7,3,8,0,8,3,3,2,4,5,4,7,0,4,1,9,5,2,8,6,8,8,6,6,3,2,7,4,1,5,0,6,10,10
n15,4,2,0,5,7,3,8,5,4,6,4,5,8,3,10,3,6,8,2,6,2,0,3,8,1,5,5,10,6,7,10,1,1,10,9,10,8,4,3,1,0,0,9,5,3,8,10,7,6,5,7,6,0,9,9,9,7,3,8,0,8,3,3,2,4,5,4,7,0,4,1,9,5,2,8,6,8,8,6,6,3,2,7,4,1,5,0,6,10,10
n18,4,2,0,5,7,3,8,5,4,6,4,5,8,3,10,3,6,8,2,6,2,0,3,8,1,5,5,10,6,7,10,1,1,10,9,10,8,4,3,1,0,0,9,5,3,8,10,7,0,5,7,6,6,9,9,9,7,3,8,0,8,3,3,2,4,5,4,7,0,4,1,9,5,2,7,6,8,8,6,6,3,2,5,4,1,5,0,6,10,10
n17,4,2,1,5,7,3,8,5,4,6,4,5,8,3,10,3,6,8,2,6,2,0,3,8,1,5,5,10,6,7,10,1,1,10,9,10,8,4,3,1,0,0,9,5,3,8,10,7,0,5,7,6,0,9,9,9,7,3,8,0,8,3,3,2,4,5,4,7,0,4,1,9,5,2,7,6,8,8,6,6,3,2,5,4,1,5,0,6,10,10
n22,4,2,0,5,7,3,8,5,4,6,4,5,8,3,10,3,6,8,2,6,2,0,3,8,1,5,5,10,6,7,10,1,1,10,9,10,8,4,3,1,0,0,9,5,9,8,10,7,3,5,7,6,0,9,9,9,7,3,8,0,0,3,3,2,4,5,4,6,0,4,1,9,5,2,9,6,8,8,6,6,3,2,7,4,1,5,0,6,10,10
n21,4,2,0,5,7,3,8,5,4,6,4,5,8,3,10,3,6,8,2,6,2,0,3,8,1,5,5,10,6,7,10,1,1,10,9,10,8,4,3,1,0,0,9,5,9,8,10,7,3,5,7,6,0,9,9,9,7,3,8,4,0,3,3,2,4,5,4,6,5,4,1,9,5,2,9,6,8,8,6,6,3,2,7,4,1,5,0,6,10,10
n24,4,2,7,5,7,3,8,5,4,6,4,5,8,3,10,3,6,8,2,6,2,0,3,8,1,5,5,10,6,7,10,1,1,10,9,10,8,4,3,1,0,9,9,5,0,8,10,7,3,5,7,6,0,9,9,9,7,3,8,4,0,3,3,2,4,5,4,0,0,4,1,9,5,2,5,6,8,8,6,6,3,2,7,4,1,5,0,6,10,10
n23,4,2,0,5,7,3,8,5,4,6,4,5,8,3,10,3,6,8,2,6,2,0,3,8,1,5,5,10,6,7,10,1,1,10,9,10,8,4,3,1,0,0,9,5,0,8,10,7,3,5,7,6,0,9,9,9,7,3,8,0,0,3,3,2,4,5,4,0,0,4,1,9,5,2,0,6,8,8,6,6,3,2,7,4,1,5,0,6,10,10
n30,4,2,0,5,7,3,8,5,4,6,4,5,8,3,10,3,6,8,2,6,2,5,3,8,1,5,5,10,6,7,10,1,0,10,9,0,8,4,3,1,0,6,9,5,10,8,10,7,6,5,7,6,0,9,9,9,7,3,7,0,3,3,3,2,4,5,4,1,1,4,1,9,5,2,9,6,8,8,6,6,3,2,0,4,1,5,0,6,10,10
n29,4,2,0,5,7,3,8,5,4,6,4,5,8,3,10,3,6,8,2,6,2,5,3,8,1,5,5,10,6,7,10,1,0,10,9,0,8,4,3,1,0,6,9,5,10,8,10,7,6,5,7,6,0,9,9,9,7,3,7,8,3,3,3,2,4,5,4,1,1,4,1,9,5,2,9,6,8,8,6,6,3,2,0,4,1,5,0,6,10,10
n32,4,2,0,5,7,3,8,5,4,6,4,5,8,3,10,3,6,8,2,6,2,5,3,8,1,5,5,10,6,7,10,1,6,10,9,0,8,4,3,1,9,6,9,5,10,8,10,7,6,5,7,6,0,9,9,9,7,3,7,0,3,3,3,2,4,5,4,1,1,4,1,9,5,2,9,6,8,8,6,6,3,2,0,4,1,5,0,6,10,10
n31,4,2,0,5,7,3,8,5,4,6,4,5,8,3,10,3,6,8,2,6,2,5,3,8,1,5,5,10,6,7,10,1,0,10,9,0,8,4,3,1,9,6,9,5,10,8,10,7,6,5,7,6,5,9,9,9,7,3,7,0,3,3,3,2,4,5,4,1,1,4,1,9,5,2,9,6,8,8,6,6,3,2,0,4,1,5,0,6,10,10
n36,4,2,4,5,7,3,8,5,4,6,4,5,8,3,10,3,6,8,2,6,2,6,3,8,1,5,5,10,6,7,10,1,7,10,9,0,8,4,3,1,10,0,9,5,10,8,10,7,6,5,7,6,0,9,9,9,7,3,7,0,0,3,3,2,4,5,4,1,1,4,1,9,5,2,9,6,8,8,6,6,3,2,0,4,1,5,0,6,10,10
n35,4,2,9,5,7,3,8,5,4,6,4,5,8,3,10,3,6,8,2,6,2,6,3,8,1,5,5,10,6,7,10,1,0,10,9,0,8,4,3,1,0,7,9,5,10,8,10,7,6,5,7,6,2,9,9,9,7,3,7,0,0,3,3,2,4,5,4,1,1,4,1,9,5,2,9,6,8,8,6,6,3,2,0,4,1,5,0,6,10,10
n38,4,2,0,5,7,3,8,5,4,6,4,5,8,3,10,3,6,8,2,6,2,6,3,8,1,5,5,10,6,7,10,1,0,10,9,0,8,4,3,1,0,7,9,5,0,8,10,7,6,5,7,6,3,9,9,9,7,3,7,0,5,3,3,2,4,5,4,1,1,4,1,9,5,2,9,6,8,8,6,6,3,2,0,4,1,5,0,6,10,10
n37,4,2,0,5,7,3,8,5,4,6,4,5,8,3,10,3,6,8,2,6,2,6,3,8,1,5,5,10,6,7,10,1,0,10,9,10,8,4,3,1,0,0,9,5,0,8,10,7,6,5,7,6,0,9,9,9,7,3,7,0,5,3,3,2,4,5,4,1,1,4,1,9,5,2,9,6,8,8,6,6,3,2,0,4,1,5,0,6,10,10
n46,4,2,5,0,7,3,0,5,4,6,4,5,0,3,10,3,6,8,2,6,2,0,3,8,1,0,5,10,0,7,10,1,3,10,9,0,8,4,3,1,6,9,9,5,1,8,9,5,7,5,7,6,5,9,9,9,7,3,0,5,5,3,3,2,4,5,4,0,0,4,1,9,5,2,5,6,8,8,2,6,3,2,1,4,1,5,0,6,10,10
n45,4,2,5,0,7,3,0,5,4,6,4,5,0,3,10,3,6,8,2,6,2,0,3,8,1,0,5,10,0,7,10,1,3,10,9,3,8,4,3,1,0,10,9,5,1,8,9,5,7,5,7,6,0,9,9,9,7,3,0,5,5,3,3,2,4,5,4,0,0,4,1,9,5,2,9,6,8,8,0,6,3,2,1,4,1,5,0,6,10,10
n48,4,2,0,0,7,3,0,5,4,6,4,5,0,3,10,3,6,8,2,6,2,0,3,8,1,4,5,10,10,7,10,1,3,10,9,6,8,4,3,1,7,6,9,5,1,8,9,5,7,5,7,6,0,9,9,9,7,3,2,5,5,3,3,2,4,5,4,8,0,4,1,9,5,2,0,6,8,8,0,6,3,2,1,4,1,5,0,6,10,10
n47,4,2,0,0,7,3,0,5,4,6,4,5,1,3,10,3,6,8,2,6,2,0,3,8,1,4,5,10,10,7,10,1,3,10,9,6,8,4,3,1,7,6,9,5,1,8,9,5,7,5,7,6,0,9,9,9,7,3,2,5,5,3,3,2,4,5,4,8,0,4,1,9,5,2,0,6,8,8,0,6,3,2,1,4,1,5,0,6,10,10
n52,4,2,0,0,7,3,4,5,4,6,4,5,0,3,10,3,6,8,2,6,2,8,3,8,1,0,5,10,0,7,10,1,0,10,9,0,8,4,3,1,0,6,9,5,1,8,9,5,7,5,7,6,5,9,9,9,7,3,0,5,5,3,3,2,4,5,4,5,0,4,1,9,5,2,0,6,8,8,8,6,3,2,3,4,1,5,0,6,10,10
n51,4,2,0,0,7,3,0,5,4,6,4,5,0,3,10,3,6,8,2,6,2,0,3,8,1,0,5,10,0,7,10,1,0,10,9,0,8,4,3,1,0,6,9,5,1,8,9,5,7,5,7,6,0,9,9,9,7,3,0,5,5,3,3,2,4,5,4,5,0,4,1,9,5,2,0,6,8,8,2,6,3,2,0,4,1,5,0,6,10,10
n54,4,2,0,0,7,3,0,5,4,6,4,5,5,3,10,3,6,8,2,6,2,0,3,8,1,0,5,10,2,7,10,1,0,10,9,0,8,4,3,1,0,6,9,5,1,8,9,5,7,5,7,6,7,9,9,9,7,3,0,5,5,3,3,2,4,5,4,5,0,4,1,9,5,2,6,6,8,8,0,6,3,2,0,4,1,5,0,6,10,10
n53,4,2,0,0,7,3,0,5,4,6,4,5,0,3,10,3,6,8,2,6,2,7,3,8,1,0,5,10,0,7,10,1,0,10,9,3,8,4,3,1,0,6,9,5,1,8,9,5,7,5,7,6,0,9,9,9,7,3,0,5,5,3,3,2,4,5,4,5,10,4,1,9,5,2,6,6,8,8,0,6,3,2,1,4,1,5,0,6,10,10
n60,4,2,6,10,7,3,8,5,4,6,4,5,0,3,10,3,6,8,2,6,2,0,3,8,1,0,5,10,9,7,10,1,0,10,9,4,8,4,3,1,0,2,9,5,1,8,0,5,7,5,7,6,0,9,9,9,7,3,0,9,5,3,3,2,4,5,4,6,3,4,1,9,5,2,3,6,8,8,9,6,3,2,3,4,1,5,0,6,10,10
n59,4,2,6,10,7,3,8,5,4,6,4,5,5,3,10,3,6,8,2,6,2,0,3,8,1,0,5,10,9,7,10,1,0,10,9,4,8,4,3,1,0,2,9,5,1,8,8,5,7,5,7,6,0,9,9,9,7,3,0,9,5,3,3,2,4,5,4,6,0,4,1,9,5,2,3,6,8,8,0,6,3,2,3,4,1,5,0,6,10,10
n62,4,2,6,10,7,3,8,5,4,6,4,5,0,3,10,3,6,8,2,6,2,0,3,8,1,3,5,10,9,7,10,1,1,10,9,6,8,4,3,1,10,2,9,5,1,8,0,5,7,5,7,6,4,9,9,9,7,3,0,9,5,3,3,2,4,5,4,6,0,4,1,9,5,2,3,6,8,8,0,6,3,2,3,4,1,5,2,6,10,10
n61,4,2,6,10,7,3,8,5,4,6,4,5,0,3,10,3,6,8,2,6,2,0,3,8,1,0,5,10,9,7,10,1,1,10,9,0,8,4,3,1,10,2,9,5,1,8,0,5,7,5,7,6,0,9,9,9,7,3,0,9,5,3,3,2,4,5,4,6,0,4,1,9,5,2,3,6,8,8,3,6,3,2,3,4,1,5,2,6,10,10
n66,4,2,6,0,7,3,6,5,4,6,4,5,10,3,10,3,6,8,2,6,2,5,3,8,1,0,5,10,9,7,10,1,0,10,9,2,8,4,3,1,5,10,9,5,1,8,6,5,7,5,7,6,0,9,9,9,7,3,0,9,5,3,3,2,4,5,4,6,5,4,1,9,5,2,10,6,8,8,0,6,3,2,3,4,1,5,6,6,10,10
n65,4,2,6,0,7,3,6,5,4,6,4,5,10,3,10,3,6,8,2,6,2,5,3,8,1,0,5,10,9,7,10,1,0,10,9,0,8,4,3,1,9,0,9,5,1,8,6,5,7,5,7,6,0,9,9,9,7,3,0,9,5,3,3,2,4,5,4,6,5,4,1,9,5,2,0,6,8,8,0,6,3,2,3,4,1,5,6,6,10,10
n68,4,2,6,0,7,3,6,5,4,6,4,5,7,3,10,3,6,8,2,6,2,0,3,8,1,0,5,10,9,7,10,1,0,10,9,10,8,4,3,1,0,0,9,5,1,8,8,5,7,5,7,6,0,9,9,9,7,3,0,9,5,3,3,2,4,5,4,6,5,4,1,9,5,2,0,6,8,8,0,6,3,2,3,4,1,5,3,6,10,10
n67,4,2,6,0,7,3,6,5,4,6,4,5,0,3,10,3,6,8,2,6,2,8,3,8,1,0,5,10,9,7,10,1,0,10,9,10,8,4,3,1,0,0,9,5,1,8,8,5,7,5,7,6,0,9,9,9,7,3,0,9,5,3,3,2,4,5,4,6,5,4,1,9,5,2,0,6,8,8,0,6,3,2,3,4,1,5,3,6,10,10
n78,4,2,8,1,7,3,5,1,4,10,3,1,8,3,9,3,6,8,2,6,2,7,3,8,1,6,5,10,10,7,10,0,4,10,9,2,8,4,3,1,0,5,9,5,6,8,10,0,2,5,7,0,1,9,9,9,7,3,9,4,1,3,3,2,4,5,4,7,6,6,1,9,5,2,0,6,8,8,0,6,3,2,4,4,1,5,0,6,10,10
n77,4,2,8,1,7,3,5,1,4,10,3,1,8,3,9,3,6,8,2,6,2,7,3,8,1,0,5,10,10,7,10,0,0,10,9,2,8,4,3,1,0,0,9,5,6,8,10,4,6,5,7,0,1,9,9,9,7,3,9,4,1,3,3,2,4,5,4,7,6,6,1,9,5,2,0,6,8,8,0,6,3,2,4,4,1,5,0,6,10,10
n80,4,2,8,1,7,3,5,1,4,10,3,1,0,3,9,3,6,8,2,6,2,7,3,8,1,5,5,10,0,7,10,0,6,10,9,2,8,4,3,1,0,8,9,5,6,8,10,0,0,5,7,0,1,9,9,9,7,3,0,4,1,3,3,2,4,5,4,7,6,6,1,9,5,2,10,6,8,8,0,6,3,2,4,4,1,5,9,6,10,10
n79,4,2,8,1,7,3,5,1,4,10,3,1,0,3,9,3,6,8,2,6,2,7,3,8,1,5,5,10,0,7,10,0,6,10,9,2,8,4,3,1,0,0,9,5,6,8,10,0,0,5,7,0,1,9,9,9,7,3,0,4,1,3,3,2,4,5,4,7,6,6,1,9,5,2,3,6,8,8,0,6,3,2,4,4,1,5,9,6,10,10
n84,4,2,8,1,7,3,0,9,4,10,3,1,10,3,9,3,6,8,2,6,2,7,3,8,1,0,5,10,3,7,10,0,5,10,9,2,8,4,3,1,0,5,9,5,6,8,6,3,0,5,7,0,1,9,9,9,7,3,6,10,6,3,3,2,4,5,4,7,6,6,1,9,5,2,0,6,8,8,9,6,3,2,0,4,1,5,0,6,10,10
n83,4,2,8,1,7,3,10,9,4,10,3,1,10,3,9,3,6,8,2,6,2,7,3,8,1,0,5,10,0,7,10,0,5,10,9,2,8,4,3,1,0,5,9,5,6,8,0,3,0,5,7,0,1,9,9,9,7,3,6,10,6,3,3,2,4,5,4,7,6,6,1,9,5,2,4,6,8,8,9,6,3,2,0,4,1,5,0,6,10,10
n86,4,2,8,1,7,3,0,0,4,10,3,1,9,3,9,3,6,8,2,6,2,7,3,8,1,5,5,10,7,7,10,0,5,10,9,2,8,4,3,1,2,5,9,5,6,8,10,3,0,5,7,8,1,9,9,9,7,3,6,0,0,3,3,2,4,5,4,7,6,6,1,9,5,2,0,6,8,8,9,6,3,2,5,4,1,5,0,6,10,10
n85,4,2,8,1,7,3,0,9,4,10,3,1,9,3,9,3,6,8,2,6,2,7,3,8,1,0,5,10,0,7,10,0,5,10,9,2,8,4,3,1,0,5,9,5,6,8,10,3,2,5,7,0,1,9,9,9,7,3,6,0,0,3,3,2,4,5,4,7,6,6,1,9,5,2,0,6,8,8,9,6,3,2,5,4,1,5,0,6,10,10
n92,4,2,9,1,7,3,0,0,4,7,3,1,5,3,9,3,6,8,2,6,2,3,3,8,1,1,5,10,0,7,10,0,0,10,9,2,8,4,3,1,0,8,9,5,0,8,1,0,0,5,7,1,1,9,9,9,7,3,9,0,0,3,3,2,4,5,4,7,6,6,1,9,5,2,0,6,8,8,1,6,3,2,0,4,1,5,0,6,10,10
n91,4,2,0,1,7,3,0,9,4,7,3,1,0,3,9,3,6,8,2,6,2,3,3,8,1,0,5,10,0,7,10,0,0,10,9,2,8,4,3,1,0,8,9,5,0,8,1,0,0,5,7,1,1,9,9,9,7,3,9,8,5,3,3,2,4,5,4,7,6,6,1,9,5,2,0,6,8,8,1,6,3,2,0,4,1,5,0,6,10,10
n94,4,2,0,1,7,3,0,0,4,7,3,1,0,3,9,3,6,8,2,6,2,3,3,8,1,0,5,10,5,7,10,0,0,10,9,2,8,4,3,1,0,0,9,5,7,8,1,0,1,5,7,1,1,9,9,9,7,3,9,10,0,3,3,2,4,5,4,7,6,6,1,9,5,2,0,6,8,8,1,6,3,2,0,4,1,5,9,6,10,10
n93,4,2,10,1,7,3,9,0,4,7,3,1,0,3,9,3,6,8,2,6,2,3,3,8,1,0,5,10,5,7,10,2,0,10,9,2,8,4,3,1,0,0,9,5,7,8,1,0,1,5,7,1,1,9,9,9,7,3,9,0,0,3,3,2,4,5,4,7,6,6,1,9,5,2,0,6,8,8,1,6,3,2,0,4,1,5,0,6,10,10
n98,4,2,0,1,7,3,0,8,4,7,3,1,0,3,9,3,6,8,2,6,2,1,3,8,1,0,5,10,2,7,10,0,3,10,9,2,8,4,3,1,8,1,9,5,6,8,1,10,7,5,7,0,1,9,9,9,7,3,9,5,0,3,3,2,4,5,4,7,6,6,1,9,5,2,0,6,8,8,0,6,3,2,0,4,1,5,0,6,10,10
n97,4,2,0,1,7,3,0,0,4,0,3,1,0,3,9,3,6,8,2,6,2,1,3,8,1,0,5,10,2,7,10,0,0,10,9,2,8,4,3,1,8,1,9,5,0,8,1,10,7,5,7,0,1,9,9,9,7,3,9,5,3,3,3,2,4,5,4,7,6,6,1,9,5,2,0,6,8,8,0,6,3,2,0,4,1,5,0,6,10,10
n100,4,2,5,1,7,3,7,0,4,0,3,1,0,3,9,3,6,8,2,6,2,0,3,8,1,10,5,10,2,7,10,4,4,10,9,2,8,4,3,1,8,1,9,5,4,8,1,10,7,5,7,2,1,9,9,9,7,3,9,5,0,3,3,2,4,5,4,7,6,6,1,9,5,2,0,6,8,8,0,6,3,2,0,4,1,5,0,6,10,10
n99,4,2,0,1,7,3,7,0,4,0,3,1,0,3,9,3,6,8,2,6,2,0,3,8,1,0,5,10,2,7,10,0,4,10,9,2,8,4,3,1,8,1,9,5,4,8,1,10,7,5,7,0,1,9,9,9,7,3,9,5,0,3,3,2,4,5,4,7,6,6,1,9,5,2,0,6,8,8,0,6,3,2,0,4,1,5,0,6,10,10
n108,4,2,1,1,7,3,0,1,4,0,10,0,7,3,0,3,6,8,2,6,2,0,3,8,1,0,5,10,2,7,10,0,5,10,9,4,8,4,3,1,3,6,9,5,0,8,0,10,8,5,7,9,1,9,9,9,7,3,0,0,6,3,3,2,4,5,4,1,7,6,1,9,5,2,0,6,8,8,5,6,3,2,1,4,1,5,8,6,10,10
n107,4,2,1,1,7,3,0,1,4,0,10,2,7,3,7,3,6,8,2,6,2,0,3,8,1,0,5,10,2,7,10,0,5,10,9,4,8,4,3,1,3,6,9,5,0,8,0,10,8,5,7,9,1,9,9,9,7,3,0,0,6,3,3,2,4,5,4,1,7,6,1,9,5,2,0,6,8,8,5,6,3,2,1,4,1,5,8,6,10,10
n110,4,2,1,1,7,3,0,1,4,0,10,7,7,3,0,3,6,8,2,6,2,2,3,8,1,0,5,10,2,7,10,7,5,10,9,4,8,4,3,1,9,0,9,5,0,8,7,10,8,5,7,9,1,9,9,9,7,3,0,4,0,3,3,2,4,5,4,1,7,6,1,9,5,2,0,6,8,8,5,6,3,2,1,4,1,5,8,6,10,10
n109,4,2,1,1,7,3,8,1,4,0,10,0,7,3,0,3,6,8,2,6,2,2,3,8,1,0,5,10,2,7,10,7,5,10,9,4,8,4,3,1,9,0,9,5,0,8,0,10,8,5,7,9,1,9,9,9,7,3,0,0,0,3,3,2,4,5,4,1,7,6,1,9,5,2,0,6,8,8,5,6,3,2,1,4,1,5,8,6,10,10
n114,4,2,1,1,7,3,0,1,4,0,0,9,7,3,3,3,6,8,2,6,2,0,3,8,1,0,5,10,0,7,10,0,3,10,9,4,8,4,3,1,2,7,9,5,8,8,0,10,8,5,7,9,1,9,9,9,7,3,1,7,7,3,3,2,4,5,4,1,7,6,1,9,5,2,9,6,8,8,5,6,3,2,1,4,1,5,0,6,10,10
n113,4,2,1,1,7,3,0,1,4,0,8,9,7,3,3,3,6,8,2,6,2,0,3,8,1,0,5,10,0,7,10,0,0,10,9,4,8,4,3,1,2,6,9,5,8,8,0,10,8,5,7,9,1,9,9,9,7,3,1,7,7,3,3,2,4,5,4,1,7,6,1,9,5,2,9,6,8,8,5,6,3,2,1,4,1,5,0,6,10,10
n116,4,2,1,1,7,3,0,1,4,0,0,9,7,3,3,3,6,8,2,6,2,0,3,8,1,0,5,10,0,7,10,0,0,10,9,4,8,4,3,1,2,0,9,5,0,8,2,10,8,5,7,9,1,9,9,9,7,3,0,9,7,3,3,2,4,5,4,1,7,6,1,9,5,2,9,6,8,8,5,6,3,2,1,4,1,5,0,6,10,10
n115,4,2,1,1,7,3,0,1,4,0,0,9,7,3,3,3,6,8,2,6,2,0,3,8,1,0,5,10,1,7,10,0,10,10,9,4,8,4,3,1,2,2,9,5,0,8,2,10,8,5,7,9,1,9,9,9,7,3,0,0,7,3,3,2,4,5,4,1,7,6,1,9,5,2,9,6,8,8,5,6,3,2,1,4,1,5,0,6,10,10
n122,4,2,1,1,7,3,0,6,4,9,7,0,2,3,9,3,6,8,2,6,2,0,3,8,1,0,5,10,0,7,10,0,5,10,9,0,8,4,3,1,2,3,9,5,0,8,0,0,8,5,7,9,1,9,9,9,7,3,1,3,0,3,3,2,4,5,4,1,7,6,1,9,5,2,5,6,8,8,0,6,3,2,0,4,1,5,0,6,10,10
n121,4,2,1,1,7,3,0,6,4,9,7,0,2,3,9,3,6,8,2,6,2,0,3,8,1,0,5,10,4,7,10,0,5,10,9,0,8,4,3,1,2,3,9,5,0,8,10,0,8,5,7,9,1,9,9,9,7,3,1,4,0,3,3,2,4,5,4,1,7,6,1,9,5,2,5,6,8,8,0,6,3,2,0,4,1,5,0,6,10,10
n124,4,2,1,1,7,3,0,0,4,9,7,8,2,3,9,3,6,8,2,6,2,4,3,8,1,0,5,10,0,7,10,5,8,10,9,0,8,4,3,1,2,0,9,5,0,8,3,3,8,5,7,9,1,9,9,9,7,3,2,0,0,3,3,2,4,5,4,1,7,6,1,9,5,2,5,6,8,8,0,6,3,2,0,4,1,5,9,6,10,10
n123,4,2,1,1,7,3,0,0,4,9,7,0,2,3,9,3,6,8,2,6,2,4,3,8,1,0,5,10,0,7,10,0,8,10,9,1,8,4,3,1,2,1,9,5,0,8,0,3,8,5,7,9,1,9,9,9,7,3,0,0,0,3,3,2,4,5,4,1,7,6,1,9,5,2,5,6,8,8,7,6,3,2,0,4,1,5,0,6,10,10
n128,4,2,1,1,7,3,1,0,4,9,9,0,2,3,0,3,6,8,2,6,2,4,3,8,1,0,5,10,1,7,10,0,0,10,9,0,8,4,3,1,0,0,9,5,6,8,5,8,8,5,7,9,1,9,9,9,7,3,0,6,0,3,3,2,4,5,4,1,7,6,1,9,5,2,0,6,8,8,0,6,3,2,0,4,1,5,3,6,10,10
n127,4,2,1,1,7,3,1,10,4,9,9,0,2,3,2,3,6,8,2,6,2,0,3,8,1,0,5,10,1,7,10,0,0,10,9,0,8,4,3,1,2,0,9,5,6,8,5,5,8,5,7,9,1,9,9,9,7,3,0,0,3,3,3,2,4,5,4,1,7,6,1,9,5,2,0,6,8,8,0,6,3,2,0,4,1,5,3,6,10,10
n130,4,2,1,1,7,3,1,0,4,9,0,0,2,3,7,3,6,8,2,6,2,0,3,8,1,6,5,10,0,7,10,7,0,10,9,3,8,4,3,1,0,7,9,5,0,8,0,0,8,5,7,9,1,9,9,9,7,3,0,0,0,3,3,2,4,5,4,1,7,6,1,9,5,2,7,6,8,8,0,6,3,2,0,4,1,5,3,6,10,10
n129,4,2,1,1,7,3,1,0,4,9,0,0,2,3,0,3,6,8,2,6,2,0,3,8,1,6,5,10,0,7,10,7,0,10,9,0,8,4,3,1,6,7,9,5,0,8,5,0,8,5,7,9,1,9,9,9,7,3,0,4,0,3,3,2,4,5,4,1,7,6,1,9,5,2,7,6,8,8,0,6,3,2,0,4,1,5,3,6,10,10
n142,4,2,3,0,9,10,2,6,4,7,3,9,5,0,7,3,6,2,2,6,2,0,2,8,5,10,2,3,10,7,10,5,9,0,9,5,8,4,3,1,5,0,9,5,5,8,2,4,4,5,8,4,0,0,9,9,7,0,0,10,7,10,3,2,4,5,4,9,0,7,1,9,1,2,2,6,8,8,3,6,3,5,6,4,1,2,8,6,10,10
n141,4,2,3,1,9,10,0,6,4,7,3,9,5,3,0,3,6,2,2,6,2,0,0,8,5,10,2,3,10,7,10,5,9,0,9,5,8,4,3,1,5,10,9,5,5,8,2,4,4,5,8,4,1,0,9,9,7,0,10,10,7,10,3,2,4,5,4,9,0,7,1,9,1,2,2,6,8,8,3,6,3,5,6,4,1,2,8,6,10,10
n144,4,2,2,0,9,10,0,6,4,7,3,9,0,0,8,3,6,2,2,6,2,7,0,8,5,10,2,3,10,7,10,5,9,9,9,5,8,4,3,1,5,0,9,5,5,8,2,4,4,5,8,4,0,7,9,9,7,0,0,10,7,10,3,2,4,5,4,9,0,7,1,9,1,2,2,6,8,8,3,6,3,5,6,4,1,2,8,6,10,10
n143,4,2,2,0,9,10,0,6,4,7,7,9,0,0,0,3,6,2,2,6,2,7,0,8,5,10,2,3,10,7,10,5,9,9,9,5,8,4,3,1,5,9,9,5,5,8,2,4,4,5,8,4,0,7,9,9,7,5,0,10,7,10,3,2,4,5,4,9,0,7,1,9,1,2,2,6,8,8,3,6,3,5,6,4,1,2,8,6,10,10
n148,4,2,1,8,9,10,0,0,4,7,0,9,6,9,2,3,6,2,2,6,2,6,7,8,5,0,2,3,10,7,10,5,0,4,9,5,8,4,3,1,0,0,9,5,5,8,2,4,4,5,8,4,0,0,9,9,7,0,6,10,7,10,3,2,4,5,4,9,0,7,1,9,1,2,2,6,8,8,3,6,3,5,6,4,1,2,8,6,10,10
n147,4,2,1,8,9,10,0,10,4,7,0,9,6,9,2,3,6,2,2,6,2,6,7,8,5,0,2,3,10,7,10,5,0,4,9,5,8,4,3,1,0,0,9,5,5,8,2,4,4,5,8,4,0,0,9,9,7,0,6,10,7,10,3,2,4,5,4,9,0,7,1,9,1,2,2,6,8,8,3,6,3,5,6,4,1,2,8,6,10,10
n150,4,2,1,0,9,10,0,10,4,7,0,9,0,9,0,3,6,2,2,6,2,6,7,8,5,0,2,3,10,7,10,5,1,2,9,5,8,4,3,1,0,9,9,5,5,8,2,4,4,5,8,4,1,0,9,9,7,3,5,10,7,10,3,2,4,5,4,9,0,7,1,9,1,2,2,6,8,8,3,6,3,5,6,4,1,2,8,6,10,10
n149,4,2,1,0,9,10,0,10,4,7,0,9,4,9,0,3,6,2,2,6,2,6,7,8,5,0,2,3,10,7,10,5,0,8,9,5,8,4,3,1,0,0,9,5,5,8,2,4,4,5,8,4,2,0,9,9,7,1,0,10,7,10,3,2,4,5,4,9,0,7,1,9,1,2,2,6,8,8,3,6,3,5,6,4,1,2,8,6,10,10
n156,4,2,0,9,0,10,5,7,4,7,0,9,3,4,4,3,6,2,2,6,2,6,1,8,5,0,2,3,7,7,10,5,2,0,9,0,8,4,3,1,7,1,9,5,5,8,2,4,4,5,0,2,1,9,9,9,7,4,0,10,7,10,3,2,4,5,4,1,2,7,1,9,1,2,2,6,8,8,3,6,3,5,6,4,1,2,8,6,10,10
n155,4,2,0,9,0,10,5,7,4,7,0,9,3,4,4,3,6,2,2,6,2,6,1,8,5,8,2,3,7,7,10,5,2,0,9,0,8,4,3,1,7,1,9,5,5,8,2,4,4,5,0,2,1,9,9,9,7,4,0,10,7,10,3,2,4,5,4,0,2,7,1,9,1,2,2,6,8,8,3,6,3,5,6,4,1,2,8,6,10,10
n158,4,2,0,0,1,10,5,9,4,7,4,9,3,4,2,3,6,2,2,6,2,6,1,8,5,0,2,3,7,7,10,5,2,0,9,8,8,4,3,1,7,0,9,5,5,8,2,4,4,5,0,2,1,0,9,9,7,4,0,10,7,10,3,2,4,5,4,3,2,7,1,9,1,2,2,6,8,8,3,6,3,5,6,4,1,2,8,6,10,10
n157,4,2,0,10,1,10,5,9,4,7,0,9,3,4,2,3,6,2,2,6,2,6,1,8,5,0,2,3,7,7,10,5,2,1,9,8,8,4,3,1,7,0,9,5,5,8,2,4,4,5,0,2,1,4,9,9,7,4,0,10,7,10,3,2,4,5,4,3,2,7,1,9,1,2,2,6,8,8,3,6,3,5,6,4,1,2,8,6,10,10
n162,4,2,0,0,0,10,5,6,4,7,6,9,3,4,3,3,6,2,2,6,2,6,1,8,5,2,2,3,3,7,10,5,2,2,9,9,8,4,3,1,7,0,9,5,5,8,2,4,4,5,0,2,1,8,9,9,7,4,0,10,7,10,3,2,4,5,4,0,2,7,1,9,1,2,2,6,8,8,3,6,3,5,6,4,1,2,8,6,10,10
n161,4,2,0,0,0,10,5,2,4,7,6,9,3,4,3,3,6,2,2,6,2,6,1,8,5,2,2,3,3,7,10,5,2,0,9,0,8,4,3,1,7,4,9,5,5,8,2,4,4,5,0,2,1,8,9,9,7,0,0,10,7,10,3,2,4,5,4,3,2,7,1,9,1,2,2,6,8,8,3,6,3,5,6,4,1,2,8,6,10,10
n164,4,2,0,6,0,10,5,0,4,7,6,9,3,4,0,3,6,2,2,6,2,6,1,8,5,0,2,3,3,7,10,5,2,0,9,5,8,4,3,1,7,0,9,5,5,8,2,4,4,5,1,2,1,0,9,9,7,7,0,10,7,10,3,2,4,5,4,9,2,7,1,9,1,2,2,6,8,8,3,6,3,5,6,4,1,2,8,6,10,10
n163,4,2,0,6,5,10,5,0,4,7,6,9,3,4,3,3,6,2,2,6,2,6,1,8,5,0,2,3,3,7,10,5,2,0,9,5,8,4,3,1,7,0,9,5,5,8,2,4,4,5,1,2,1,0,9,9,7,0,0,10,7,10,3,2,4,5,4,4,2,7,1,9,1,2,2,6,8,8,3,6,3,5,6,4,1,2,8,6,10,10
n172,4,2,0,0,9,8,2,9,4,7,0,9,6,3,1,3,6,2,2,6,2,7,0,8,5,9,2,0,0,7,10,5,1,9,9,9,8,4,3,1,3,2,9,5,5,8,2,10,4,5,4,0,0,0,9,9,7,0,9,8,0,10,3,2,4,5,4,4,0,7,1,9,1,2,0,6,8,8,3,6,3,5,6,4,1,2,8,6,10,10
n171,4,2,1,0,9,8,2,9,4,7,0,9,6,3,1,3,6,2,2,6,2,7,0,8,5,9,2,0,0,7,10,5,1,9,9,9,8,4,3,1,3,2,9,5,5,8,2,10,4,5,4,2,0,0,9,9,7,0,9,8,0,10,3,2,4,5,4,4,0,7,1,9,1,2,0,6,8,8,3,6,3,5,6,4,1,2,8,6,10,10
n174,4,2,6,0,9,8,2,9,4,7,0,9,6,3,1,3,6,2,2,6,2,7,0,8,5,9,2,0,0,7,10,5,1,9,9,9,8,4,3,1,3,2,9,5,5,8,2,10,4,5,4,0,3,6,9,9,7,0,0,8,9,10,3,2,4,5,4,4,0,7,1,9,1,2,0,6,8,8,3,6,3,5,6,4,1,2,8,6,10,10
n173,4,2,0,0,9,8,2,9,4,7,0,9,6,3,1,3,6,2,2,6,2,7,7,8,5,9,2,7,8,7,10,5,1,9,9,9,8,4,3,1,3,2,9,5,5,8,2,10,4,5,4,0,3,6,9,9,7,4,0,8,9,10,3,2,4,5,4,4,0,7,1,9,1,2,0,6,8,8,3,6,3,5,6,4,1,2,8,6,10,10
n178,4,2,8,0,9,8,2,9,4,7,0,9,6,3,1,3,6,2,2,6,2,7,0,8,5,10,2,3,5,7,10,4,1,9,9,2,8,4,3,1,0,2,9,5,5,8,2,10,4,5,4,0,0,9,9,9,7,0,6,8,3,10,3,2,4,5,4,6,8,7,1,9,1,2,5,6,8,8,3,6,3,5,6,4,1,2,8,6,10,10
n177,4,2,8,0,9,8,2,9,4,7,0,9,6,3,1,3,6,2,2,6,2,7,0,8,5,10,2,0,0,7,10,4,1,9,9,2,8,4,3,1,0,2,9,5,5,8,2,10,4,5,4,0,0,0,9,9,7,0,6,8,0,10,3,2,4,5,4,6,8,7,1,9,1,2,5,6,8,8,3,6,3,5,6,4,1,2,8,6,10,10
n180,4,2,8,0,9,8,2,9,4,7,0,9,6,3,1,3,6,2,2,6,2,7,0,8,5,10,2,0,0,7,10,4,1,9,9,2,8,4,3,1,0,2,9,5,5,8,2,10,4,5,4,0,4,10,9,9,7,0,7,8,0,10,3,2,4,5,4,6,8,7,1,9,1,2,6,6,8,8,3,6,3,5,6,4,1,2,8,6,10,10
n179,4,2,8,0,9,8,2,9,4,7,0,9,6,3,1,3,6,2,2,6,2,7,0,8,5,10,2,0,1,7,10,4,1,9,9,2,8,4,3,1,0,2,9,5,5,8,2,10,4,5,4,0,0,10,9,9,7,0,7,8,0,10,3,2,4,5,4,6,8,7,1,9,1,2,0,6,8,8,3,6,3,5,6,4,1,2,8,6,10,10
n186,4,2,10,4,5,8,2,9,4,7,10,9,6,8,1,3,6,2,2,6,2,7,1,8,5,7,2,4,0,7,10,3,7,9,9,5,8,4,3,1,0,2,9,5,5,8,2,10,4,5,4,3,0,0,9,9,7,9,0,8,0,10,3,2,4,5,4,1,0,7,1,9,1,2,2,6,8,8,3,6,3,5,6,4,1,2,8,6,10,10
n185,4,2,10,4,5,8,2,9,4,7,10,9,6,8,1,3,6,2,2,6,2,7,0,8,5,7,2,0,0,7,10,3,0,9,9,5,8,4,3,1,1,2,9,5,5,8,2,10,4,5,4,3,0,0,9,9,7,0,0,8,0,10,3,2,4,5,4,1,0,7,1,9,1,2,2,6,8,8,3,6,3,5,6,4,1,2,8,6,10,10
n188,4,2,10,0,5,8,2,9,4,7,10,9,6,8,1,3,6,2,2,6,2,7,0,8,5,0,2,0,9,7,10,3,6,9,9,5,8,4,3,1,0,2,9,5,5,8,2,10,4,5,4,3,7,0,9,9,7,0,0,8,0,10,3,2,4,5,4,1,0,7,1,9,1,2,2,6,8,8,3,6,3,5,6,4,1,2,8,6,10,10
n187,4,2,10,0,5,8,2,9,4,7,10,9,6,8,1,3,6,2,2,6,2,7,0,8,5,0,2,7,9,7,10,3,0,9,9,5,8,4,3,1,0,2,9,5,5,8,2,10,4,5,4,3,7,0,9,9,7,0,0,8,10,10,3,2,4,5,4,1,0,7,1,9,1,2,2,6,8,8,3,6,3,5,6,4,1,2,8,6,10,10
n192,4,2,10,0,0,8,2,9,4,7,9,9,6,0,1,3,6,2,2,6,2,0,0,8,5,0,2,6,0,7,10,3,8,9,9,5,8,4,3,1,6,2,9,5,5,8,2,10,4,5,4,3,0,0,9,9,7,0,0,8,0,10,3,2,4,5,4,7,10,7,1,9,1,2,0,6,8,8,3,6,3,5,6,4,1,2,8,6,10,10
n191,4,2,10,0,5,8,2,9,4,7,1,9,6,8,1,3,6,2,2,6,2,0,0,8,5,0,2,6,0,7,10,3,8,9,9,5,8,4,3,1,5,2,9,5,5,8,2,10,4,5,4,3,6,0,9,9,7,0,0,8,7,10,3,2,4,5,4,0,10,7,1,9,1,2,0,6,8,8,3,6,3,5,6,4,1,2,8,6,10,10
n194,4,2,10,0,0,8,2,9,4,7,0,9,6,0,1,3,6,2,2,6,2,0,4,8,5,5,2,6,0,7,10,3,8,9,9,5,8,4,3,1,0,2,9,5,5,8,2,10,4,5,4,3,0,0,9,9,7,0,0,8,0,10,3,2,4,5,4,0,1,7,1,9,1,2,0,6,8,8,3,6,3,5,6,4,1,2,8,6,10,10
n193,4,2,10,0,6,8,2,9,4,7,0,9,6,9,1,3,6,2,2,6,2,0,4,8,5,5,2,6,0,7,10,3,8,9,9,5,8,4,3,1,0,2,9,5,5,8,2,10,4,5,4,3,0,0,9,9,7,0,5,8,7,10,3,2,4,5,4,0,0,7,1,9,1,2,10,6,8,8,3,6,3,5,6,4,1,2,8,6,10,10
n204,4,2,10,10,4,0,5,10,4,3,6,10,2,0,8,3,6,8,2,6,2,0,7,8,5,0,2,2,1,7,10,8,10,0,9,2,8,4,3,1,2,5,9,5,5,8,1,7,0,5,10,5,2,3,9,9,7,0,10,0,0,3,3,2,4,5,4,0,0,2,1,9,10,2,0,6,8,8,3,6,3,5,6,4,1,4,8,6,10,10
n203,4,2,10,10,4,6,5,10,4,3,6,10,2,0,8,3,6,8,2,6,2,0,7,8,5,0,2,0,1,7,10,8,10,0,9,2,8,4,3,1,2,5,9,5,5,8,1,7,0,5,10,5,2,3,9,9,7,7,10,0,0,3,3,2,4,5,4,0,0,2,1,9,10,2,0,6,8,8,3,6,3,5,6,4,1,4,8,6,10,10
n206,4,2,10,10,4,0,0,7,4,3,6,10,2,0,8,3,6,0,2,6,2,10,0,8,5,0,2,0,1,7,10,8,10,0,9,2,8,4,3,1,2,0,9,5,5,8,1,7,3,5,10,5,2,3,9,9,7,0,10,9,8,3,3,2,4,5,4,10,0,2,1,9,0,2,0,6,8,8,3,6,3,5,6,4,1,4,8,6,10,10
n205,4,2,10,10,4,8,0,7,4,3,6,10,2,0,8,3,6,7,2,6,2,10,6,8,5,0,2,0,1,7,10,8,10,0,9,2,8,4,3,1,2,0,9,5,5,8,1,7,3,5,10,5,2,3,9,9,7,0,10,9,8,3,3,2,4,5,4,1,0,2,1,9,0,2,0,6,8,8,3,6,3,5,6,4,1,4,8,6,10,10
n210,4,2,0,10,4,5,10,0,4,0,6,10,2,0,8,3,6,10,2,6,2,5,5,8,5,10,2,0,1,7,10,8,10,0,9,2,8,4,3,1,2,6,9,5,5,8,1,7,0,5,10,5,2,3,9,9,7,4,0,6,0,3,3,2,4,5,4,10,0,9,1,9,0,2,1,6,8,8,3,6,3,5,6,4,1,4,8,6,10,10
n209,4,2,0,10,4,5,2,0,4,0,6,10,2,0,8,3,6,0,2,6,2,5,5,8,5,5,2,0,1,7,10,8,10,0,9,2,8,4,3,1,2,6,9,5,5,8,1,7,8,5,10,5,2,3,9,9,7,4,0,6,2,3,3,2,4,5,4,10,1,9,1,9,0,2,1,6,8,8,3,6,3,5,6,4,1,4,8,6,10,10
n212,4,2,1,10,4,3,0,0,4,3,6,10,2,0,8,3,6,0,2,6,2,5,0,8,5,0,2,0,1,7,10,8,10,0,9,2,8,4,3,1,2,6,9,5,5,8,1,7,0,5,10,5,2,3,9,9,7,4,0,0,0,3,3,2,4,5,4,1,0,7,1,9,0,2,0,6,8,8,3,6,3,5,6,4,1,4,8,6,10,10
n211,4,2,1,10,4,3,0,0,4,3,6,10,2,0,8,3,6,0,2,6,2,5,1,8,5,0,2,0,1,7,10,8,10,0,9,2,8,4,3,1,2,6,9,5,5,8,1,7,0,5,10,5,2,3,9,9,7,4,7,0,0,3,3,2,4,5,4,1,0,7,1,9,0,2,0,6,8,8,3,6,3,5,6,4,1,4,8,6,10,10
n218,4,2,0,10,4,0,0,0,4,0,6,10,7,2,8,3,6,8,2,6,2,10,3,8,5,3,2,8,1,7,10,8,10,10,9,2,8,4,3,1,2,0,9,5,5,8,1,7,0,5,10,5,2,3,9,9,7,5,0,3,7,3,3,2,4,5,4,0,0,1,1,9,0,2,5,6,8,8,3,6,3,5,6,4,1,4,8,6,10,10
n217,4,2,0,10,4,0,0,0,4,0,6,10,0,0,8,3,6,8,2,6,2,10,3,8,5,3,2,8,1,7,10,8,10,0,9,2,8,4,3,1,2,0,9,5,5,8,1,7,0,5,10,5,2,3,9,9,7,5,3,0,7,3,3,2,4,5,4,0,0,0,1,9,5,2,5,6,8,8,3,6,3,5,6,4,1,4,8,6,10,10
n220,4,2,0,10,4,9,0,2,4,2,6,10,0,0,8,3,6,0,2,6,2,10,3,8,5,3,2,8,1,7,10,8,10,0,9,2,8,4,3,1,2,0,9,5,5,8,1,7,4,5,10,5,2,3,9,9,7,0,0,0,7,3,3,2,4,5,4,0,0,7,1,9,0,2,5,6,8,8,3,6,3,5,6,4,1,4,8,6,10,10
n219,4,2,0,10,4,9,0,0,4,0,6,10,0,0,8,3,6,4,2,6,2,10,3,8,5,3,2,8,1,7,10,8,10,0,9,2,8,4,3,1,2,0,9,5,5,8,1,7,4,5,10,5,2,3,9,9,7,0,0,0,7,3,3,2,4,5,4,0,9,7,1,9,0,2,5,6,8,8,3,6,3,5,6,4,1,4,8,6,10,10
n224,4,2,0,10,4,0,10,0,4,0,6,10,0,0,8,3,6,0,2,6,2,0,0,8,5,3,2,8,1,7,10,8,10,6,9,2,8,4,3,1,2,0,9,5,5,8,1,7,4,5,10,5,2,3,9,9,7,0,0,0,5,3,3,2,4,5,4,9,9,7,1,9,0,2,5,6,8,8,3,6,3,5,6,4,1,4,8,6,10,10
n223,4,2,0,10,4,5,3,0,4,0,6,10,0,8,8,3,6,0,2,6,2,0,0,8,5,3,2,8,1,7,10,8,10,6,9,2,8,4,3,1,2,0,9,5,5,8,1,7,4,5,10,5,2,3,9,9,7,0,0,0,5,3,3,2,4,5,4,9,9,7,1,9,0,2,5,6,8,8,3,6,3,5,6,4,1,4,8,6,10,10
n226,4,2,0,10,4,0,0,1,4,0,6,10,0,9,8,3,6,0,2,6,2,0,10,8,5,3,2,8,1,7,10,8,10,6,9,2,8,4,3,1,2,0,9,5,5,8,1,7,9,5,10,5,2,3,9,9,7,0,0,0,5,3,3,2,4,5,4,9,0,7,1,9,2,2,5,6,8,8,3,6,3,5,6,4,1,4,8,6,10,10
n225,4,2,9,10,4,5,0,1,4,5,6,10,0,0,8,3,6,0,2,6,2,0,0,8,5,3,2,8,1,7,10,8,10,6,9,2,8,4,3,1,2,0,9,5,5,8,1,7,9,5,10,5,2,3,9,9,7,0,0,0,5,3,3,2,4,5,4,9,6,7,1,9,0,2,5,6,8,8,3,6,3,5,6,4,1,4,8,6,10,10
n234,4,2,0,10,4,0,1,6,4,4,0,10,0,0,2,3,6,10,2,6,2,0,8,8,5,0,2,1,0,7,10,8,10,2,9,2,8,4,3,1,2,2,9,5,5,8,2,7,1,5,10,5,2,10,9,9,7,4,5,6,8,3,3,2,4,5,4,0,4,0,1,9,0,2,10,6,8,8,3,6,3,5,6,4,1,4,8,6,10,10
n233,4,2,1,10,4,0,1,0,4,4,0,10,0,0,2,3,6,10,2,6,2,0,8,8,5,0,2,0,0,7,10,8,10,2,9,2,8,4,3,1,2,2,9,5,5,8,0,7,1,5,10,5,2,10,9,9,7,4,5,6,8,3,3,2,4,5,4,0,4,0,1,9,0,2,10,6,8,8,3,6,3,5,6,4,1,4,8,6,10,10
n236,4,2,0,10,4,2,1,0,4,4,9,10,10,3,0,3,6,10,2,6,2,0,8,8,5,2,2,0,0,7,10,8,10,2,9,2,8,4,3,1,2,2,9,5,5,8,0,7,1,5,10,5,2,10,9,9,7,4,5,0,8,3,3,2,4,5,4,1,4,0,1,9,0,2,10,6,8,8,3,6,3,5,6,4,1,4,8,6,10,10
n235,4,2,0,10,4,2,1,0,4,4,5,10,10,0,0,3,6,10,2,6,2,0,8,8,5,0,2,0,0,7,10,8,10,2,9,2,8,4,3,1,2,2,9,5,5,8,0,7,1,5,10,5,2,10,9,9,7,4,5,0,8,3,3,2,4,5,4,1,4,0,1,9,0,2,10,6,8,8,3,6,3,5,6,4,1,4,8,6,10,10
n240,4,2,0,10,4,0,1,0,4,4,2,10,0,0,9,3,6,10,2,6,2,4,8,8,5,1,2,0,0,7,10,8,10,2,9,2,8,4,3,1,2,2,9,5,5,8,0,7,1,5,10,5,2,10,9,9,7,4,5,3,8,3,3,2,4,5,4,0,6,0,1,9,6,2,10,6,8,8,3,6,3,5,6,4,1,4,8,6,10,10
n239,4,2,0,10,4,0,1,0,4,4,2,10,4,0,0,3,6,10,2,6,2,4,8,8,5,1,2,0,0,7,10,8,10,2,9,2,8,4,3,1,2,2,9,5,5,8,0,7,1,5,10,5,2,10,9,9,7,4,5,3,8,3,3,2,4,5,4,0,6,0,1,9,6,2,10,6,8,8,3,6,3,5,6,4,1,4,8,6,10,10
n242,4,2,7,10,4,0,1,5,4,4,2,10,9,0,0,3,6,10,2,6,2,3,8,8,5,1,2,0,0,7,10,8,10,2,9,2,8,4,3,1,2,2,9,5,5,8,0,7,1,5,10,5,2,10,9,9,7,4,5,3,8,3,3,2,4,5,4,0,6,0,1,9,6,2,10,6,8,8,3,6,3,5,6,4,1,4,8,6,10,10
n241,4,2,0,10,4,5,1,5,4,4,2,10,9,0,0,3,6,10,2,6,2,0,8,8,5,1,2,0,5,7,10,8,10,2,9,2,8,4,3,1,2,2,9,5,5,8,0,7,1,5,10,5,2,10,9,9,7,4,5,3,8,3,3,2,4,5,4,0,6,0,1,9,6,2,10,6,8,8,3,6,3,5,6,4,1,4,8,6,10,10
n248,4,2,8,10,4,0,0,0,4,6,4,10,1,5,1,3,6,4,2,6,2,0,10,8,5,0,2,0,9,7,10,8,10,2,9,2,8,4,3,1,2,6,9,5,5,8,5,7,1,5,10,5,2,10,9,9,7,0,5,1,8,3,3,2,4,5,4,0,0,5,1,9,0,2,10,6,8,8,3,6,3,5,6,4,1,4,8,6,10,10
n247,4,2,8,10,4,0,0,0,4,6,4,10,1,0,1,3,6,4,2,6,2,0,10,8,5,0,2,0,9,7,10,8,10,2,9,2,8,4,3,1,2,6,9,5,5,8,5,7,1,5,10,5,2,10,9,9,7,0,5,1,8,3,3,2,4,5,4,0,0,5,1,9,0,2,10,6,8,8,3,6,3,5,6,4,1,4,8,6,10,10
n250,4,2,0,10,4,0,0,3,4,6,0,10,1,0,0,3,6,4,2,6,2,0,10,8,5,0,2,1,9,7,10,8,10,2,9,2,8,4,3,1,2,6,9,5,5,8,5,7,1,5,10,5,2,10,9,9,7,0,5,1,8,3,3,2,4,5,4,0,0,5,1,9,5,2,10,6,8,8,3,6,3,5,6,4,1,4,8,6,10,10
n249,4,2,0,10,4,0,0,3,4,6,0,10,1,0,0,3,6,4,2,6,2,0,10,8,5,0,2,0,9,7,10,8,10,2,9,2,8,4,3,1,2,6,9,5,5,8,5,7,1,5,10,5,2,10,9,9,7,0,5,1,8,3,3,2,4,5,4,0,0,5,1,9,0,2,10,6,8,8,3,6,3,5,6,4,1,4,8,6,10,10
n254,4,2,3,10,4,0,1,9,4,6,3,10,1,10,1,3,6,0,2,6,2,2,8,8,5,9,2,9,9,7,10,8,10,2,9,2,8,4,3,1,2,3,9,5,5,8,0,7,1,5,10,5,2,10,9,9,7,0,5,1,8,3,3,2,4,5,4,5,8,0,1,9,4,2,10,6,8,8,3,6,3,5,6,4,1,4,8,6,10,10
n253,4,2,3,10,4,10,1,0,4,6,3,10,1,10,1,3,6,1,2,6,2,2,8,8,5,9,2,9,9,7,10,8,10,2,9,2,8,4,3,1,2,3,9,5,5,8,0,7,1,5,10,5,2,10,9,9,7,0,5,1,8,3,3,2,4,5,4,5,0,0,1,9,4,2,10,6,8,8,3,6,3,5,6,4,1,4,8,6,10,10
n256,4,2,0,10,4,0,0,0,4,6,3,10,1,10,1,3,6,0,2,6,2,0,0,8,5,0,2,9,9,7,10,8,10,2,9,2,8,4,3,1,2,3,9,5,5,8,1,7,1,5,10,5,2,10,9,9,7,0,5,1,8,3,3,2,4,5,4,5,3,8,1,9,4,2,10,6,8,8,3,6,3,5,6,4,1,4,8,6,10,10
n255,4,2,0,10,4,0,0,0,4,6,3,10,1,10,1,3,6,0,2,6,2,0,0,8,5,0,2,9,9,7,10,8,10,2,9,2,8,4,3,1,2,3,9,5,5,8,1,7,1,5,10,5,2,10,9,9,7,0,5,1,8,3,3,2,4,5,4,5,3,0,1,9,4,2,10,6,8,8,3,6,3,5,6,4,1,4,8,6,10,10
n270,8,2,10,2,9,0,1,0,7,0,0,7,1,1,10,3,6,9,2,0,5,9,10,8,4,5,0,7,1,7,10,7,2,8,5,1,8,4,3,1,1,10,10,0,0,8,7,3,8,5,5,10,6,5,6,0,5,10,5,9,0,4,0,2,4,3,4,8,0,10,0,0,0,2,9,6,5,8,0,4,0,9,2,4,1,6,5,10,2,10
n269,8,2,10,2,9,8,1,0,7,0,0,7,1,1,10,3,6,9,2,5,5,9,10,8,4,5,0,7,1,7,10,7,2,8,0,1,8,4,3,1,1,10,10,0,0,8,0,3,0,5,5,10,6,5,6,8,5,10,5,9,0,4,6,2,4,3,4,8,0,10,0,0,6,2,9,6,5,8,2,4,0,9,2,4,1,6,0,10,2,10
n272,8,2,10,2,9,0,1,0,7,0,0,7,1,1,10,3,6,9,2,0,5,9,10,8,4,5,0,7,1,7,10,7,2,0,0,1,8,4,3,1,1,6,10,0,0,8,0,3,0,5,5,10,6,8,6,0,5,10,0,9,8,4,0,2,4,3,4,8,0,10,0,0,1,2,9,6,5,8,6,4,0,9,2,4,1,7,8,10,2,10
n271,8,2,10,2,9,0,1,0,7,7,0,7,1,1,10,3,6,9,2,0,5,9,10,8,4,5,0,7,1,7,10,7,2,8,0,1,8,4,3,1,1,6,10,0,9,8,0,3,0,5,5,10,6,8,6,0,5,10,0,9,8,4,0,2,4,3,4,8,0,10,0,0,0,2,9,6,5,8,6,4,2,9,2,4,1,2,8,10,2,10
n276,8,2,10,2,9,0,1,1,10,8,0,7,1,0,10,3,6,9,2,3,5,9,10,8,4,5,0,7,1,7,10,9,2,0,0,1,8,4,3,1,1,0,10,0,3,8,0,3,2,5,5,10,6,0,1,1,5,10,0,0,2,4,9,2,4,3,4,8,0,10,9,0,0,2,9,6,5,8,2,4,1,9,2,4,1,0,3,10,2,10
n275,8,2,10,0,9,0,1,1,10,8,3,7,1,0,10,3,6,9,2,3,5,9,10,8,4,5,0,7,1,7,10,9,2,0,8,1,8,4,3,1,1,0,10,0,0,8,0,3,2,5,5,10,6,9,1,1,5,10,8,0,2,4,9,2,4,3,4,8,0,10,9,3,6,2,9,6,5,8,2,4,1,9,2,4,1,8,3,10,2,10
n278,8,2,10,0,9,0,1,1,10,8,0,7,1,0,10,3,6,9,2,10,5,9,10,8,4,5,9,7,1,7,10,0,2,0,3,1,8,4,3,1,1,0,10,0,0,8,0,3,2,5,5,10,6,0,1,1,5,10,0,6,2,4,0,2,4,3,4,8,0,10,9,0,3,2,9,6,5,8,2,4,0,9,2,4,1,0,10,10,2,10
n277,8,2,10,4,9,8,1,0,10,8,0,7,1,9,10,3,6,9,2,10,5,9,10,8,4,5,0,7,1,7,10,0,2,0,0,1,8,4,3,1,1,0,10,0,0,8,0,3,2,5,5,10,6,0,1,1,5,10,6,0,2,4,0,2,4,3,4,8,0,10,9,0,0,2,9,6,5,8,2,4,4,9,2,4,1,0,10,10,2,10
n284,8,2,10,1,9,0,1,9,9,0,0,7,1,3,10,3,6,9,2,0,5,9,4,8,4,5,9,7,1,7,10,8,2,10,0,1,8,4,3,1,1,8,10,0,0,8,1,0,3,5,5,10,0,2,2,3,5,10,4,7,10,4,3,2,4,3,4,8,0,8,6,2,0,2,9,6,5,8,0,4,0,0,0,4,1,0,8,10,10,10
n283,8,2,10,1,9,0,1,9,9,9,0,7,1,3,10,3,6,9,2,0,5,9,4,8,4,5,9,7,1,7,10,8,2,0,0,1,8,4,3,1,1,8,10,0,0,8,0,0,3,5,5,10,0,2,2,3,5,10,4,7,10,4,0,2,4,3,4,8,0,8,6,2,0,2,9,6,5,8,0,4,0,0,0,4,1,5,8,10,10,10
n286,8,2,10,1,9,0,1,9,9,7,0,7,1,0,10,3,6,9,2,2,5,9,4,8,4,5,9,7,1,7,10,0,2,5,0,1,8,4,3,1,1,0,10,0,4,8,8,0,0,5,5,10,4,2,7,3,5,10,4,7,10,4,0,2,4,3,4,8,0,0,6,2,9,2,9,6,5,8,0,4,0,5,0,4,1,0,8,10,10,10
n285,8,2,10,1,9,0,1,9,9,7,0,7,1,0,10,3,6,9,2,2,5,9,4,8,4,5,9,7,1,7,10,0,2,5,0,1,8,4,3,1,1,0,10,0,4,8,8,7,0,5,5,10,3,2,7,3,5,10,4,7,10,4,7,2,4,3,4,8,0,4,6,2,9,2,9,6,5,8,4,4,0,5,4,4,1,0,8,10,10,10
n290,8,2,10,0,9,0,1,9,9,0,0,7,1,0,10,3,6,9,2,0,5,9,7,8,4,5,2,7,1,7,10,4,2,6,0,1,8,4,3,1,1,5,10,3,0,8,0,0,7,5,5,10,10,2,0,3,5,10,0,7,0,4,4,2,4,3,4,8,0,9,6,1,8,2,9,6,5,8,0,4,0,0,8,4,1,0,8,10,0,10
n289,8,2,10,0,9,0,1,9,9,0,0,7,1,0,10,3,6,9,2,6,5,9,7,8,4,5,2,7,1,7,10,4,2,6,5,1,8,4,3,1,1,5,10,3,0,8,0,0,7,5,5,10,10,2,2,3,5,10,0,7,0,4,0,2,4,3,4,8,0,9,6,0,8,2,9,6,5,8,0,4,0,2,8,4,1,0,8,10,0,10
n292,8,2,10,0,9,0,1,9,9,3,0,7,1,4,10,3,6,9,2,8,5,9,7,8,4,5,2,7,1,7,10,4,2,6,6,1,8,4,3,1,1,5,10,0,0,8,10,0,0,5,5,10,0,2,0,3,5,10,0,7,0,4,0,2,4,3,4,8,0,9,6,0,5,2,9,6,5,8,10,4,3,7,0,4,1,0,8,10,6,10
n291,8,2,10,0,9,4,1,9,9,3,0,7,1,0,10,3,6,9,2,0,5,9,7,8,4,5,2,7,1,7,10,4,2,6,0,1,8,4,3,1,1,5,10,0,8,8,10,0,0,5,5,10,0,2,7,3,5,10,0,7,0,4,0,2,4,3,4,8,0,9,6,0,0,2,9,6,5,8,10,4,3,7,0,4,1,0,8,10,4,10
n300,3,2,10,0,9,9,1,2,7,10,5,7,1,0,10,3,6,9,2,0,5,1,4,8,4,5,9,7,1,7,10,0,2,10,7,1,8,4,3,1,7,9,10,3,9,8,0,2,4,5,4,10,0,0,2,6,5,10,4,0,0,4,6,2,4,2,4,8,0,1,6,9,7,2,9,6,5,8,0,10,0,0,0,4,1,6,8,10,0,10
n299,3,2,10,0,9,9,1,2,7,10,5,7,1,0,10,3,6,9,2,0,5,1,4,8,4,5,9,7,1,7,10,0,2,10,7,1,8,4,3,1,7,9,10,3,9,8,0,2,4,5,4,10,0,0,0,6,5,10,4,4,0,4,6,2,4,2,4,8,0,1,6,9,7,2,9,6,5,8,0,10,0,0,0,4,1,6,0,10,0,10
n302,9,2,10,5,9,0,1,2,7,0,5,7,1,5,10,3,6,9,2,0,5,1,4,8,4,5,9,7,1,7,10,0,2,10,7,1,8,4,3,1,7,9,10,3,9,8,2,2,0,5,4,10,0,0,0,6,5,10,4,0,0,4,6,2,4,2,4,8,6,1,6,9,7,2,9,6,5,8,10,10,10,1,0,4,1,0,0,10,0,10
n301,0,2,10,5,9,0,1,2,7,2,5,7,1,0,10,3,6,9,2,0,5,1,4,8,4,5,9,7,1,7,10,0,2,10,7,1,8,4,3,1,7,9,10,3,9,8,0,2,7,5,4,10,0,0,0,6,5,10,4,0,0,4,6,2,4,2,4,8,6,1,6,9,7,2,9,6,5,8,10,10,10,0,0,4,1,0,0,10,0,10
n306,10,2,10,0,9,0,1,2,8,0,5,7,1,0,10,3,6,9,2,0,5,1,4,8,4,5,9,7,1,7,10,3,2,10,0,1,8,4,3,1,7,0,10,3,9,8,5,2,2,5,4,10,0,2,0,6,5,10,4,4,0,4,0,2,4,2,4,8,0,1,0,9,7,2,9,6,5,8,0,10,0,0,0,4,1,8,0,10,0,10
n305,10,2,10,0,9,0,1,2,8,0,5,7,1,0,10,3,6,9,2,10,5,1,4,8,4,5,9,7,1,7,10,0,2,10,1,1,8,4,3,1,7,0,10,3,9,8,5,2,0,5,4,10,5,0,0,6,5,10,4,4,0,4,0,2,4,2,4,8,0,1,0,9,7,2,9,6,5,8,0,10,0,0,0,4,1,4,0,10,0,10
n308,0,2,10,0,9,0,1,2,8,0,5,7,1,0,10,3,6,9,2,0,5,1,4,8,4,5,9,7,1,7,10,0,2,10,4,1,8,4,3,1,7,0,10,3,9,8,0,2,6,5,4,10,0,6,0,6,5,10,4,5,7,4,5,2,4,2,4,8,1,1,0,9,7,2,9,6,5,8,0,10,3,3,7,4,1,0,2,10,0,10
n307,0,2,10,0,9,0,1,2,8,0,5,7,1,0,10,3,6,9,2,0,5,1,4,8,4,5,9,7,1,7,10,0,2,10,4,1,8,4,3,1,7,0,10,3,9,8,0,2,6,5,4,10,0,0,0,6,5,10,4,0,7,4,0,2,4,2,4,8,0,1,0,9,7,2,9,6,5,8,0,10,3,3,7,4,1,0,2,10,3,10
n314,0,2,10,0,9,3,1,0,6,0,2,7,1,0,10,3,6,9,2,0,5,1,4,8,4,5,10,7,1,7,10,0,2,10,9,1,8,4,3,1,0,3,10,3,10,8,1,0,1,5,0,10,8,0,0,6,5,10,4,0,8,4,0,2,4,2,4,8,0,1,7,9,0,2,9,6,5,8,4,0,0,5,5,4,1,0,5,10,0,10
n313,0,2,10,0,9,3,1,0,0,8,2,7,1,0,10,3,6,9,2,8,5,1,4,8,4,5,10,7,1,7,10,0,2,10,9,1,8,4,3,1,0,3,10,3,10,8,8,0,1,5,0,10,8,0,0,6,5,10,4,0,8,4,0,2,4,2,4,8,0,1,7,9,0,2,9,6,5,8,4,0,6,5,5,4,1,0,5,10,0,10
n316,6,2,10,0,9,3,1,0,2,0,2,7,1,2,10,3,6,9,2,0,5,5,4,8,4,5,0,7,1,7,10,0,2,10,0,1,8,4,3,1,0,3,10,3,10,8,0,0,8,5,0,10,8,7,1,6,5,10,4,0,8,4,0,2,4,2,4,8,0,1,0,9,9,2,9,6,5,8,0,2,0,5,0,4,1,0,5,10,0,10
n315,0,2,10,8,9,3,1,0,10,0,2,7,1,2,10,3,6,9,2,0,5,5,4,8,4,5,0,7,1,7,10,0,2,10,0,1,8,4,3,1,10,3,10,3,10,8,6,0,8,5,0,10,8,7,0,6,5,10,4,0,8,4,0,2,4,2,4,8,0,1,0,9,0,2,9,6,5,8,0,2,0,5,0,4,1,0,5,10,0,10
n320,0,2,10,0,9,7,1,0,0,0,2,7,1,10,10,3,6,9,2,0,5,4,4,8,4,5,0,7,1,7,10,7,2,0,9,1,8,4,3,1,0,3,10,3,10,8,6,0,10,5,0,10,8,3,0,6,5,10,4,7,8,4,0,2,4,2,4,8,0,1,9,9,0,2,9,6,5,8,0,2,2,5,10,4,1,6,5,10,5,10
n319,0,2,10,0,9,5,1,0,0,0,2,7,1,10,10,3,6,9,2,0,5,4,4,8,4,5,1,7,1,7,10,7,2,0,9,1,8,4,3,1,0,3,10,3,10,8,6,0,10,5,0,10,8,3,0,6,5,10,4,7,8,4,5,2,4,2,4,8,0,1,9,9,0,2,9,6,5,8,0,2,2,5,10,4,1,6,5,10,5,10
n322,2,2,10,10,9,10,1,0,3,0,2,7,1,0,10,3,6,9,2,0,5,4,4,8,4,5,3,7,1,7,10,7,2,4,5,1,8,4,3,1,0,3,10,3,10,8,0,1,10,5,5,10,8,0,2,6,5,10,4,6,8,4,0,2,4,2,4,8,0,1,9,9,0,2,9,6,5,8,0,2,2,5,0,4,1,0,5,10,5,10
n321,0,2,10,0,9,0,1,0,3,3,2,7,1,4,10,3,6,9,2,0,5,4,4,8,4,5,0,7,1,7,10,7,2,0,5,1,8,4,3,1,0,3,10,3,10,8,0,0,10,5,0,10,8,0,0,6,5,10,4,0,8,4,0,2,4,2,4,8,0,1,9,9,0,2,9,6,5,8,0,2,2,5,0,4,1,0,5,10,5,10
n332,0,2,10,5,9,0,1,4,3,3,2,7,1,0,10,3,6,10,2,8,5,0,6,2,4,9,0,7,1,7,10,5,2,8,6,1,8,4,3,1,0,0,0,1,4,8,2,0,1,5,10,10,0,8,3,8,5,4,8,0,0,7,10,2,4,0,4,7,0,0,4,4,1,2,9,6,8,8,5,10,0,5,3,4,1,6,8,10,7,10
n331,6,2,10,5,9,0,1,4,3,3,2,7,1,0,10,3,6,10,2,8,5,0,6,2,4,9,0,7,0,7,10,5,2,8,6,1,8,4,3,1,0,0,0,1,4,8,2,9,1,5,10,10,5,8,3,0,5,4,8,0,10,7,10,2,4,0,4,7,8,0,4,4,1,2,9,6,8,8,0,10,0,5,3,4,1,6,8,10,7,10
n334,0,2,10,5,9,0,1,6,0,3,2,7,1,1,10,3,6,10,2,8,5,0,6,2,4,9,0,7,0,7,10,5,2,8,6,1,8,4,3,1,0,10,0,1,4,8,2,7,1,5,0,10,0,8,3,0,5,0,8,0,0,7,10,2,4,9,4,7,5,9,4,4,1,2,9,6,8,8,1,0,0,5,3,4,1,6,8,10,7,10
n333,0,2,10,5,9,0,1,6,0,3,2,7,1,0,10,3,6,10,2,8,5,0,6,2,4,9,0,7,0,7,10,5,2,8,6,1,8,4,3,1,0,10,0,1,4,8,2,0,1,5,0,10,0,8,3,9,5,0,8,0,0,7,10,2,4,0,4,7,5,9,4,4,1,2,9,6,8,8,1,0,0,5,3,4,1,6,8,10,7,10
n338,3,2,10,5,9,0,1,5,0,3,0,7,1,2,10,3,6,10,2,8,5,6,0,2,4,9,4,7,4,7,10,5,2,8,6,1,8,4,3,1,0,9,0,1,4,8,2,0,1,5,0,10,0,8,3,3,5,0,2,3,6,7,10,2,4,8,4,7,0,8,4,4,0,2,9,6,8,8,6,6,0,0,3,4,1,6,8,10,7,10
n337,3,2,10,5,9,10,1,5,0,3,0,7,1,2,10,3,6,10,2,8,5,2,2,2,4,9,4,7,4,7,10,5,2,8,6,1,8,4,3,1,0,9,0,1,4,8,2,0,1,5,0,10,0,8,3,0,5,0,2,3,0,7,10,2,4,8,4,7,0,0,4,4,0,2,9,6,8,8,6,0,10,0,3,4,1,6,8,10,7,10
n340,3,2,10,5,9,10,1,5,0,3,0,7,1,0,10,3,6,10,2,8,5,0,5,2,4,9,4,7,5,7,10,5,2,8,6,1,8,4,3,1,9,9,7,1,4,8,2,0,1,5,4,10,0,8,3,0,5,0,3,0,0,7,10,2,4,8,4,7,0,0,4,4,0,2,9,6,8,8,0,0,6,2,3,4,1,6,8,10,7,10
n339,3,2,10,5,9,0,1,5,0,3,0,7,1,5,10,3,6,10,2,8,5,0,7,2,4,9,4,7,5,7,10,5,2,8,6,1,8,4,3,1,9,9,7,1,4,8,2,0,1,5,0,10,0,8,3,0,5,8,3,0,0,7,10,2,4,8,4,7,0,0,4,4,0,2,9,6,8,8,10,0,6,2,3,4,1,6,8,10,7,10
n346,3,2,10,2,9,9,1,0,8,3,4,7,1,0,10,3,6,10,2,2,5,0,0,2,4,9,7,7,1,7,10,5,2,8,6,1,8,4,3,1,6,0,0,1,4,8,1,0,1,5,3,10,0,8,3,0,5,7,3,6,10,1,10,2,4,0,4,7,0,0,4,4,2,2,9,6,7,8,8,0,6,10,3,4,1,6,6,10,7,10
n345,3,2,10,2,9,9,1,0,8,3,4,7,1,0,10,3,6,10,2,2,5,0,0,2,4,9,7,7,1,7,10,5,2,8,6,1,8,4,3,1,6,0,0,1,4,8,1,5,1,5,3,10,0,8,3,0,5,7,3,6,10,0,10,2,4,10,4,7,0,0,4,4,2,2,9,6,7,8,8,0,6,0,3,4,1,6,0,10,7,10
n348,3,2,10,2,9,9,1,2,1,3,4,7,1,6,10,3,6,10,2,2,5,0,0,2,4,9,7,7,1,7,10,5,2,8,6,1,8,4,3,1,6,7,0,1,4,8,1,0,1,5,3,10,0,8,3,0,5,2,3,6,0,4,10,2,4,0,4,7,0,0,4,4,0,2,9,6,7,8,8,0,0,0,3,4,1,6,0,10,7,10
n347,3,2,10,2,9,9,1,2,0,3,4,7,1,0,10,3,6,10,2,2,5,0,0,2,4,9,7,7,1,7,10,5,2,8,6,1,8,4,3,1,0,0,2,1,4,8,1,0,1,5,3,10,5,8,3,0,5,0,3,6,0,9,10,2,4,0,4,7,0,0,4,4,0,2,9,6,7,8,8,0,0,0,3,4,1,6,7,10,7,10
n352,3,2,10,0,9,9,1,0,0,3,4,7,1,0,10,3,6,10,2,0,5,10,2,2,4,9,0,7,1,7,10,5,2,8,6,1,8,4,3,1,8,0,6,1,4,8,1,9,1,5,3,10,10,8,3,0,5,5,3,3,2,8,10,2,4,0,4,7,1,10,4,4,4,2,9,6,7,8,8,7,8,2,3,4,1,6,0,10,7,10
n351,3,2,10,0,9,9,1,5,0,3,4,7,1,0,10,3,6,10,2,1,5,10,2,2,4,9,9,7,1,7,10,5,2,8,6,1,8,4,3,1,8,1,6,1,4,8,1,9,1,5,3,10,0,8,3,2,5,0,3,0,2,8,10,2,4,0,4,7,0,0,4,4,4,2,9,6,7,8,8,7,8,0,3,4,1,6,0,10,7,10
n354,3,2,10,0,9,9,1,6,0,3,4,7,1,0,10,3,6,10,2,0,5,0,0,2,4,9,0,7,1,7,10,5,2,8,6,1,8,4,3,1,0,0,9,1,4,8,1,0,1,5,3,10,0,8,3,1,5,0,3,0,0,8,10,2,4,6,4,7,0,0,4,4,0,2,9,6,7,8,8,0,8,7,3,4,1,6,1,10,7,10
n353,3,2,10,0,9,9,1,0,5,3,4,7,1,0,10,3,6,10,2,0,5,0,0,2,4,9,0,7,1,7,10,5,2,8,6,1,8,4,3,1,0,0,3,1,4,8,1,0,1,5,3,10,0,8,3,1,5,0,3,0,0,8,10,2,4,0,4,7,7,10,4,4,1,2,9,6,7,8,8,0,8,7,3,4,1,6,1,10,7,10
n362,0,2,10,0,9,0,1,0,0,0,0,7,1,1,10,3,6,10,2,10,5,2,5,2,4,8,8,7,7,7,10,5,2,2,6,1,8,4,3,1,2,0,0,1,8,8,4,6,1,5,0,10,7,6,3,0,5,1,0,2,9,5,9,2,4,3,4,7,1,2,1,4,5,2,9,6,1,8,2,8,3,2,8,4,1,8,9,10,7,10
n361,0,2,10,0,9,0,1,0,0,4,6,7,1,1,10,3,6,10,2,10,5,2,5,2,4,0,8,7,7,7,10,5,2,2,6,1,8,4,3,1,2,0,0,1,8,8,0,6,1,5,0,10,7,6,3,0,5,1,4,2,0,5,9,2,4,3,4,7,1,2,1,4,5,2,9,6,1,8,2,8,3,2,8,4,1,8,9,10,7,10
n364,0,2,10,0,9,8,1,7,0,0,0,7,1,0,10,3,6,10,2,0,5,2,5,2,4,0,8,7,7,7,10,5,2,2,6,1,8,4,3,1,7,0,3,1,8,8,0,2,1,5,3,10,7,6,3,4,5,0,0,10,5,5,9,2,4,3,4,7,1,2,1,4,5,2,9,6,1,8,2,8,3,0,8,4,1,8,9,10,7,10
n363,0,2,10,0,9,8,1,7,0,0,4,7,1,0,10,3,6,10,2,0,5,2,5,2,4,0,8,7,7,7,10,5,2,2,6,1,8,4,3,1,7,0,3,1,8,8,0,2,1,5,0,10,7,6,3,0,5,6,0,10,5,5,9,2,4,3,4,7,1,2,1,4,5,2,9,6,1,8,2,8,3,0,8,4,1,8,9,10,7,10
n368,0,2,10,0,9,0,1,0,0,1,2,7,1,0,10,3,6,10,2,9,5,2,5,2,4,0,0,7,7,7,10,5,2,2,6,1,8,4,3,1,2,7,8,1,4,8,0,0,1,5,0,10,7,6,3,8,5,0,8,0,7,0,0,2,4,0,4,7,0,2,1,4,5,2,9,6,1,8,2,8,3,5,6,4,1,8,9,10,7,10
n367,0,2,10,0,9,7,1,0,4,0,0,7,1,0,10,3,6,10,2,9,5,2,5,2,4,0,1,7,7,7,10,5,2,2,6,1,8,4,3,1,2,0,8,1,4,8,2,0,1,5,0,10,7,6,3,8,5,0,8,0,7,0,0,2,4,0,4,7,0,2,1,4,5,2,9,6,1,8,2,8,3,5,6,4,1,8,9,10,7,10
n370,9,2,10,0,9,2,1,0,1,0,3,7,1,0,10,3,6,10,2,10,5,2,5,2,4,0,0,7,7,7,10,5,2,2,6,1,8,4,3,1,2,0,5,1,4,8,0,0,1,5,8,10,7,6,3,8,5,0,8,0,0,0,0,2,4,0,4,7,6,2,1,4,5,2,9,6,1,8,2,8,3,6,0,4,1,8,9,10,7,10
n369,9,2,10,0,9,2,1,0,0,0,0,7,1,0,10,3,6,10,2,0,5,2,5,2,4,1,0,7,7,7,10,5,2,2,6,1,8,4,3,1,2,0,0,1,4,8,5,0,1,5,8,10,7,6,3,8,5,0,8,0,0,0,8,2,4,0,4,7,6,2,1,4,5,2,9,6,1,8,2,8,3,9,0,4,1,8,9,10,7,10
n376,0,2,10,8,9,0,1,9,6,0,2,7,1,10,10,3,6,10,2,9,5,2,3,2,4,6,9,7,0,7,10,5,2,2,6,1,8,4,3,1,5,0,5,1,8,8,7,9,1,5,0,10,7,6,3,2,5,8,0,2,5,5,0,2,4,0,4,7,7,2,1,4,0,2,9,6,1,8,10,4,3,2,0,4,1,1,0,10,7,10
n375,0,2,10,8,9,6,1,9,6,0,2,7,1,10,10,3,6,10,2,9,5,2,3,2,4,6,9,7,0,7,10,5,2,2,6,1,8,4,3,1,5,0,5,1,8,8,7,9,1,5,0,10,7,6,3,2,5,8,0,2,5,5,0,2,4,0,4,7,7,2,1,4,0,2,9,6,1,8,10,4,3,2,0,4,1,1,0,10,7,10
n378,10,2,10,8,9,8,1,9,6,5,0,7,1,0,10,3,6,10,2,9,5,2,10,2,4,6,0,7,0,7,10,5,2,2,6,1,8,4,3,1,0,0,0,1,8,8,7,9,1,5,8,10,7,6,3,2,5,9,0,2,5,5,0,2,4,0,4,7,0,2,1,4,0,2,9,6,1,8,3,4,3,0,0,4,1,2,0,10,7,10
n377,0,2,10,8,9,8,1,9,6,5,3,7,1,0,10,3,6,10,2,9,5,2,10,2,4,6,0,7,0,7,10,5,2,2,6,1,8,4,3,1,0,0,4,1,8,8,7,9,1,5,0,10,7,6,3,2,5,9,0,2,5,5,0,2,4,1,4,7,0,2,1,4,0,2,9,6,1,8,3,4,3,0,0,4,1,2,0,10,7,10
n382,0,2,10,8,9,0,1,9,6,9,8,7,1,0,10,3,6,10,2,6,5,2,0,2,4,6,1,7,0,7,10,5,2,2,6,1,8,4,3,1,0,0,0,1,4,8,7,9,1,5,0,10,7,6,3,0,5,0,10,0,5,5,0,2,4,3,4,7,4,2,1,4,0,2,9,6,1,8,0,0,3,6,0,4,1,0,0,10,7,10
n381,0,2,10,8,9,0,1,9,6,9,8,7,1,1,10,3,6,10,2,6,5,2,0,2,4,6,1,7,0,7,10,5,2,2,6,1,8,4,3,1,8,0,0,1,4,8,7,9,1,5,0,10,7,6,3,0,5,0,10,0,5,5,0,2,4,3,4,7,4,2,1,4,0,2,9,6,1,8,0,0,3,0,0,4,1,0,0,10,7,10
n384,2,2,10,8,9,0,1,9,6,5,0,7,1,0,10,3,6,10,2,6,5,2,0,2,4,6,1,7,0,7,10,5,2,2,6,1,8,4,3,1,6,0,6,1,4,8,7,9,1,5,0,10,7,6,3,0,5,0,6,0,5,5,0,2,4,3,4,7,0,2,1,4,0,2,9,6,1,8,0,0,3,0,0,4,1,7,0,10,7,10
n383,0,2,10,8,9,0,1,9,6,0,0,7,1,0,10,3,6,10,2,6,5,2,6,2,4,6,1,7,0,7,10,5,2,2,6,1,8,4,3,1,0,8,6,1,4,8,7,9,1,5,0,10,7,6,3,0,5,0,6,2,5,5,0,2,4,3,4,7,0,2,1,4,5,2,9,6,1,8,0,0,3,0,9,4,1,0,0,10,7,10
n396,10,2,10,9,0,0,1,8,3,2,7,7,7,0,10,3,6,0,2,9,5,9,0,7,4,4,7,7,8,7,10,1,2,0,10,1,8,4,3,1,2,0,5,3,3,8,0,4,2,5,2,10,1,10,3,4,5,1,9,7,0,2,4,2,4,5,4,2,6,1,0,5,5,2,1,6,0,8,7,3,2,2,0,4,1,8,1,5,0,10
n395,10,2,10,9,0,0,1,8,3,1,7,7,7,0,10,3,6,0,2,9,5,9,0,7,4,4,7,7,8,7,10,1,2,4,10,1,8,4,3,1,2,6,5,3,3,8,2,4,2,5,2,10,1,10,3,4,5,1,9,7,2,0,4,2,4,5,4,2,6,1,0,5,5,2,1,6,9,8,0,3,2,0,0,4,1,8,1,5,2,10
n398,10,2,10,9,5,0,1,8,3,0,7,7,7,0,10,3,6,7,2,9,5,0,0,5,4,4,7,7,8,7,10,1,2,0,10,1,8,4,3,1,2,0,5,3,3,8,1,4,2,5,0,10,1,10,3,4,5,1,9,7,0,0,4,2,4,5,4,2,6,1,0,5,5,2,1,6,0,8,0,3,2,0,1,4,1,8,1,5,0,10
n397,10,2,10,9,5,0,1,8,3,0,7,7,7,0,10,3,6,5,2,9,5,0,0,7,4,4,7,7,8,7,10,1,2,0,10,1,8,4,3,1,2,0,5,3,3,8,1,4,2,5,0,10,1,10,3,4,5,1,9,7,0,0,4,2,4,5,4,2,6,1,7,5,5,2,1,6,5,8,0,3,2,0,1,4,1,8,1,5,5,10
n402,4,2,10,9,0,0,1,8,10,3,7,7,7,0,10,3,6,5,2,9,5,0,0,0,4,4,7,7,8,7,10,1,2,7,10,1,8,4,3,1,2,0,5,0,3,8,0,4,2,5,0,10,1,0,3,4,5,1,9,7,0,0,4,2,4,5,4,2,6,0,2,5,5,2,1,6,0,8,0,3,2,6,0,4,1,8,1,5,0,10
n401,4,2,10,9,7,0,1,8,10,3,7,7,7,0,10,3,6,0,2,9,5,3,0,0,4,4,7,7,8,7,10,1,2,7,10,1,8,4,3,1,2,0,5,0,3,8,0,4,2,5,8,10,1,0,3,4,5,1,9,7,0,7,4,2,4,5,4,2,6,0,2,5,5,2,1,6,0,8,0,3,2,0,0,4,1,8,1,5,0,10
n404,10,2,10,9,0,0,1,8,10,9,7,7,7,0,10,3,6,0,2,9,5,0,0,8,4,4,7,7,8,7,10,1,2,7,10,1,8,4,3,1,2,6,5,0,3,8,3,4,2,5,0,10,1,0,3,0,5,1,9,7,0,3,4,2,4,5,4,2,6,0,0,5,5,2,1,6,0,8,0,3,2,0,0,4,1,8,1,5,0,10
n403,0,2,10,9,0,1,1,8,10,4,7,7,7,0,10,3,6,0,2,9,5,0,0,8,4,4,7,7,8,7,10,1,2,7,10,1,8,4,3,1,2,6,5,0,3,8,3,4,2,5,0,10,1,0,3,0,5,1,9,7,0,0,4,2,4,5,4,2,6,0,0,5,5,2,1,6,0,8,0,3,2,0,8,4,1,8,1,5,0,10
n410,2,2,10,9,4,0,1,8,4,2,7,7,7,3,10,3,6,8,2,8,5,7,7,8,4,0,7,7,8,7,10,1,2,5,0,1,8,4,3,1,2,0,5,0,3,8,0,4,2,5,6,10,1,0,3,1,5,1,9,7,0,7,4,2,4,0,4,2,6,0,7,5,5,2,1,6,8,8,0,3,2,0,8,4,1,8,1,9,3,10
n409,2,2,10,9,4,1,1,8,4,2,7,7,7,3,10,3,6,0,2,8,5,7,7,8,4,2,7,7,8,7,10,1,2,5,0,1,8,4,3,1,2,0,5,0,3,8,5,4,2,5,0,10,1,0,3,1,5,1,9,7,8,7,4,2,4,0,4,2,6,1,7,5,5,2,1,6,8,8,0,3,2,0,8,4,1,8,1,9,3,10
n412,2,2,10,9,4,6,1,8,4,0,7,7,7,0,10,3,6,0,2,8,5,7,7,8,4,0,7,7,8,7,10,1,2,0,0,1,8,4,3,1,2,0,5,0,3,8,0,4,2,5,0,10,1,2,3,1,5,1,9,7,0,7,4,2,4,0,4,2,6,5,7,5,5,2,1,6,8,8,0,3,2,2,8,4,1,8,1,3,3,10
n411,2,2,10,9,4,6,1,8,4,0,7,7,7,0,10,3,6,0,2,8,5,7,7,8,4,0,7,7,8,7,10,1,2,3,0,1,8,4,3,1,2,7,5,0,3,8,0,4,2,5,9,10,1,5,3,1,5,1,9,7,10,7,4,2,4,2,4,2,6,5,7,5,5,2,1,6,8,8,0,3,2,2,8,4,1,8,1,3,3,10
n416,2,2,10,9,4,0,1,8,0,0,7,7,7,0,10,3,6,0,2,5,5,7,0,1,4,1,7,7,8,7,10,1,2,0,1,1,8,4,3,1,2,0,5,6,3,8,3,4,2,5,8,10,1,0,3,0,5,1,9,7,0,7,4,2,4,0,4,2,6,0,0,5,5,2,1,6,7,8,4,3,2,1,8,4,1,8,1,1,3,10
n415,2,2,10,9,4,0,1,8,6,0,7,7,7,3,10,3,6,0,2,5,5,7,0,1,4,1,7,7,8,7,10,1,2,0,0,1,8,4,3,1,2,0,5,6,3,8,3,4,2,5,8,10,1,0,3,0,5,1,9,7,0,7,4,2,4,5,4,2,6,8,0,5,5,2,1,6,7,8,4,3,2,0,8,4,1,8,1,1,3,10
n418,2,2,10,9,4,0,1,8,0,8,7,7,7,8,10,3,6,0,2,1,5,7,0,1,4,1,7,7,8,7,10,1,2,0,0,1,8,4,3,1,2,0,5,1,3,8,3,4,2,5,0,10,1,0,3,0,5,1,9,7,0,7,4,2,4,0,4,2,6,0,0,5,5,2,1,6,7,8,0,3,2,0,8,4,1,8,1,0,3,10
n417,2,2,10,9,4,0,1,8,2,8,7,7,7,8,10,3,6,0,2,0,5,7,1,1,4,1,7,7,8,7,10,1,2,0,0,1,8,4,3,1,2,4,5,1,3,8,3,4,2,5,0,10,1,4,3,0,5,1,9,7,0,7,4,2,4,0,4,2,6,0,0,5,5,2,1,6,7,8,0,3,2,0,8,4,1,8,1,0,3,10
n426,7,2,10,0,0,0,1,8,0,3,7,7,7,0,10,3,6,0,2,0,5,0,6,10,4,1,7,7,0,7,10,1,2,0,0,1,8,4,3,1,2,9,10,7,3,8,4,4,7,5,9,10,1,6,3,6,5,1,9,7,7,0,4,2,4,0,4,2,6,0,0,0,0,2,1,6,4,8,5,3,2,0,9,4,1,8,3,7,5,10
n425,7,2,10,0,0,0,1,8,5,3,7,7,7,5,10,3,6,0,2,0,5,0,6,10,4,0,7,7,5,7,10,1,2,0,7,1,8,4,3,1,2,9,10,7,3,8,4,4,7,5,9,10,1,0,3,6,5,1,9,7,7,0,4,2,4,10,4,2,6,0,0,0,0,2,1,6,4,8,5,3,2,0,9,4,1,8,3,7,5,10
n428,7,2,10,5,0,4,1,8,0,0,7,7,7,7,10,3,6,0,2,6,5,0,6,0,4,0,7,7,0,7,10,1,2,0,4,1,8,4,3,1,2,9,10,7,3,8,4,4,7,5,9,10,1,5,3,6,5,1,9,7,7,0,4,2,4,0,4,2,6,3,0,0,5,2,1,6,0,8,5,3,2,0,9,4,1,8,3,7,5,10
n427,7,2,10,5,4,0,1,8,8,0,7,7,7,7,10,3,6,5,2,0,5,0,6,0,4,0,7,7,0,7,10,1,2,1,4,1,8,4,3,1,2,9,10,7,3,8,4,4,7,5,9,10,1,5,3,6,5,1,9,7,7,0,4,2,4,0,4,2,6,0,0,0,5,2,1,6,0,8,5,3,2,0,9,4,1,8,3,7,5,10
n432,7,2,10,3,8,0,1,8,0,8,7,7,7,0,10,3,6,0,2,3,5,0,6,0,4,3,7,7,0,7,10,1,2,9,0,1,8,4,3,1,2,10,1,7,3,8,4,4,7,5,9,10,1,1,3,6,5,1,9,7,7,1,4,2,4,10,4,2,6,0,7,0,6,2,1,6,0,8,0,3,2,6,9,4,1,8,3,7,5,10
n431,7,2,10,3,0,0,1,8,9,8,7,7,7,0,10,3,6,0,2,3,5,5,6,0,4,3,7,7,0,7,10,1,2,5,0,1,8,4,3,1,2,0,1,7,3,8,4,4,7,5,9,10,1,0,3,6,5,1,9,7,7,1,4,2,4,2,4,2,6,0,7,0,6,2,1,6,0,8,0,3,2,6,9,4,1,8,3,7,5,10
n434,7,2,10,0,0,0,1,8,0,8,7,7,7,9,10,3,6,0,2,3,5,0,6,0,4,0,7,7,0,7,10,1,2,0,8,1,8,4,3,1,2,0,0,7,3,8,4,4,7,5,9,10,1,0,3,6,5,1,9,7,7,1,4,2,4,0,4,2,6,0,7,0,6,2,1,6,0,8,0,3,2,6,9,4,1,8,3,7,5,10
n433,7,2,10,0,10,0,1,8,0,8,7,7,7,0,10,3,6,0,2,3,5,0,6,0,4,0,7,7,1,7,10,1,2,1,0,1,8,4,3,1,2,0,0,7,3,8,4,4,7,5,9,10,1,0,3,6,5,1,9,7,7,1,4,2,4,0,4,2,6,0,7,0,6,2,1,6,0,8,0,3,2,6,9,4,1,8,3,7,5,10
n440,7,2,10,0,8,0,1,8,0,0,7,7,7,9,10,3,6,0,2,1,5,0,6,0,4,9,7,7,7,7,10,1,2,0,9,1,8,4,3,1,2,0,0,5,3,8,0,4,7,5,9,10,1,0,3,6,5,1,9,7,7,0,4,2,4,0,4,2,6,0,4,0,6,2,1,6,4,8,7,3,2,0,9,4,1,8,3,7,5,10
n439,7,2,10,10,0,0,1,8,0,0,7,7,7,9,10,3,6,0,2,1,5,0,6,7,4,9,7,7,7,7,10,1,2,0,9,1,8,4,3,1,2,0,0,5,3,8,0,4,7,5,9,10,1,0,3,6,5,1,9,7,7,0,4,2,4,0,4,2,6,0,4,0,6,2,1,6,4,8,7,3,2,0,9,4,1,8,3,7,5,10
n442,7,2,10,8,3,0,1,8,0,7,7,7,7,9,10,3,6,7,2,1,5,0,6,7,4,9,7,7,7,7,10,1,2,0,9,1,8,4,3,1,2,6,0,5,3,8,0,4,7,5,9,10,1,0,3,6,5,1,9,7,7,0,4,2,4,0,4,2,6,4,4,0,6,2,1,6,4,8,7,3,2,5,9,4,1,8,3,7,5,10
n441,7,2,10,0,3,0,1,8,0,7,7,7,7,9,10,3,6,7,2,1,5,0,6,7,4,9,7,7,7,7,10,1,2,7,9,1,8,4,3,1,2,6,0,5,3,8,0,4,7,5,9,10,1,0,3,6,5,1,9,7,7,0,4,2,4,0,4,2,6,4,4,0,6,2,1,6,4,8,7,3,2,5,9,4,1,8,3,7,5,10
n446,7,2,10,0,9,0,1,8,4,0,7,7,7,9,10,3,6,8,2,0,5,0,6,5,4,9,7,7,7,7,10,1,2,0,9,1,8,4,3,1,2,10,5,5,3,8,9,4,7,5,9,10,1,0,3,6,5,1,9,7,7,5,4,2,4,0,4,2,6,0,2,0,6,2,1,6,4,8,7,3,2,0,9,4,1,8,3,7,3,10
n445,7,2,10,0,0,0,1,8,4,0,7,7,7,9,10,3,6,8,2,7,5,0,6,5,4,9,7,7,7,7,10,1,2,2,9,1,8,4,3,1,2,10,0,5,3,8,9,4,7,5,9,10,1,6,3,6,5,1,9,7,7,0,4,2,4,0,4,2,6,0,2,0,6,2,1,6,4,8,7,3,2,10,9,4,1,8,3,7,3,10
n448,7,2,10,4,6,0,1,8,4,6,7,7,7,9,10,3,6,8,2,7,5,0,6,8,4,9,7,7,7,7,10,1,2,0,9,1,8,4,3,1,2,0,8,5,3,8,0,4,7,5,9,10,1,0,3,6,5,1,9,7,7,0,4,2,4,0,4,2,6,2,2,7,6,2,1,6,4,8,7,3,2,0,9,4,1,8,3,7,3,10
n447,7,2,10,0,6,0,1,8,4,0,7,7,7,9,10,3,6,8,2,7,5,0,6,0,4,9,7,7,7,7,10,1,2,9,9,1,8,4,3,1,2,7,0,5,3,8,0,4,7,5,9,10,1,0,3,6,5,1,9,7,7,0,4,2,4,8,4,2,6,2,2,6,6,2,1,6,4,8,7,3,2,0,9,4,1,8,3,7,3,10
n458,0,2,10,0,6,0,1,0,0,1,9,7,7,0,10,3,6,9,2,9,5,0,5,4,4,0,9,7,8,7,10,1,2,2,5,1,8,4,3,1,0,4,2,9,3,8,1,0,1,5,2,10,0,10,0,0,5,1,6,8,0,8,2,2,4,2,4,5,6,8,0,9,5,2,1,6,0,8,5,3,2,2,3,4,1,8,8,10,3,10
n457,0,2,10,0,6,0,1,4,4,1,9,7,7,0,10,3,6,9,2,0,5,0,5,4,4,0,9,7,8,7,10,1,2,2,5,1,8,4,3,1,0,4,2,9,3,8,1,0,1,5,2,10,0,10,1,0,5,1,6,8,0,8,2,2,4,2,4,5,6,8,0,0,5,2,1,6,0,8,5,3,2,2,3,4,1,8,8,10,3,10
n460,0,2,10,0,6,0,1,10,0,1,9,7,7,0,10,3,6,9,2,0,5,0,5,4,4,3,9,7,0,7,10,1,2,2,5,1,8,4,3,1,0,4,2,9,3,8,6,0,1,5,2,10,0,10,0,0,5,1,6,8,0,8,0,2,4,0,4,5,6,8,0,0,5,2,1,6,5,8,9,3,2,2,7,4,1,8,8,10,3,10
n459,0,2,10,0,6,0,1,10,8,1,9,7,7,0,10,3,6,9,2,0,5,6,5,4,4,3,9,7,0,7,10,1,2,2,5,1,8,4,3,1,0,4,2,9,3,8,6,0,1,5,2,10,0,10,0,0,5,1,6,8,0,8,0,2,4,0,4,5,6,8,0,8,5,2,1,6,5,8,9,3,2,2,0,4,1,8,8,10,3,10
n464,1,2,10,8,6,0,1,1,0,1,9,7,7,0,10,3,6,7,2,0,5,6,5,4,4,0,9,7,9,7,10,1,2,0,5,1,8,4,3,1,0,4,8,9,3,8,0,0,1,5,2,10,9,0,0,5,5,1,6,8,7,8,0,2,4,0,4,0,6,8,7,0,5,2,1,6,2,8,0,3,2,2,7,4,1,8,8,10,3,10
n463,1,2,10,8,6,0,1,8,0,1,9,7,7,8,10,3,6,0,2,0,5,6,5,4,4,0,9,7,0,7,10,1,2,0,5,1,8,4,3,1,0,4,0,9,3,8,0,0,1,5,2,10,9,0,0,5,5,1,6,8,7,8,0,2,4,4,4,0,6,8,7,9,5,2,1,6,3,8,0,3,2,2,0,4,1,8,8,10,3,10
n466,1,2,10,8,6,0,1,9,5,1,9,7,7,0,10,3,6,0,2,0,5,10,5,4,4,0,9,7,0,7,10,1,2,0,5,1,8,4,3,1,0,4,0,9,3,8,0,0,1,5,2,10,0,0,0,5,5,1,6,8,1,8,0,2,4,0,4,0,6,8,7,4,5,2,1,6,7,8,0,3,2,2,0,4,1,8,8,10,3,10
n465,1,2,10,8,6,0,1,0,7,1,9,7,7,3,10,3,6,0,2,0,5,8,5,4,4,0,9,7,0,7,10,1,2,0,5,1,8,4,3,1,0,4,0,9,3,8,0,0,1,5,2,10,0,0,8,5,5,1,6,8,0,8,0,2,4,0,4,0,6,8,7,0,5,2,1,6,0,8,0,3,2,2,0,4,1,8,8,10,3,10
n472,7,2,10,7,6,6,1,0,0,1,9,7,7,4,10,3,6,0,2,9,5,0,5,4,4,4,0,7,3,7,10,1,2,0,5,1,8,4,3,1,0,4,7,9,3,8,4,7,1,5,0,10,4,0,5,0,5,1,6,10,0,8,0,2,4,7,4,1,6,8,0,3,5,2,1,6,0,8,0,3,2,2,4,4,1,8,5,10,3,10
n471,0,2,10,7,6,6,1,0,0,1,9,7,7,4,10,3,6,0,2,9,5,4,5,4,4,4,0,7,0,7,10,1,2,0,5,1,8,4,3,1,0,4,7,9,3,8,4,7,1,5,0,10,4,0,5,0,5,1,6,10,0,8,0,2,4,7,4,1,6,8,6,3,5,2,1,6,0,8,0,3,2,2,4,4,1,8,0,10,3,10
n474,0,2,10,0,6,1,1,0,0,1,9,7,7,4,10,3,6,0,2,9,5,0,5,4,4,4,0,7,10,7,10,1,2,0,5,1,8,4,3,1,0,4,7,9,3,8,0,7,1,5,5,10,4,9,0,0,5,1,6,0,0,8,7,2,4,7,4,0,6,8,0,0,0,2,1,6,0,8,0,3,2,2,3,4,1,8,0,10,3,10
n473,0,2,10,0,6,1,1,0,0,1,9,7,7,4,10,3,6,0,2,9,5,0,5,4,4,4,0,7,10,7,10,1,2,0,5,1,8,4,3,1,0,4,7,9,3,8,0,7,1,5,10,10,4,9,0,0,5,1,6,0,0,8,0,2,4,7,4,4,6,8,0,0,0,2,1,6,0,8,0,3,2,2,4,4,1,8,0,10,3,10
n478,0,2,10,0,6,3,1,10,7,1,9,7,7,9,10,3,6,9,2,9,5,0,5,4,4,4,5,7,0,7,10,1,2,5,5,1,8,4,3,1,7,4,7,9,3,8,2,7,1,5,2,10,4,0,7,7,5,1,6,0,7,8,8,2,4,0,4,0,6,8,3,0,2,2,1,6,0,8,0,3,2,2,6,4,1,8,0,10,3,10
n477,0,2,10,0,6,0,1,10,7,1,9,7,7,9,10,3,6,9,2,9,5,7,5,4,4,4,5,7,5,7,10,1,2,5,5,1,8,4,3,1,7,4,7,9,3,8,2,7,1,5,2,10,4,0,0,0,5,1,6,0,7,8,0,2,4,0,4,0,6,8,3,0,0,2,1,6,0,8,9,3,2,2,6,4,1,8,0,10,3,10
n480,0,2,10,0,6,0,1,10,7,1,9,7,7,0,10,3,6,9,2,9,5,0,5,4,4,4,0,7,0,7,10,1,2,5,5,1,8,4,3,1,0,4,7,9,3,8,2,7,1,5,2,10,4,0,0,0,5,1,6,0,7,8,5,2,4,0,4,6,6,8,3,2,6,2,1,6,0,8,0,3,2,2,0,4,1,8,9,10,3,10
n479,0,2,10,7,6,0,1,10,7,1,9,7,7,0,10,3,6,9,2,9,5,0,5,4,4,4,0,7,0,7,10,1,2,5,5,1,8,4,3,1,0,4,7,9,3,8,2,7,1,5,2,10,4,6,0,0,5,1,6,0,7,8,0,2,4,0,4,0,6,8,3,2,0,2,1,6,0,8,0,3,2,2,0,4,1,8,9,10,3,10
n488,0,2,10,9,6,4,1,0,0,1,9,7,7,3,10,3,6,9,2,6,5,2,0,0,4,8,9,7,2,7,10,1,2,8,1,1,8,4,3,1,0,4,0,9,3,8,0,9,8,5,2,10,0,0,0,3,5,1,6,7,4,8,6,2,4,0,4,9,6,8,3,0,0,2,1,6,7,8,0,3,2,2,0,4,1,8,0,10,0,10
n487,0,2,10,9,6,4,1,0,0,1,9,7,7,0,10,3,6,9,2,6,5,2,0,0,4,8,0,7,2,7,10,1,2,8,1,1,8,4,3,1,0,4,0,9,3,8,0,9,8,5,2,10,0,0,0,3,5,1,6,8,4,8,6,2,4,0,4,9,6,8,3,0,0,2,1,6,0,8,0,3,2,2,0,4,1,8,0,10,0,10
n490,9,2,10,9,6,4,1,0,0,1,9,7,7,7,10,3,6,9,2,6,5,2,0,0,4,8,0,7,2,7,10,1,2,8,5,1,8,4,3,1,10,4,7,9,3,8,0,9,8,5,2,10,0,0,0,3,5,1,6,0,4,8,6,2,4,3,4,9,6,8,8,2,4,2,1,6,0,8,5,3,2,2,0,4,1,8,0,10,0,10
n489,9,2,10,9,6,4,1,0,0,1,9,7,7,7,10,3,6,9,2,6,5,2,0,0,4,8,0,7,2,7,10,1,2,8,0,1,8,4,3,1,0,4,7,9,3,8,0,9,8,5,2,10,0,0,0,3,5,1,6,5,4,8,6,2,4,8,4,9,6,8,8,0,4,2,1,6,0,8,0,3,2,2,0,4,1,8,0,10,0,10
n494,0,2,10,9,6,0,1,7,4,1,9,7,7,9,10,3,6,9,2,6,5,2,1,0,4,0,0,7,2,7,10,1,2,0,0,1,8,4,3,1,5,4,0,9,3,8,0,5,8,5,2,10,0,2,0,3,5,1,6,0,4,8,6,2,4,3,4,9,6,8,1,7,0,2,1,6,5,8,10,3,2,2,7,4,1,8,0,10,5,10
n493,0,2,10,9,6,0,1,0,4,1,9,7,7,9,10,3,6,9,2,6,5,2,1,0,4,0,0,7,2,7,10,1,2,0,0,1,8,4,3,1,5,4,0,9,3,8,6,5,8,5,2,10,0,2,0,3,5,1,6,1,4,8,6,2,4,3,4,9,6,8,1,7,0,2,1,6,5,8,10,3,2,2,7,4,1,8,0,10,5,10
n496,0,2,10,9,6,1,1,2,4,1,9,7,7,0,10,3,6,0,2,6,5,2,0,0,4,0,0,7,2,7,10,1,2,0,0,1,8,4,3,1,0,4,0,9,3,8,0,5,8,5,2,10,7,2,0,3,5,1,6,0,4,8,6,2,4,0,4,9,6,8,1,7,0,2,1,6,3,8,10,3,2,2,7,4,1,8,0,10,0,10
n495,0,2,10,9,6,1,1,0,4,1,9,7,7,0,10,3,6,0,2,6,5,2,0,4,4,0,0,7,2,7,10,1,2,0,0,1,8,4,3,1,0,4,0,9,3,8,0,5,8,5,2,10,7,2,0,3,5,1,6,0,4,8,6,2,4,1,4,9,6,8,1,7,0,2,1,6,0,8,10,3,2,2,7,4,1,8,0,10,2,10
n502,3,2,10,8,6,0,1,10,0,1,9,7,7,0,10,3,6,4,2,6,5,8,8,0,4,0,0,7,10,7,10,1,2,4,0,1,8,4,3,1,2,4,5,9,3,8,4,0,8,5,2,10,0,7,0,0,5,1,6,6,4,8,6,2,4,0,4,9,6,8,5,0,0,2,1,6,0,8,9,3,2,2,0,4,1,8,3,10,0,10
n501,3,2,10,6,6,0,1,10,4,1,9,7,7,0,10,3,6,4,2,6,5,8,8,6,4,0,0,7,10,7,10,1,2,4,0,1,8,4,3,1,2,4,5,9,3,8,4,0,8,5,2,10,1,7,0,0,5,1,6,6,4,8,6,2,4,0,4,9,6,8,5,0,0,2,1,6,0,8,9,3,2,2,6,4,1,8,0,10,0,10
n504,3,2,10,0,6,0,1,10,0,1,9,7,7,0,10,3,6,4,2,6,5,8,8,0,4,0,0,7,4,7,10,1,2,0,0,1,8,4,3,1,0,4,0,9,3,8,0,0,8,5,2,10,0,7,0,0,5,1,6,6,4,8,6,2,4,0,4,9,6,8,5,0,0,2,1,6,0,8,0,3,2,2,0,4,1,8,2,10,0,10
n503,3,2,10,0,6,0,1,10,0,1,9,7,7,0,10,3,6,4,2,6,5,8,8,0,4,0,7,7,0,7,10,1,2,0,6,1,8,4,3,1,0,4,0,9,3,8,0,0,8,5,2,10,2,7,0,0,5,1,6,6,4,8,6,2,4,0,4,9,6,8,5,0,0,2,1,6,8,8,0,3,2,2,0,4,1,8,2,10,2,10
n508,9,2,10,0,6,2,1,10,10,1,9,7,7,1,10,3,6,4,2,6,5,8,0,0,4,5,7,7,0,7,10,1,2,3,9,1,8,4,3,1,7,4,8,9,3,8,1,6,8,5,2,10,5,7,0,2,5,1,6,6,4,8,6,2,4,6,4,9,6,8,5,1,6,2,1,6,4,8,0,3,2,2,0,4,1,8,0,10,0,10
n507,9,2,10,0,6,2,1,10,0,1,9,7,7,0,10,3,6,0,2,6,5,8,0,5,4,5,7,7,0,7,10,1,2,6,9,1,8,4,3,1,7,4,8,9,3,8,1,6,8,5,2,10,5,7,0,2,5,1,6,6,4,8,6,2,4,6,4,9,6,8,5,1,6,2,1,6,4,8,0,3,2,2,0,4,1,8,5,10,0,10
n510,9,2,10,0,6,2,1,10,9,1,9,7,7,0,10,3,6,0,2,6,5,8,0,5,4,0,7,7,0,7,10,1,2,0,0,1,8,4,3,1,7,4,0,9,3,8,0,6,8,5,2,10,0,5,0,2,5,1,6,6,4,8,6,2,4,0,4,9,6,8,5,0,0,2,1,6,4,8,4,3,2,2,10,4,1,8,0,10,0,10
n509,9,2,10,0,6,2,1,10,9,1,9,7,7,0,10,3,6,0,2,6,5,8,2,5,4,2,7,7,0,7,10,1,2,0,0,1,8,4,3,1,7,4,0,9,3,8,0,6,8,5,2,10,0,5,2,2,5,1,6,6,4,8,6,2,4,0,4,9,6,8,5,0,1,2,1,6,4,8,4,3,2,2,10,4,1,8,0,10,10,10
