((((((216_8:0.048,216_9:1.048)209_9:1.122,(216_6:0,216_7:0)210_8:1.17)166_5:2.048,(216_10:2.603,216_11:2.603)170_7:0.616)118_3:1.205,216_4:4.424)14_1:2.576,(((((216_17:0,216_18:0)184_16:1.191,(216_19:1.216,216_20:1.216)184_17:0.974)139_9:2.282,((216_22:1.049,216_23:0.049)201_23:1.122,216_21:1.171)152_11:2.303)103_5:2.523,((216_26:0,216_27:0)198_26:0.002,(216_24:0.001,216_25:1.001)202_26:0.001)160_15:5.994)64_4:1.004,((((216_34:0,216_35:0)208_35:0.159,(216_32:0,216_33:0)209_34:2.159)167_22:1.136,(216_30:0.217,216_31:2.217)170_21:2.079)115_10:2.366,(216_29:0,216_28:0)188_25:3.662)68_6:2.338)25_3:0)virtual:0)I0;
I0,0,0,0,0,0,0,0,0,0,0
virtual,0,0,0,0,0,0,0,0,0,0
25_3,0,0,0,0,0,0,0,0,0,0
68_6,0:0.22/2:0.78,0,0:0.22/2:0.78,0,0:0.22/2:0.78,0,0,0,0,0
188_25,2,1,2,0,2,0,0,0,2,1
216_28,2,1,2,0,2,0,0,0,2,1
216_29,2,1,2,0,2,0,0,0,2,1
115_10,0:0.02/2:0.98,0:0.11/2:0.89,0:0.02/2:0.98,0,0:0.02/2:0.98,0:0.11/2:0.89,0,0,0,0
170_21,2,0:0.01/2:0.99,2,0,2,0:0.01/2:0.99,0,0:0.09/2:0.91,0:0.09/2:0.91,0
216_31,2,2,2,0,2,2,2,2,2,1
216_30,2,2,2,0,2,2,0,2,2,0
167_22,2,0:0.01/2:0.99,2,0,2,0:0.01/2:0.99,0,0,0,0:0.12/2:0.88
209_34,2,2,2,1,2,2,0,0,2,2
216_33,2,2,2,1,2,2,0,0,2,2
216_32,2,2,2,1,2,2,0,0,2,2
208_35,2,2,2,0,2,2,0,0,0,2
216_35,2,2,2,0,2,2,0,0,0,2
216_34,2,2,2,0,2,2,0,0,0,2
64_4,0,0:0.5/2:0.5,0,0:0.5/2:0.5,0,0,0,0,0,0
160_15,0,2,0,2,1,0,2,2,1,2
202_26,0,2,0,2,1,0,2,2,1,2
216_25,0,2,1,2,1,0,2,2,1,2
216_24,0,2,0,2,1,0,2,2,1,2
198_26,0,2,0,2,1,0,2,2,1,2
216_27,0,2,0,2,1,0,2,2,1,2
216_26,0,2,0,2,1,0,2,2,1,2
103_5,0,0:0.08/2:0.92,0:0.16/1:0.84,0:0.08/2:0.92,0,0,0:0.16/1:0.84,0,0,0
152_11,0,0:0.01/2:0.99,0:0.01/1:0.99,0:0.01/2:0.99,0,0,0:0.01/1:0.99,0,0:0.07/1:0.93,0:0.07/1:0.93
216_21,0,2,1,2,0,0,1,1,1,1
201_23,0,2,1,2,0,0:0.04/2:0.96,1,0,1,1
216_23,0,2,1,2,0,2,1,0,1,1
216_22,1,2,1,2,0,2,1,0,1,1
139_9,0,0:0.01/2:0.99,0:0.01/1:0.99,0:0.01/2:0.99,0:0.08/1:0.92,0,0:0.01/1:0.99,0,0,0:0.08/2:0.92
184_17,0:0.18/1:0.82,2,1,2,0:0.01/1:0.99,0,1,0,0,0:0.01/2:0.99
216_20,1,2,1,2,1,0,1,0,2,2
216_19,1,2,1,2,1,0,1,2,0,2
184_16,0,2,1,2,1,0,1,2,0,2
216_18,0,2,1,2,1,0,1,2,0,2
216_17,0,2,1,2,1,0,1,2,0,2
14_1,0:0.14/2:0.86,0,0,0,0,0:0.14/1:0.86,0,0,0,0:0.14/1:0.86
216_4,2,2,1,0,0,1,1,1,0,1
118_3,0:0.02/2:0.98,0,0,0,0,0:0.02/1:0.98,0,0,0:0.15/2:0.85,0:0.02/1:0.98
170_7,0:0.01/2:0.99,0,0,0:0.49/1:0.51,0,0:0.01/1:0.99,0,0,0:0.08/2:0.92,0:0.01/1:0.99
216_11,2,2,0,1,0,1,0,2,2,1
216_10,2,1,0,1,1,1,0,0,2,1
166_5,2,0,0,0,0:0.08/1:0.92,1,0:0.08/2:0.92,0,0:0.01/2:0.99,1
210_8,2,0,2,0,1,1,2,0,2,1
216_7,2,0,2,0,1,1,2,0,2,1
216_6,2,0,2,0,1,1,2,0,2,1
209_9,2,0,0,0:0.04/2:0.96,1,1,2,0,2,1
216_9,2,0,2,2,1,1,2,0,2,1
216_8,2,0,0,2,1,1,2,0,2,1
