cell,r1,r2,r3,r4,r5,r6,r7,r8,r9,r10,r11,r12,r13,r14,r15,r16,r17,r18,r19,r20,r21,r22,r23,r24,r25,r26,r27,r28,r29,r30,r31,r32,r33,r34,r35,r36,r37,r38,r39,r40,r41,r42,r43,r44,r45,r46,r47,r48,r49,r50,r51,r52,r53,r54,r55,r56,r57,r58,r59,r60,r61,r62,r63,r64,r65,r66,r67,r68,r69,r70,r71,r72,r73,r74,r75,r76,r77,r78,r79,r80,r81,r82,r83,r84,r85,r86,r87,r88,r89,r90
n16,8,9,5,5,10,10,8,10,9,8,5,0,7,1,0,7,3,3,3,8,0,6,2,4,1,6,1,3,10,5,8,1,8,8,2,5,2,0,4,2,4,0,9,3,4,10,9,5,0,3,5,1,10,2,6,0,7,9,6,10,6,9,2,8,0,2,0,5,10,3,9,10,0,1,10,10,6,2,0,2,2,3,1,0,6,6,10,1,3,3
n15,8,9,5,5,10,10,8,10,9,8,5,3,7,1,0,7,3,3,0,8,0,6,2,4,1,6,1,3,10,5,8,1,8,8,2,5,2,0,4,2,4,0,9,3,4,10,0,5,0,3,5,1,10,2,6,7,7,9,6,10,6,9,2,8,0,2,0,5,10,3,9,10,0,1,10,10,6,0,0,2,2,3,1,0,6,6,10,1,3,3
n18,8,9,2,5,10,10,8,10,0,0,5,9,7,1,0,7,3,3,9,8,8,6,2,0,1,6,1,3,10,5,0,1,8,8,2,5,2,0,4,2,4,0,9,3,4,10,0,5,0,0,5,1,10,2,6,6,7,9,6,10,6,9,2,8,5,2,6,5,10,3,9,10,4,1,10,10,6,0,10,2,2,6,1,0,6,6,10,1,3,3
n17,8,9,2,5,10,10,8,10,0,0,5,9,7,1,0,7,3,3,9,8,8,6,2,7,1,6,1,3,10,5,8,1,8,8,2,5,2,7,4,2,4,0,9,3,4,10,0,5,0,4,5,1,10,2,6,6,7,9,6,10,6,9,2,8,5,2,0,5,10,3,9,10,0,1,10,10,6,0,8,2,2,0,1,0,6,6,10,1,3,3
n22,8,9,0,5,10,10,8,10,0,9,5,3,0,0,0,7,3,3,1,8,0,6,2,8,1,6,1,3,10,0,4,1,8,8,2,5,2,8,4,2,4,7,9,3,4,10,0,5,8,1,5,1,10,2,6,7,7,9,6,10,6,9,2,8,0,2,4,5,10,3,9,10,0,1,10,10,4,0,5,2,2,0,1,0,0,6,10,1,3,3
n21,8,9,0,5,10,10,8,10,0,0,5,0,0,0,0,7,3,3,1,8,0,6,2,8,1,6,1,3,10,9,0,1,8,8,2,5,2,8,4,2,4,0,9,3,4,10,0,5,0,1,5,1,10,2,6,7,7,9,6,10,6,9,2,8,0,2,0,5,10,3,9,10,0,1,10,10,4,0,5,2,2,0,1,0,0,6,10,1,3,3
n24,8,9,0,5,10,10,8,10,0,0,5,10,0,5,0,7,3,3,1,8,0,6,2,8,1,6,1,3,10,0,10,1,8,8,2,5,2,8,4,2,4,0,9,3,4,10,9,5,0,1,5,1,10,2,6,0,7,9,6,10,6,9,2,8,0,2,0,5,10,3,9,10,0,1,10,10,5,8,5,2,2,0,1,2,6,6,10,1,3,3
n23,8,9,0,5,10,10,8,10,0,0,5,10,10,5,8,7,3,3,1,8,0,6,2,8,1,6,1,3,10,0,5,1,8,8,2,5,2,8,4,2,4,0,9,3,4,10,0,5,2,1,5,1,10,2,6,0,7,9,6,10,6,9,2,8,0,2,0,5,10,3,9,10,0,1,10,10,5,8,5,2,2,0,1,0,0,6,10,1,3,3
n30,8,9,4,10,10,10,8,10,1,0,5,10,10,0,7,7,3,5,5,8,0,6,2,0,1,6,1,3,10,0,4,1,8,8,2,5,2,2,4,4,4,3,9,3,4,10,4,5,0,4,5,1,0,2,6,0,7,8,6,10,6,9,2,8,0,2,0,5,10,1,9,10,9,1,10,10,0,0,0,9,2,0,1,1,6,6,10,0,3,3
n29,8,9,4,10,10,10,8,10,1,0,5,10,10,0,7,7,3,0,5,8,0,6,2,0,1,6,1,3,10,0,4,1,8,8,2,5,2,0,4,4,4,3,9,3,4,10,4,5,0,4,5,1,9,2,6,10,7,8,6,10,6,9,2,8,0,2,5,5,10,1,9,10,9,1,10,10,0,1,0,9,2,3,1,1,0,6,10,0,3,3
n32,8,9,4,10,10,10,8,10,1,0,5,10,10,0,7,7,3,0,5,8,0,6,2,0,1,6,1,3,10,9,4,1,8,8,2,5,2,0,4,9,4,3,9,3,4,10,4,5,0,4,5,1,0,2,6,7,7,8,6,10,6,9,2,8,1,2,6,5,10,1,9,10,9,1,10,10,0,0,0,9,2,0,1,1,0,6,10,0,3,3
n31,8,9,4,10,10,10,8,10,1,0,5,10,10,0,7,7,3,0,5,8,0,6,2,0,1,6,1,3,10,0,4,1,8,8,2,5,2,0,4,9,4,3,9,3,4,10,4,5,9,4,5,1,0,2,6,7,7,8,6,10,6,9,2,8,1,2,6,5,10,1,9,10,9,1,10,10,0,0,3,9,2,0,1,1,0,6,10,0,3,3
n36,8,9,4,0,10,10,8,10,0,5,5,3,10,0,0,7,3,0,5,8,0,6,2,0,1,6,1,3,10,0,10,1,8,8,2,5,2,0,4,0,4,0,9,3,4,10,4,5,7,4,5,1,0,2,6,10,7,6,6,10,6,9,2,8,0,2,0,5,10,6,9,10,9,1,10,10,0,0,4,9,2,0,1,0,7,6,10,0,3,3
n35,8,9,4,0,10,10,8,10,0,0,5,3,10,0,0,7,3,0,5,8,0,6,2,0,1,6,1,3,10,0,0,1,8,8,2,5,2,9,4,0,4,9,9,3,4,10,4,5,7,4,5,1,0,2,6,10,7,6,6,10,6,9,2,8,0,2,0,5,10,6,9,10,9,1,10,10,6,0,4,9,2,0,1,0,7,6,10,0,3,3
n38,8,9,4,2,10,10,8,10,0,0,5,0,10,0,0,7,3,0,5,8,0,6,2,0,1,6,1,3,10,0,0,1,8,8,2,5,2,0,4,1,4,0,9,3,4,10,4,5,0,4,5,1,0,2,6,10,7,6,6,10,6,9,2,8,6,2,0,5,10,0,9,10,9,1,10,10,10,1,0,9,2,0,1,0,7,6,10,0,3,3
n37,8,9,4,2,10,10,8,10,0,0,5,0,10,4,0,7,3,1,5,8,0,6,2,0,1,6,1,3,10,0,0,1,8,8,2,5,2,0,4,0,4,0,9,3,4,10,4,5,0,4,5,1,0,2,6,10,7,6,6,10,6,9,2,8,6,2,0,5,10,5,9,10,9,1,10,10,10,3,0,9,2,0,1,0,7,6,10,0,3,3
n46,8,9,0,7,0,10,8,10,8,0,0,10,10,4,0,7,3,10,1,8,9,6,2,8,1,6,1,3,10,0,4,1,8,8,2,5,2,10,4,0,4,0,9,2,4,10,0,5,0,0,4,1,0,2,6,1,9,6,6,10,6,9,2,8,0,2,0,5,8,0,9,10,0,1,10,10,4,5,2,4,2,5,1,8,1,6,5,4,0,3
n45,8,9,0,7,0,10,8,10,8,0,0,10,10,0,0,7,3,10,1,8,9,6,2,8,1,6,1,3,10,0,4,1,8,8,2,5,2,10,4,1,4,0,9,2,4,10,0,5,0,0,4,1,0,2,6,1,9,6,6,10,6,9,2,8,0,2,0,5,8,0,9,10,0,1,10,10,4,5,2,0,2,0,1,8,0,6,5,4,0,3
n48,8,9,3,7,0,10,8,10,0,10,2,10,10,8,0,7,3,10,1,8,9,6,2,8,1,6,1,3,10,0,4,1,8,8,2,5,2,0,4,5,4,1,9,2,4,10,0,5,0,0,0,1,0,2,6,1,0,6,6,10,6,9,2,8,0,2,0,5,8,9,9,10,0,1,10,10,4,5,0,0,2,9,1,8,9,6,0,4,0,3
n47,8,9,0,7,0,10,8,10,0,10,0,10,10,0,0,7,3,10,1,8,9,6,2,8,1,6,1,3,10,1,4,1,8,8,2,5,2,0,4,5,4,4,9,2,4,10,3,5,0,0,0,1,0,2,6,1,0,6,6,10,6,9,2,8,0,2,0,5,8,9,9,10,7,1,10,10,4,5,0,0,2,9,1,8,9,6,0,4,0,3
n52,8,9,8,7,0,10,8,10,7,0,8,1,10,5,1,7,3,10,1,8,9,6,2,9,1,6,1,3,10,8,2,1,8,8,2,5,2,0,4,6,4,0,9,3,4,10,8,5,3,0,7,1,6,2,6,1,2,6,6,10,6,9,2,8,2,2,6,5,8,5,9,10,10,1,10,10,4,5,0,0,2,0,1,8,0,6,3,4,4,3
n51,8,9,8,7,8,10,8,10,7,0,0,1,10,5,1,7,3,10,1,8,9,6,2,6,1,6,1,3,10,8,2,1,8,8,2,5,2,0,4,0,4,0,9,3,4,10,8,5,0,4,7,1,6,2,6,1,8,6,6,10,6,9,2,8,2,2,6,5,8,5,9,10,10,1,10,10,4,5,0,5,2,0,1,8,0,6,3,4,4,3
n54,8,9,0,7,0,10,8,10,7,1,0,0,10,0,4,7,3,10,1,8,9,6,2,8,1,6,1,3,10,8,0,1,8,8,2,5,2,6,4,0,4,1,9,3,4,10,1,5,0,0,0,1,9,2,6,1,0,6,6,10,6,9,2,8,2,2,6,5,8,5,9,10,0,1,10,10,4,5,0,5,2,0,1,8,1,6,3,4,4,3
n53,8,9,0,7,0,10,8,10,7,1,0,0,10,0,4,7,3,10,1,8,9,6,2,8,1,6,1,3,10,8,0,1,8,8,2,5,2,6,4,0,4,1,9,3,4,10,1,5,0,0,0,1,9,2,6,1,0,6,6,10,6,9,2,8,2,2,6,5,8,5,9,10,0,1,10,10,4,5,0,5,2,0,1,8,0,6,3,4,4,3
n60,8,9,3,3,9,10,8,10,0,8,0,1,0,6,0,7,3,10,5,8,9,6,2,0,1,6,1,3,10,2,3,1,8,8,2,5,2,0,4,0,4,9,9,0,4,10,0,5,0,10,0,1,0,2,6,0,3,2,6,10,6,9,2,8,0,2,1,5,8,6,9,10,0,1,10,10,4,5,0,8,2,0,1,0,6,6,0,4,0,3
n59,8,9,3,0,9,10,8,10,0,0,0,0,0,0,0,7,3,10,5,8,9,6,2,6,1,6,1,3,10,2,3,1,8,8,2,5,2,0,4,0,4,9,9,0,4,10,0,5,0,0,0,1,0,2,6,0,3,2,6,10,6,9,2,8,0,2,1,5,8,6,9,10,0,1,10,10,4,5,0,8,2,0,1,0,6,6,0,4,0,3
n62,8,9,3,7,9,10,8,10,2,2,4,0,0,0,0,7,3,10,5,8,9,6,2,0,1,6,1,3,10,2,0,1,8,8,2,5,2,0,4,6,4,0,9,0,4,10,0,5,0,0,0,1,0,2,6,0,3,0,6,10,6,9,2,8,0,2,1,5,8,0,9,10,0,1,10,10,4,5,6,8,2,0,1,0,6,6,0,4,0,3
n61,8,9,3,0,9,10,8,10,2,4,0,0,0,0,0,7,3,10,5,8,9,6,2,6,1,6,1,3,10,2,0,1,8,8,2,5,2,0,4,6,4,0,9,7,4,10,5,5,0,0,0,1,0,2,6,0,3,1,6,10,6,9,2,8,9,2,1,5,8,0,9,10,5,1,10,10,4,5,6,8,2,7,1,10,6,6,0,4,0,3
n66,8,9,0,1,9,10,8,10,0,0,0,9,0,7,2,7,3,10,5,8,9,6,2,5,1,6,1,3,10,2,0,1,8,8,2,5,2,8,4,8,4,0,9,9,4,10,0,5,10,4,8,1,2,2,6,1,0,0,6,10,6,9,2,8,6,2,1,5,8,0,9,10,0,1,10,10,4,5,7,8,2,3,1,6,6,6,5,4,0,3
n65,8,9,0,1,9,10,8,10,0,0,0,9,0,7,2,7,3,10,5,8,9,6,2,5,1,6,1,3,10,2,0,1,8,8,2,5,2,0,4,8,4,0,9,9,4,10,0,5,10,4,8,1,2,2,6,1,4,0,6,10,6,9,2,8,6,2,1,5,8,0,9,10,0,1,10,10,4,5,7,8,2,3,1,6,6,6,5,4,0,3
n68,8,9,0,1,9,10,8,10,0,0,0,0,2,7,2,7,3,10,5,8,9,6,2,5,1,6,1,3,10,2,6,1,8,8,2,5,2,0,4,8,4,0,9,9,4,10,0,5,10,4,8,1,2,2,6,0,0,3,6,10,6,9,2,8,0,2,1,5,8,0,9,10,8,1,10,10,4,5,7,8,2,3,1,6,6,6,5,4,0,3
n67,8,9,0,1,9,10,8,10,0,0,10,6,0,7,2,7,3,10,5,8,9,6,2,5,1,6,1,3,10,2,6,1,8,8,2,5,2,0,4,8,4,0,9,9,4,10,0,5,10,4,8,1,2,2,6,0,0,0,6,10,6,9,2,8,5,2,1,5,8,0,9,10,8,1,10,10,4,5,7,8,2,3,1,6,6,6,5,4,0,3
n78,8,9,10,6,5,0,10,10,3,3,6,0,4,9,2,7,3,4,8,9,3,6,4,0,7,6,1,3,10,0,0,1,8,8,3,5,2,7,4,9,4,7,9,9,8,10,4,0,1,0,9,1,10,2,6,8,0,8,0,10,6,9,2,8,0,2,6,5,0,6,2,10,9,1,7,5,0,5,0,8,5,7,1,2,3,6,7,1,10,3
n77,8,9,10,6,5,0,10,10,3,3,6,0,4,9,2,7,3,4,8,9,3,6,4,0,7,6,1,3,10,0,0,1,8,8,3,5,2,0,4,9,4,7,9,9,8,10,4,0,1,0,9,1,10,2,6,0,0,8,0,10,6,9,2,8,0,2,6,5,0,6,2,10,9,1,7,5,0,0,1,8,5,7,1,2,3,6,7,1,10,3
n80,8,9,10,6,5,0,10,10,3,3,6,0,4,9,2,7,3,4,8,9,3,6,4,0,7,6,1,3,10,0,0,1,8,8,3,5,2,0,4,9,4,7,9,9,8,10,4,0,1,0,9,1,6,2,6,0,0,8,0,10,6,9,2,8,0,2,6,5,8,6,2,10,0,1,7,5,3,0,10,8,5,7,1,2,3,6,7,1,10,3
n79,8,9,10,6,5,0,10,10,3,3,6,9,4,9,2,7,3,4,8,9,3,6,4,0,7,6,1,3,10,0,5,1,8,8,3,5,2,9,4,9,4,7,9,9,8,10,4,1,1,0,9,1,4,2,6,0,3,8,0,10,6,9,2,8,0,2,6,5,8,6,2,10,0,1,7,5,3,0,10,8,5,7,1,2,3,6,7,1,10,3
n84,8,9,10,0,8,0,10,10,3,10,6,7,4,9,2,7,3,4,8,9,3,6,4,0,7,6,1,3,10,7,0,1,8,8,3,5,2,0,4,9,4,7,9,9,8,10,4,0,1,0,9,1,0,2,6,4,2,8,8,10,6,9,2,8,0,2,6,5,1,6,2,10,10,1,7,5,9,0,0,0,5,7,1,2,3,6,7,1,10,3
n83,8,9,10,0,0,0,10,10,3,2,6,7,4,9,2,7,3,4,8,9,3,6,4,0,7,6,1,3,10,7,0,1,8,8,3,5,2,0,4,9,4,7,9,9,8,10,4,3,1,0,9,1,0,2,6,0,2,8,0,10,6,9,2,8,4,2,6,5,1,6,2,10,10,1,7,5,0,0,0,0,5,7,1,2,3,6,7,1,10,3
n86,8,9,10,0,0,0,10,10,3,9,6,0,4,9,2,7,3,4,8,9,3,6,4,0,7,6,1,3,10,7,0,1,8,8,3,5,2,8,4,9,4,7,9,9,8,10,4,0,1,0,9,1,0,2,6,0,0,8,7,10,6,9,2,8,0,2,6,5,1,6,2,10,1,1,7,5,0,10,7,0,5,7,1,2,3,6,7,1,10,3
n85,8,9,10,0,0,7,10,10,3,0,6,0,4,9,2,7,3,4,8,9,3,6,4,0,7,6,1,3,10,7,0,1,8,8,3,5,2,8,4,9,4,7,9,9,8,10,4,0,1,0,9,1,0,2,6,0,0,8,0,10,6,9,2,8,0,2,6,5,1,6,2,10,0,1,7,5,7,0,0,0,5,7,1,2,3,6,7,1,10,3
n92,8,9,10,7,9,8,2,10,3,6,6,3,4,1,0,7,3,4,5,5,0,6,3,5,7,6,1,3,10,10,8,1,8,8,3,5,2,0,4,9,4,7,9,9,8,10,4,3,0,2,9,1,0,2,6,7,8,8,0,10,6,9,2,8,0,2,0,5,5,6,3,10,0,1,7,0,0,2,0,2,5,7,1,2,3,6,7,1,10,3
n91,8,9,10,7,9,8,0,10,3,6,6,3,4,1,4,7,3,4,5,5,0,6,3,5,7,6,1,3,10,10,9,1,8,8,3,5,2,0,4,9,4,7,9,9,8,10,4,3,0,2,9,1,3,2,6,7,8,8,7,10,6,9,2,8,0,2,4,5,5,6,3,10,0,1,7,0,0,2,0,2,5,7,1,2,3,6,7,1,10,3
n94,8,9,10,7,0,8,0,10,3,6,6,3,4,1,4,7,3,4,5,5,0,6,3,0,7,6,1,3,10,10,10,1,8,8,3,5,2,0,4,9,4,7,9,9,8,10,4,3,4,2,9,1,0,2,6,7,8,8,5,10,6,9,2,8,8,2,0,5,9,6,3,10,0,1,7,2,0,2,0,2,5,7,1,2,3,6,7,1,10,3
n93,8,9,10,7,0,8,6,10,3,6,6,3,4,1,4,7,3,4,0,5,8,6,3,6,7,6,1,3,10,10,0,1,8,8,3,5,2,0,4,9,4,7,9,9,8,10,4,3,9,2,9,1,0,2,6,7,8,8,5,10,6,9,2,8,8,2,5,5,9,6,3,10,0,1,7,2,0,2,0,2,5,7,1,2,3,6,7,1,10,3
n98,8,9,10,4,2,8,7,10,3,0,6,3,4,1,0,7,3,4,1,9,2,6,3,0,7,6,1,3,10,10,7,1,8,8,3,5,2,0,4,9,4,7,9,9,8,10,4,3,0,2,9,1,5,2,6,0,0,8,9,10,6,9,2,8,8,2,0,5,0,6,0,10,0,1,7,0,0,0,0,1,5,7,1,2,3,6,7,1,10,3
n97,8,9,10,4,2,8,0,10,3,0,6,3,4,1,0,7,3,4,1,9,2,6,0,2,7,6,1,3,10,10,7,1,8,8,3,5,2,0,4,9,4,7,9,9,8,10,4,3,6,2,9,1,5,2,6,4,0,8,9,10,6,9,2,8,8,2,9,5,0,6,0,10,8,1,7,0,0,0,0,0,5,7,1,2,3,6,7,1,10,3
n100,8,9,10,0,10,8,8,10,3,0,6,3,4,1,0,7,3,4,1,9,2,6,0,2,7,6,1,3,10,10,0,1,8,8,3,5,2,4,4,9,4,7,9,9,8,10,4,3,3,2,9,1,5,2,6,0,0,8,9,10,6,9,2,8,8,2,0,5,0,6,8,10,5,1,7,0,0,0,10,0,5,7,1,2,3,6,7,1,10,3
n99,8,9,10,0,10,8,0,10,3,0,6,3,4,1,0,7,3,4,1,9,2,6,0,0,7,6,1,3,10,10,0,1,8,8,3,5,2,4,4,9,4,7,9,9,8,10,4,3,3,2,9,1,5,2,6,10,0,8,9,10,6,9,2,8,8,2,3,5,1,6,5,10,5,1,7,0,0,0,0,0,5,7,1,2,3,6,7,1,10,3
n108,8,9,10,0,0,0,2,10,3,0,0,2,5,0,0,7,3,4,4,0,0,6,0,7,7,6,1,3,0,0,10,1,8,8,3,5,2,0,4,9,4,7,9,9,10,10,4,5,0,9,9,1,0,2,6,8,7,3,10,10,6,9,2,8,10,2,5,5,9,0,6,10,1,1,7,9,0,10,0,6,8,7,1,2,3,6,7,10,1,3
n107,8,9,10,0,0,0,2,10,3,0,0,2,5,0,0,7,3,4,4,0,0,6,0,7,7,6,1,3,0,0,10,1,8,8,3,5,2,7,4,9,4,7,9,9,0,10,4,5,0,0,9,1,0,2,6,8,7,1,10,10,6,9,2,8,10,2,5,5,9,7,6,10,1,1,7,9,0,10,0,0,8,7,1,2,3,6,7,10,1,3
n110,8,9,10,0,0,3,2,10,3,8,8,2,5,0,0,7,3,4,4,0,0,6,0,7,7,6,1,3,0,0,10,1,8,8,3,5,2,10,4,9,4,7,9,9,0,10,4,5,0,0,9,1,0,2,6,8,7,0,8,10,6,9,2,8,10,2,5,5,9,6,6,10,1,1,7,9,0,10,0,0,8,7,1,2,3,6,7,10,0,3
n109,8,9,10,3,0,8,2,10,3,0,8,2,5,0,6,7,3,4,4,0,0,6,5,7,7,6,1,3,0,0,10,1,8,8,3,5,2,10,4,9,4,7,9,9,0,10,4,5,0,0,9,1,0,2,6,8,7,0,0,10,6,9,2,8,10,2,5,5,9,0,6,10,1,1,7,9,0,10,0,10,8,7,1,2,3,6,7,10,3,3
n114,8,9,10,7,0,0,2,10,3,7,1,2,7,7,0,7,3,4,4,0,0,6,0,7,7,6,1,3,0,1,10,1,8,8,3,5,2,2,4,9,4,7,9,9,1,10,4,5,0,0,9,1,0,2,6,8,7,10,3,10,6,9,2,8,5,2,5,5,9,10,6,10,1,1,7,9,8,10,0,9,8,7,1,2,3,6,7,10,9,3
n113,8,9,10,7,0,0,2,10,3,0,0,2,0,7,0,7,3,4,4,0,0,6,9,7,7,6,1,3,0,1,10,1,8,8,3,5,2,2,4,9,4,7,9,9,1,10,4,5,0,0,9,1,0,2,6,8,7,10,2,10,6,9,2,8,5,2,5,5,9,10,6,10,1,1,7,9,8,10,0,9,8,7,1,2,3,6,7,10,9,3
n116,8,9,10,0,0,0,2,10,3,0,0,2,0,7,0,7,3,4,4,0,9,6,10,7,7,6,1,3,0,1,10,1,8,8,3,5,2,0,4,9,4,7,9,9,0,10,4,5,0,10,9,1,1,2,6,8,7,0,0,10,6,9,2,8,5,2,5,5,9,10,6,10,1,1,7,9,0,10,0,9,8,7,1,2,3,6,7,10,9,3
n115,8,9,10,0,0,8,2,10,3,0,0,2,0,7,2,7,3,4,4,0,0,6,10,7,7,6,1,3,0,1,10,1,8,8,3,5,2,0,4,9,4,7,9,9,0,10,4,5,7,10,9,1,1,2,6,8,7,0,3,10,6,9,2,8,5,2,5,5,9,10,6,10,1,1,7,9,0,10,0,9,8,7,1,2,3,6,7,10,9,3
n122,8,9,10,0,4,0,2,10,3,0,5,8,10,0,0,7,3,4,4,1,10,6,5,7,7,6,1,3,1,0,10,1,8,8,3,5,2,6,4,9,4,7,9,9,0,10,4,5,0,0,9,1,0,2,6,8,0,10,0,10,6,9,2,8,0,2,6,5,9,0,6,10,9,1,7,9,9,10,0,0,9,7,1,2,3,6,7,10,1,3
n121,8,9,10,0,0,0,2,10,3,0,0,8,10,0,0,7,3,4,4,1,0,6,5,7,7,6,1,3,1,2,10,1,8,8,3,5,2,6,4,9,4,7,9,9,0,10,4,5,3,0,9,1,0,2,6,8,0,0,0,10,6,9,2,8,0,2,6,5,9,0,6,10,9,1,7,9,9,10,0,0,9,7,1,2,3,6,7,10,1,3
n124,8,9,10,0,0,0,2,10,3,0,9,0,10,0,9,7,3,4,4,2,0,6,4,7,7,6,1,3,1,9,10,1,8,8,3,5,2,6,4,9,4,7,9,9,0,10,4,5,0,0,9,1,6,2,6,8,0,1,0,10,6,9,2,8,0,2,6,5,9,0,6,10,9,1,7,9,8,10,0,0,8,7,1,2,3,6,7,10,0,3
n123,8,9,10,0,0,0,2,10,3,0,9,0,10,0,9,7,3,4,4,2,3,6,4,7,7,6,1,3,1,9,10,1,8,8,3,5,2,6,4,9,4,7,9,9,0,10,4,5,0,0,9,1,6,2,6,8,8,8,0,10,6,9,2,8,0,2,6,5,9,0,6,10,9,1,7,9,8,10,0,0,0,7,1,2,3,6,7,10,0,3
n128,8,9,10,0,0,0,2,10,3,4,0,0,10,9,0,7,3,4,4,0,0,6,8,7,7,6,1,3,1,0,10,1,8,8,3,5,2,6,4,9,4,7,9,9,0,10,4,5,1,0,9,1,1,2,6,8,0,0,0,10,6,9,2,8,10,2,0,5,9,1,6,10,9,1,7,9,0,10,0,0,0,7,1,2,3,6,7,10,0,3
n127,8,9,10,0,5,0,2,10,3,4,0,0,10,0,0,7,3,4,4,0,0,6,0,7,7,6,1,3,1,0,10,1,8,8,3,5,2,6,4,9,4,7,9,9,0,10,4,5,0,0,9,1,1,2,6,8,0,0,0,10,6,9,2,8,10,2,0,5,9,1,6,10,9,1,7,9,3,10,0,1,0,7,1,2,3,6,7,10,0,3
n130,8,9,10,7,0,0,2,10,3,4,0,5,10,0,0,7,3,4,4,0,0,6,0,7,7,6,1,3,1,0,10,1,8,8,3,5,2,6,4,9,4,7,9,9,0,10,4,5,0,0,9,1,1,2,6,8,0,4,0,10,6,9,2,8,0,2,10,5,9,1,6,10,9,1,7,9,0,10,0,0,0,7,1,2,3,6,7,10,0,3
n129,8,9,10,0,0,0,2,10,3,4,0,0,10,4,0,7,3,4,4,0,0,6,0,7,7,6,1,3,1,0,10,1,8,8,3,5,2,6,4,9,4,7,9,9,0,10,4,5,0,0,9,1,1,2,6,8,10,0,0,10,6,9,2,8,0,2,0,5,9,1,6,10,9,1,7,9,0,10,0,0,0,7,1,2,3,6,7,10,0,3
n142,2,9,10,2,0,4,9,10,0,5,2,4,7,4,10,7,4,4,3,0,8,6,6,0,1,6,1,3,0,0,5,1,8,10,4,5,8,3,4,4,4,0,9,8,4,10,10,0,4,8,7,0,5,2,6,10,7,4,7,10,6,3,2,0,10,2,6,9,3,8,0,10,5,1,0,0,3,0,8,7,8,3,1,0,0,6,0,6,7,3
n141,0,9,10,2,0,4,9,10,0,5,2,4,7,4,10,7,4,4,0,0,8,6,6,8,1,6,1,3,0,0,0,1,8,10,4,5,8,3,4,4,4,0,9,8,4,10,10,0,4,8,7,0,5,2,6,10,7,4,7,10,6,3,2,4,10,2,6,9,3,8,0,10,5,1,0,0,3,0,8,7,8,3,1,0,0,6,4,6,7,3
n144,8,9,0,2,0,4,9,10,0,5,2,4,7,4,10,7,4,4,0,4,8,6,6,0,1,6,1,3,2,0,0,1,8,10,4,5,8,3,4,4,4,0,9,8,4,10,10,1,4,8,7,0,5,2,6,0,7,4,7,10,6,3,2,0,10,2,6,9,3,8,0,10,5,1,0,0,3,9,8,7,8,3,1,0,0,6,0,6,7,3
n143,8,9,9,2,0,4,9,10,0,5,2,4,7,4,10,7,4,4,0,4,8,6,6,0,1,6,1,3,2,2,0,1,8,10,4,5,8,3,4,4,4,0,9,8,4,10,10,0,4,8,7,0,5,2,6,0,7,4,7,10,6,3,2,0,0,2,6,9,3,8,0,10,5,1,0,0,3,0,8,7,8,3,1,10,0,6,0,6,7,3
n148,0,9,3,2,0,4,9,10,4,5,2,4,7,4,10,7,4,4,3,2,8,6,6,9,1,6,1,3,0,0,0,1,8,10,4,5,8,3,4,4,4,0,9,0,4,10,10,0,4,8,7,6,0,2,6,5,7,4,0,10,6,3,2,0,0,2,6,9,3,8,10,10,5,1,0,0,3,6,8,1,8,3,1,0,0,6,0,0,7,3
n147,0,9,3,2,0,4,9,10,4,5,2,4,7,4,10,7,4,4,7,2,8,6,6,0,1,6,1,3,0,0,0,1,8,10,4,5,8,3,4,4,4,0,9,3,4,10,10,3,4,8,7,6,0,2,6,5,7,4,0,10,6,3,2,0,10,2,6,9,3,8,0,10,5,1,0,8,3,6,8,0,8,3,1,0,5,6,0,0,7,3
n150,0,9,3,2,0,4,9,10,5,5,2,4,7,4,10,7,4,4,6,2,8,6,6,0,1,6,1,3,2,0,10,1,8,10,4,5,8,3,4,4,4,4,9,0,4,10,10,0,4,8,7,1,0,2,6,0,7,4,0,10,6,3,2,0,0,2,6,9,3,8,1,10,5,1,10,0,3,0,8,0,8,3,1,2,1,6,1,4,7,3
n149,0,9,3,2,0,4,9,10,5,5,2,4,7,4,10,7,4,4,6,2,8,6,6,0,1,6,1,3,0,0,0,1,8,10,4,5,8,3,4,4,4,0,9,0,4,10,10,7,4,8,7,1,0,2,6,0,7,4,0,10,6,3,2,0,0,2,6,9,3,8,1,10,5,1,0,0,3,0,8,0,8,3,1,2,1,6,8,0,7,3
n156,0,9,1,2,6,4,9,10,0,0,2,4,7,10,10,7,4,4,6,0,8,6,6,2,1,6,1,3,8,10,2,1,8,10,2,5,0,3,4,4,4,0,9,6,4,10,10,0,4,2,10,6,10,2,6,3,7,4,4,10,6,3,2,0,6,2,6,9,3,8,6,10,5,1,0,4,3,4,8,10,8,3,1,0,2,6,5,1,0,3
n155,0,9,1,2,6,4,9,10,0,10,2,4,7,10,10,7,4,4,6,4,8,6,6,2,1,6,1,3,8,10,2,1,8,10,0,5,0,3,4,4,4,0,9,6,4,10,10,0,4,2,10,6,10,2,6,3,7,4,0,10,6,3,2,0,6,2,6,9,3,8,0,10,5,1,0,4,3,4,8,3,8,3,1,0,2,6,0,1,0,3
n158,8,9,1,2,6,4,9,10,0,2,2,4,7,10,10,7,4,4,0,10,8,6,6,2,1,6,1,3,2,10,2,1,8,10,5,5,0,3,4,4,4,7,9,0,4,10,10,0,4,2,10,6,10,2,6,3,7,4,0,10,6,3,2,0,6,2,6,9,3,8,0,10,5,1,0,0,3,0,8,0,8,3,1,6,0,6,10,1,1,3
n157,8,9,1,2,6,4,9,10,0,2,2,4,7,10,10,7,4,4,0,10,8,6,6,2,1,6,1,3,2,10,2,1,8,10,0,5,0,3,4,4,4,0,9,0,4,10,10,0,4,2,10,6,10,2,6,3,7,4,0,10,6,3,2,0,6,2,6,9,3,8,0,10,5,1,0,0,3,0,8,5,8,3,1,0,0,6,10,1,0,3
n162,0,9,1,2,10,4,9,10,5,6,2,4,7,8,10,7,4,4,10,0,8,6,6,2,1,6,1,3,0,1,0,1,8,10,0,5,0,3,4,4,4,6,9,0,4,10,10,0,4,2,0,6,0,2,6,3,7,4,0,10,6,3,2,7,6,2,6,9,3,8,0,10,5,1,8,1,3,5,8,0,8,3,1,8,3,6,8,1,0,3
n161,0,9,1,2,10,4,9,10,5,6,2,4,7,8,10,7,4,4,10,0,8,6,6,2,1,6,1,3,0,1,0,1,8,10,8,5,0,3,4,4,4,6,9,0,4,10,10,0,4,2,0,6,10,2,6,3,7,4,0,10,6,3,2,7,6,2,6,9,3,8,0,10,5,1,8,1,3,5,8,0,8,3,1,0,3,6,0,1,0,3
n164,6,9,1,2,0,4,9,10,0,6,2,4,7,8,10,7,4,4,0,0,8,6,6,2,1,6,1,3,0,0,0,1,8,10,0,5,0,3,4,4,4,0,9,0,4,10,10,0,4,2,0,6,7,2,6,3,7,4,0,10,6,3,2,0,6,2,6,9,3,8,4,10,5,1,8,1,3,5,8,0,8,3,1,0,0,6,0,1,8,3
n163,6,9,1,2,0,4,9,10,8,6,2,4,7,8,10,7,4,4,0,0,8,6,6,2,1,6,1,3,0,0,0,1,8,10,2,5,0,3,4,4,4,0,9,0,4,10,10,0,4,2,0,6,1,2,6,3,7,4,0,10,6,3,2,0,6,2,6,9,3,8,0,10,5,1,8,1,3,5,8,0,8,3,1,0,0,6,0,1,8,3
n172,0,9,4,2,0,4,9,10,5,8,2,4,7,4,10,7,0,0,4,0,8,6,0,0,10,6,1,3,0,1,9,1,8,10,0,5,0,3,4,4,4,2,9,5,4,10,10,9,4,4,0,1,0,2,6,10,7,7,7,10,6,3,2,2,7,2,0,9,3,0,4,10,10,1,3,10,3,3,6,5,6,3,1,2,0,6,2,0,6,3
n171,0,9,4,2,5,4,9,10,5,8,2,4,7,0,10,7,0,0,4,0,8,6,0,0,10,6,1,3,0,0,9,1,8,10,0,5,0,3,4,4,4,5,9,5,4,10,10,9,4,0,0,1,0,2,6,10,7,7,7,10,6,3,2,2,7,2,0,9,3,0,4,10,10,1,3,10,3,3,6,5,6,3,1,2,0,6,2,0,6,3
n174,0,9,4,2,0,4,9,10,5,8,2,4,7,3,10,7,2,0,4,0,8,6,0,1,10,6,1,3,2,0,0,1,8,10,0,5,0,3,4,4,4,0,9,5,4,10,10,9,4,0,1,1,0,2,6,10,7,7,7,10,6,3,2,0,7,2,0,9,3,4,0,10,10,1,0,10,3,3,6,5,6,3,1,2,0,6,2,8,0,3
n173,2,9,4,2,9,4,9,10,5,8,2,4,7,0,10,7,2,0,4,0,8,6,0,0,10,6,1,3,0,0,0,1,8,10,1,5,4,3,4,4,4,0,9,5,4,10,10,9,4,8,0,1,0,2,6,10,7,7,7,10,6,3,2,0,7,2,3,9,3,4,4,10,10,1,0,10,3,3,6,5,6,3,1,2,0,6,2,8,0,3
n178,0,9,4,2,0,4,9,10,0,8,2,4,7,3,10,7,0,0,6,3,8,6,0,5,10,6,1,3,9,6,0,1,8,10,9,5,10,3,4,4,4,7,9,5,4,10,10,9,4,9,2,1,1,2,6,10,7,7,7,10,6,3,2,7,7,2,4,9,3,0,3,10,10,1,1,10,3,0,0,0,6,3,1,0,0,6,0,0,0,3
n177,0,9,4,2,0,4,9,10,0,8,2,4,7,0,10,7,0,0,6,3,8,6,0,5,10,6,1,3,0,0,6,1,8,10,9,5,10,3,4,4,4,7,9,5,4,10,10,9,4,9,2,1,1,2,6,10,7,7,7,10,6,3,2,7,7,2,4,9,3,0,3,10,10,1,4,10,3,0,0,9,6,3,1,0,0,6,0,0,0,3
n180,0,9,4,2,0,4,9,10,0,8,2,4,7,3,10,7,0,2,0,3,8,6,7,0,10,6,1,3,0,3,0,1,8,10,3,5,0,3,4,4,4,7,9,5,4,10,10,9,4,9,2,1,0,2,6,10,7,7,7,10,6,3,2,7,7,2,0,9,3,0,3,10,10,1,0,10,3,0,7,0,6,3,1,6,0,6,6,9,4,3
n179,0,9,4,2,0,4,9,10,0,8,2,4,7,3,10,7,0,2,0,3,8,6,7,0,10,6,1,3,2,3,0,1,8,10,0,5,0,3,4,4,4,7,9,5,4,10,10,9,4,9,2,1,0,2,6,10,7,7,7,10,6,3,2,7,7,2,2,9,3,0,3,10,10,1,0,10,3,0,7,0,6,3,1,0,4,6,6,0,8,3
n186,0,9,4,2,7,4,9,10,0,8,2,4,7,3,10,7,3,0,1,0,8,6,2,0,10,6,1,3,0,1,4,1,8,10,1,5,2,3,4,4,4,4,9,3,4,10,10,9,4,7,8,1,0,2,6,0,7,0,7,10,6,3,2,5,7,2,0,9,3,0,7,10,10,1,0,10,3,0,6,2,0,3,1,0,0,6,0,7,10,3
n185,0,9,4,2,9,4,9,10,0,8,2,4,7,0,10,7,0,0,1,0,8,6,2,0,10,6,1,3,3,1,4,1,8,10,1,5,2,3,4,4,4,4,9,3,4,10,10,9,4,7,8,1,2,2,6,0,7,0,7,10,6,3,2,5,7,2,0,9,3,0,0,10,10,1,5,10,3,4,6,2,0,3,1,9,10,6,0,0,10,3
n188,1,9,4,2,2,4,9,10,0,8,2,4,7,0,10,7,6,0,1,5,8,6,2,0,10,6,1,3,0,0,4,1,8,10,1,5,0,3,4,4,4,0,9,3,4,10,10,9,4,7,8,1,0,2,6,0,7,0,7,10,6,3,2,5,7,2,3,9,3,0,7,10,10,1,0,10,3,9,6,0,0,3,1,0,0,6,0,6,10,3
n187,0,9,4,2,2,4,9,10,0,8,2,4,7,0,10,7,0,0,1,5,8,6,2,0,10,6,1,3,0,0,4,1,8,10,1,5,6,3,4,4,4,0,9,3,4,10,10,9,4,7,8,1,0,2,6,8,7,0,7,10,6,3,2,5,7,2,3,9,3,2,0,10,10,1,0,10,3,0,6,10,0,3,1,0,0,6,0,6,10,3
n192,0,9,4,2,0,4,9,10,1,8,2,4,7,5,10,7,3,5,3,0,8,6,4,0,10,6,1,3,10,5,0,1,8,10,3,5,0,3,4,4,4,0,9,0,4,10,10,9,4,7,0,1,0,2,6,0,7,9,7,10,6,3,2,4,7,2,0,9,3,7,8,10,10,1,5,10,3,0,6,1,0,3,1,0,0,6,10,3,10,3
n191,0,9,4,2,0,4,9,10,1,8,2,4,7,3,10,7,0,0,3,0,8,6,0,0,10,6,1,3,10,5,0,1,8,10,3,5,0,3,4,4,4,0,9,0,4,10,10,9,4,7,0,1,0,2,6,0,7,9,7,10,6,3,2,4,7,2,0,9,3,7,8,10,10,1,5,10,3,4,6,1,0,3,1,0,0,6,10,3,10,3
n194,0,9,4,2,9,4,9,10,1,8,2,4,7,8,10,7,0,0,3,0,8,6,7,0,10,6,1,3,1,5,3,1,8,10,0,5,0,3,4,4,4,0,9,0,4,10,10,9,4,7,4,1,5,2,6,0,7,9,7,10,6,3,2,4,7,2,0,9,3,7,6,10,10,1,5,10,3,0,6,0,4,3,1,0,0,6,0,3,10,3
n193,0,9,4,2,9,4,9,10,1,8,2,4,7,0,10,7,0,0,3,0,8,6,0,0,10,6,1,3,1,0,0,1,8,10,0,5,0,3,4,4,4,0,9,0,4,10,10,9,4,7,3,1,5,2,6,0,7,9,7,10,6,3,2,4,7,2,0,9,3,7,0,10,10,1,5,10,3,0,6,10,4,3,1,0,0,6,0,3,10,3
n204,0,9,0,6,0,4,9,10,9,10,7,4,0,1,10,7,4,0,9,9,3,6,0,3,0,6,1,3,4,3,4,1,3,0,0,5,4,3,4,4,4,4,9,4,1,10,10,2,0,0,0,0,8,2,6,0,7,3,8,10,6,1,2,9,7,2,4,9,4,2,8,10,0,1,3,0,3,3,4,0,6,3,1,3,6,6,0,10,3,3
n203,0,9,0,0,0,4,9,10,9,10,7,4,0,1,10,7,4,0,0,9,3,6,0,3,0,6,1,3,4,3,4,1,3,0,0,5,4,3,4,4,4,4,9,0,1,10,10,2,2,0,9,0,8,2,6,0,7,3,8,10,6,1,2,9,0,2,4,9,4,2,8,10,0,1,3,0,3,3,4,0,6,3,1,3,6,6,0,10,3,3
n206,0,9,0,0,7,4,9,10,9,10,7,4,0,1,10,7,4,7,0,6,7,6,7,3,0,6,1,3,4,3,4,1,3,0,1,5,4,3,4,4,4,4,9,0,1,10,10,2,0,3,0,0,8,2,6,0,7,3,5,10,6,0,2,9,0,2,4,9,4,2,8,10,0,1,3,3,3,3,4,0,6,3,1,3,6,6,0,10,0,3
n205,0,9,7,0,7,4,9,10,9,10,7,4,0,1,10,7,4,0,0,0,0,6,7,3,0,6,1,3,4,3,4,1,3,0,0,5,4,3,4,4,4,4,9,10,1,10,10,2,0,3,0,0,8,2,6,0,7,3,0,10,6,0,2,9,0,2,4,9,4,2,8,10,0,1,3,0,3,3,4,0,6,3,1,3,6,6,0,10,0,3
n210,0,9,4,0,0,4,9,10,9,10,7,4,0,4,10,7,0,0,8,0,9,6,5,3,0,6,1,3,4,3,4,1,7,0,6,5,4,3,4,4,4,3,9,6,1,10,10,2,7,0,0,0,8,2,6,0,7,3,0,10,6,0,2,9,0,2,0,9,4,2,8,10,0,1,0,5,3,0,4,10,6,3,1,0,6,6,10,6,10,3
n209,10,9,4,0,0,4,9,10,9,10,7,4,0,4,10,7,0,0,8,9,9,6,5,3,0,6,1,3,4,3,4,1,7,0,6,5,4,3,4,4,4,3,9,6,1,10,10,2,7,0,0,0,8,2,6,0,7,3,0,10,6,0,2,9,0,2,0,9,4,2,8,10,1,1,4,5,3,0,4,0,6,3,1,0,6,6,10,6,10,3
n212,0,9,1,0,0,4,9,10,9,1,7,4,0,1,10,7,7,0,8,0,0,6,0,3,9,6,1,3,4,3,4,1,1,2,6,5,4,3,4,4,4,6,9,6,1,10,10,2,7,0,0,0,8,2,6,2,7,3,4,10,6,6,2,9,0,2,0,9,4,2,8,10,0,1,7,0,3,0,4,1,6,3,1,0,6,6,0,6,8,3
n211,0,9,1,6,0,4,9,10,9,5,7,4,0,1,10,7,7,5,8,0,0,6,3,3,0,6,1,3,4,3,4,1,1,2,6,5,4,3,4,4,4,0,9,6,1,10,10,2,7,0,0,0,8,2,6,2,7,3,4,10,6,0,2,9,0,2,0,9,4,2,8,10,0,1,0,0,3,7,4,0,6,3,1,0,6,6,6,6,8,3
n218,0,9,8,9,8,4,9,10,9,7,7,4,7,9,10,7,8,0,0,10,5,6,0,9,3,6,1,3,4,3,4,1,0,2,0,5,4,3,4,4,4,8,9,5,1,10,10,2,4,5,6,2,8,2,6,0,7,3,7,10,6,0,2,0,0,2,0,9,4,0,8,10,3,1,0,8,3,3,10,0,6,3,1,9,6,6,0,7,2,3
n217,9,9,8,9,8,4,9,10,9,0,7,4,7,9,10,7,0,0,0,10,5,6,0,4,8,6,1,3,4,3,4,1,8,2,0,5,4,3,4,4,4,8,9,5,1,10,10,2,0,5,6,0,8,2,6,8,7,3,7,10,6,10,2,0,0,2,0,9,4,0,8,10,0,1,0,8,3,3,10,7,6,3,1,9,6,6,4,0,2,3
n220,9,9,8,0,8,4,9,10,9,3,7,4,10,9,10,7,0,0,3,3,5,6,0,10,0,6,1,3,4,3,4,1,5,2,0,5,4,3,4,4,4,8,9,5,1,10,10,2,0,0,0,0,8,2,6,1,7,3,7,10,6,0,2,0,0,2,1,9,4,0,8,10,0,1,10,8,3,3,10,0,6,3,1,9,6,6,0,0,2,3
n219,0,9,8,0,8,4,9,10,9,0,7,4,0,9,10,7,0,0,3,3,5,6,1,10,0,6,1,3,4,3,4,1,0,2,0,5,4,3,4,4,4,8,9,5,1,10,10,2,0,0,0,0,8,2,6,1,7,3,7,10,6,0,2,0,0,2,0,9,4,0,8,10,0,1,0,8,3,3,10,0,6,3,1,9,6,6,0,0,2,3
n224,0,9,8,0,0,4,9,10,9,0,7,4,0,9,10,7,6,0,2,0,3,6,9,5,2,6,1,3,4,3,4,1,0,0,8,5,4,3,4,4,4,8,9,9,1,10,10,0,0,2,1,0,8,2,6,5,7,3,1,10,6,0,2,0,0,2,0,9,4,0,8,10,0,1,2,7,3,0,3,1,6,3,1,1,6,6,5,9,2,3
n223,0,9,8,0,0,4,9,10,9,10,7,4,0,9,10,7,6,0,2,0,0,6,0,5,1,6,1,3,4,3,4,1,0,0,8,5,4,3,4,4,4,8,9,9,1,10,10,8,7,2,0,4,8,2,6,0,7,3,1,10,6,0,2,0,0,2,0,9,4,10,8,10,9,1,2,0,3,0,3,1,6,3,1,1,6,6,5,0,2,3
n226,0,9,8,0,0,4,9,10,9,0,7,4,6,9,10,7,6,0,2,0,0,6,0,5,9,6,1,3,4,3,4,1,0,7,0,5,4,3,4,4,4,8,9,9,1,10,10,0,3,2,0,2,8,2,6,1,7,3,1,10,6,0,2,3,10,2,3,9,4,0,8,10,0,1,9,0,3,2,0,1,6,3,1,0,6,6,0,0,2,3
n225,0,9,8,0,0,4,9,10,9,0,7,4,6,9,10,7,6,0,2,0,0,6,0,5,0,6,1,3,4,3,4,1,0,0,0,5,4,3,4,4,4,8,9,9,1,10,10,0,3,2,0,2,8,2,6,3,7,3,1,10,6,0,2,0,10,2,3,9,4,0,8,10,0,1,9,0,3,0,0,1,6,3,1,0,6,6,1,0,2,3
n234,0,9,2,3,7,4,9,10,9,8,7,4,4,0,10,7,0,0,0,1,2,6,0,1,0,6,1,3,1,3,4,1,0,8,0,5,4,3,4,4,4,3,9,0,1,10,10,0,3,10,0,7,8,2,6,0,7,0,7,10,6,6,2,3,4,2,0,9,4,4,0,10,0,1,5,9,3,3,0,5,6,3,1,6,0,6,0,0,4,3
n233,0,9,2,3,7,4,9,10,9,8,7,4,0,0,10,7,0,0,0,1,0,6,0,1,0,6,1,3,1,3,4,1,1,8,6,5,4,3,4,4,4,3,9,0,1,10,10,0,3,6,0,7,8,2,6,0,7,5,7,10,6,6,2,3,4,2,0,9,4,4,0,10,0,1,5,9,3,3,8,0,6,3,1,6,0,6,8,1,0,3
n236,3,9,2,3,7,4,9,10,9,8,7,4,0,0,10,7,10,0,2,1,0,6,0,1,9,6,1,3,1,3,4,1,0,8,0,5,4,3,4,4,4,3,9,7,1,10,10,3,3,1,1,0,8,2,6,9,7,1,7,10,6,6,2,0,4,2,8,9,4,4,10,10,8,1,5,9,3,4,0,0,6,3,1,6,0,6,0,0,3,3
n235,6,9,2,3,7,4,9,10,9,8,7,4,0,0,10,7,0,2,0,1,6,6,0,1,0,6,1,3,1,3,4,1,0,8,0,5,4,3,4,4,4,3,9,0,1,10,10,0,3,0,0,0,8,2,6,9,7,1,7,10,6,6,2,0,4,2,8,9,4,4,5,10,8,1,5,9,3,0,10,0,6,3,1,6,0,6,0,0,0,3
n240,10,9,2,3,7,4,9,10,9,0,7,4,10,4,10,7,4,0,3,1,0,6,3,1,5,6,1,3,1,3,4,1,4,8,8,5,4,3,4,4,4,3,9,0,1,10,10,0,3,0,0,0,8,2,6,0,7,0,7,10,6,6,2,0,4,2,0,9,4,4,10,10,8,1,5,9,3,3,0,0,6,3,1,6,8,6,0,7,1,3
n239,0,9,2,3,7,4,9,10,9,5,7,4,0,4,10,7,0,0,3,1,5,6,3,1,5,6,1,3,1,3,4,1,4,8,4,5,4,3,4,4,4,3,9,0,1,10,10,0,3,8,0,0,8,2,6,0,7,0,7,10,6,6,2,10,4,2,0,9,4,4,10,10,8,1,5,9,3,3,0,0,6,3,1,6,8,6,0,7,1,3
n242,0,9,2,3,7,4,9,10,9,0,7,4,0,0,10,7,0,3,1,1,0,6,0,1,0,6,1,3,1,3,4,1,4,8,0,5,4,3,4,4,4,3,9,0,1,10,10,3,3,0,0,0,8,2,6,0,7,0,7,10,6,6,2,6,4,2,0,9,4,4,10,10,0,1,5,9,3,3,4,3,6,3,1,6,8,6,0,7,1,3
n241,0,9,2,3,7,4,9,10,9,0,7,4,0,0,10,7,10,3,1,1,0,6,0,1,0,6,1,3,1,3,4,1,4,8,10,5,4,3,4,4,4,3,9,0,1,10,10,0,3,0,0,0,8,2,6,0,7,0,7,10,6,6,2,0,4,2,0,9,4,4,10,10,0,1,5,9,3,3,4,0,6,3,1,6,8,6,0,7,1,3
n248,9,9,0,0,0,4,9,10,9,2,7,4,4,4,10,7,3,2,0,1,5,6,10,0,1,6,1,3,1,3,4,1,3,5,9,5,4,3,4,4,4,8,9,0,1,10,10,0,3,0,0,3,8,2,6,10,7,0,7,10,6,0,2,0,4,2,8,9,4,6,8,10,5,1,5,9,3,0,3,0,6,3,1,6,0,6,4,2,0,3
n247,0,9,0,0,0,4,9,10,9,2,7,4,4,4,10,7,0,2,0,1,5,6,10,0,1,6,1,3,1,3,4,1,3,5,9,5,4,3,4,4,4,8,9,0,1,10,10,0,3,0,0,3,8,2,6,10,7,8,7,10,6,0,2,0,4,2,8,9,4,6,8,10,5,1,5,9,3,0,3,0,6,3,1,6,0,6,4,2,1,3
n250,0,9,0,0,0,4,9,10,9,2,7,4,4,4,10,7,0,7,0,1,5,6,10,0,0,6,1,3,1,3,4,1,3,5,9,5,4,3,4,4,4,8,9,5,1,10,10,8,3,3,0,3,8,2,6,10,7,2,7,10,6,0,2,0,4,2,8,9,4,6,8,10,5,1,5,9,3,0,3,10,6,3,1,6,0,6,4,9,9,3
n249,0,9,0,0,6,4,9,10,9,2,7,4,4,4,10,7,0,7,2,1,5,6,10,0,0,6,1,3,1,3,4,1,3,5,9,5,4,3,4,4,4,8,9,5,1,10,10,8,3,3,0,3,8,2,6,10,7,2,7,10,6,0,2,0,4,2,8,9,4,6,8,10,5,1,5,9,3,0,3,0,6,3,1,6,0,6,4,0,9,3
n254,10,9,10,0,0,4,9,10,9,2,7,4,0,0,10,7,4,4,0,1,5,6,10,0,0,6,1,3,1,3,4,1,4,0,0,5,4,3,4,4,4,6,9,2,1,10,10,0,3,6,7,0,8,2,6,2,7,0,7,10,6,1,2,8,4,2,0,9,4,0,5,10,5,1,5,9,3,1,0,0,6,3,1,6,2,6,6,3,0,3
n253,0,9,10,0,0,4,9,10,9,2,7,4,0,0,10,7,4,4,10,1,5,6,10,0,0,6,1,3,1,3,4,1,4,4,1,5,4,3,4,4,4,0,9,2,1,10,10,0,3,0,7,0,8,2,6,2,7,0,7,10,6,0,2,4,4,2,0,9,4,0,5,10,5,1,5,9,3,1,5,0,6,3,1,6,2,6,9,3,0,3
n256,0,9,10,0,0,4,9,10,9,2,7,4,7,0,10,7,4,4,0,1,5,6,10,0,0,6,1,3,1,3,4,1,4,0,0,5,4,3,4,4,4,0,9,2,1,10,10,0,3,0,0,0,8,2,6,0,7,7,7,10,6,0,2,0,4,2,0,9,4,0,5,10,5,1,5,9,3,1,9,0,6,3,1,6,2,6,5,3,6,3
n255,0,9,10,0,1,4,9,10,9,2,7,4,0,0,10,7,4,4,10,1,5,6,10,0,0,6,1,3,1,3,4,1,4,0,0,5,4,3,4,4,4,0,9,2,1,10,10,0,3,0,0,0,8,2,6,0,7,7,7,10,6,0,2,0,4,2,9,9,4,0,5,10,5,1,5,9,3,1,0,8,6,3,1,6,2,6,5,3,6,3
n270,0,9,4,1,0,0,9,10,10,10,3,10,0,10,3,0,8,9,3,7,1,6,4,4,0,0,8,0,5,0,0,1,1,5,3,5,6,8,4,0,4,1,9,9,0,10,9,0,6,0,2,6,4,5,0,4,2,9,0,8,6,9,2,0,5,2,8,7,4,1,3,0,0,4,0,5,0,3,0,8,0,0,1,2,4,6,7,2,4,3
n269,0,9,4,1,0,0,9,10,10,10,3,10,0,10,3,0,8,9,3,7,0,6,4,4,0,0,8,0,5,0,0,1,1,5,10,5,0,8,4,0,4,1,9,9,0,10,9,0,6,0,2,6,4,5,3,4,2,9,0,8,6,9,2,0,5,2,8,7,4,1,3,0,0,4,0,5,0,3,0,8,0,0,1,2,4,6,7,2,4,3
n272,7,9,4,1,0,0,9,10,10,10,3,10,0,10,3,2,8,9,3,7,3,6,2,4,10,0,8,4,2,0,0,1,1,5,0,5,2,8,4,7,4,1,9,9,0,10,9,0,6,7,2,6,4,5,10,4,2,9,8,8,6,9,2,0,5,2,8,7,4,0,3,0,0,4,0,5,3,3,0,8,8,0,1,2,4,6,7,2,4,3
n271,0,9,4,1,0,0,9,10,10,10,3,10,0,10,3,2,8,9,3,7,0,6,0,4,0,0,8,4,0,6,0,1,1,5,0,5,2,8,4,0,4,1,9,9,0,10,9,0,6,7,2,6,4,5,0,4,2,9,8,8,6,9,2,9,5,2,8,7,4,0,3,0,0,4,9,5,3,3,0,8,8,0,1,2,4,6,7,2,4,3
n276,5,9,4,1,10,9,9,10,10,10,3,10,10,10,0,0,0,9,3,7,0,6,7,4,7,6,8,8,8,7,2,1,1,5,3,5,4,8,4,10,4,1,9,9,0,10,9,8,6,5,2,6,4,5,0,4,2,9,0,8,6,9,2,0,5,2,8,7,4,1,3,0,10,4,0,5,0,3,7,8,0,0,1,2,4,6,7,2,4,3
n275,0,9,4,1,10,9,9,10,10,10,3,10,0,10,0,0,0,9,3,7,4,6,7,4,7,6,8,8,7,7,2,1,1,5,0,5,4,8,4,10,4,1,9,9,0,10,9,0,6,5,2,6,4,5,0,4,2,9,0,8,6,9,2,0,5,2,8,7,4,1,3,0,10,4,0,5,6,3,7,8,0,1,1,2,4,6,7,2,4,3
n278,10,9,4,1,0,9,9,10,10,10,0,10,0,10,2,0,0,9,3,7,0,6,0,4,7,6,8,0,3,7,2,1,1,5,0,5,4,8,4,10,4,1,9,9,0,10,9,0,6,5,2,6,4,5,3,4,2,9,0,8,6,9,2,0,5,2,8,7,4,1,3,1,10,4,6,5,0,3,0,8,0,0,1,2,4,6,7,2,4,3
n277,0,9,4,1,0,9,9,10,10,10,0,10,0,10,2,0,0,9,3,7,0,6,0,4,7,6,8,0,3,7,2,1,1,5,3,5,4,8,4,10,4,1,9,9,0,10,9,0,6,5,2,6,4,5,3,4,2,9,0,8,6,9,2,0,5,2,8,7,4,1,3,1,10,4,0,5,8,3,0,8,0,0,1,2,4,6,7,2,4,3
n284,10,9,4,1,0,5,9,10,10,10,0,10,6,10,0,4,4,9,3,7,10,6,3,4,1,0,8,9,0,5,0,1,0,5,1,5,0,8,4,9,4,10,9,9,0,10,9,10,6,0,2,6,4,5,0,4,2,2,6,3,6,9,2,0,5,2,8,7,4,0,3,2,0,4,0,5,0,3,0,8,10,2,1,2,6,6,7,2,0,3
n283,10,9,4,1,0,5,9,10,10,10,0,10,6,10,0,0,4,9,3,7,10,6,3,4,1,0,8,9,0,5,0,1,0,5,1,5,0,8,4,9,4,10,9,9,0,10,9,10,6,0,2,6,4,5,0,4,2,2,6,0,6,9,2,0,5,2,8,7,4,0,3,2,0,4,0,5,0,3,0,8,10,2,1,2,6,6,7,2,0,3
n286,10,9,4,1,2,0,9,10,10,10,4,10,0,10,0,0,4,9,3,7,0,6,3,4,1,5,8,0,0,5,0,1,4,5,1,5,0,8,4,9,4,0,9,9,6,10,9,10,6,0,2,6,4,5,0,4,2,2,6,0,6,9,2,8,5,2,8,7,4,0,3,2,0,4,0,5,0,3,0,8,10,2,1,2,6,6,7,2,3,3
n285,10,9,4,1,2,0,9,10,10,10,4,10,0,10,0,5,4,9,3,7,0,6,3,4,1,5,8,0,0,5,4,1,0,5,1,5,0,8,4,9,4,0,9,9,6,10,9,10,6,7,2,6,4,5,0,4,2,2,6,9,6,9,2,0,5,2,8,7,4,0,3,2,0,4,0,5,0,3,0,8,10,2,1,2,6,6,7,2,0,3
n290,0,9,4,1,0,5,9,10,10,10,2,10,0,10,0,0,9,9,3,7,10,6,7,4,8,0,8,8,0,5,0,1,6,5,1,5,0,8,4,0,4,0,9,9,0,10,9,6,6,4,2,6,4,5,0,4,2,2,6,0,6,9,2,8,5,2,8,7,4,0,3,2,0,4,8,5,0,3,9,8,4,2,1,2,6,6,7,2,0,3
n289,0,9,4,1,0,5,9,10,10,10,2,10,0,10,0,0,9,9,3,7,10,6,0,4,8,0,8,8,0,5,4,1,6,5,1,5,0,8,4,0,4,0,9,9,0,10,9,0,6,4,2,6,4,5,0,4,2,2,0,0,6,9,2,8,5,2,8,7,4,0,3,2,8,4,8,5,0,3,9,8,4,2,1,2,6,6,7,2,0,3
n292,0,9,4,1,7,5,9,10,10,10,2,10,0,10,4,0,1,9,3,7,0,6,4,4,8,0,8,8,9,5,0,1,0,5,1,5,0,8,4,0,4,0,9,9,10,10,9,0,6,0,2,6,4,5,0,4,2,2,0,0,6,9,2,0,5,2,8,7,4,3,3,2,0,4,0,5,0,3,0,8,4,2,1,2,6,6,7,2,0,3
n291,0,9,4,1,7,5,9,10,10,10,2,10,0,10,4,0,0,9,3,7,0,6,0,4,8,3,8,8,9,5,0,1,0,5,1,5,0,8,4,0,4,8,9,9,0,10,9,0,6,0,2,6,4,5,0,4,2,2,0,6,6,9,2,0,5,2,8,7,4,0,3,2,3,4,0,5,0,3,0,8,4,2,1,2,6,6,7,2,0,3
n300,2,9,4,1,4,9,9,10,10,10,6,3,6,9,4,3,2,9,9,7,0,6,0,4,9,4,8,4,0,1,9,1,0,10,1,5,0,0,4,0,4,0,9,9,0,10,5,0,6,5,2,0,4,5,7,4,2,0,3,4,6,9,2,0,5,2,8,7,4,2,0,10,10,0,8,5,0,3,0,8,10,0,1,2,9,6,7,2,3,3
n299,2,9,4,1,4,3,9,10,10,10,6,3,6,9,4,3,2,9,9,7,0,6,0,4,9,0,8,4,8,1,9,1,0,10,1,5,0,7,4,0,4,0,9,9,0,10,5,0,6,5,2,0,4,5,7,4,2,0,3,4,6,9,2,0,5,2,8,7,4,2,0,10,10,0,8,5,9,3,4,8,10,0,1,2,9,6,7,2,3,3
n302,2,9,4,1,4,0,9,10,10,10,6,3,6,9,4,3,2,9,0,7,0,6,0,4,9,0,8,4,0,1,9,1,0,10,0,5,1,0,4,0,4,0,9,9,10,10,5,0,6,5,2,0,4,5,7,4,2,0,0,4,6,9,2,10,5,2,8,7,4,2,0,10,0,0,8,5,2,3,8,8,10,0,1,2,9,6,7,2,3,3
n301,2,9,4,1,4,0,9,10,10,10,6,3,6,9,4,3,2,9,0,7,0,6,0,4,9,0,8,4,0,1,9,1,2,10,0,5,2,0,4,0,4,0,9,9,0,10,5,4,6,5,2,0,4,5,7,4,2,0,0,4,6,9,2,0,5,2,8,7,4,2,8,10,0,0,8,5,0,3,0,8,10,0,1,2,9,6,7,2,3,3
n306,2,9,4,1,4,4,9,10,10,10,6,3,6,0,8,3,2,9,2,7,0,6,4,4,9,0,8,4,8,1,9,1,4,10,0,5,5,0,4,0,4,2,9,9,4,10,9,4,6,5,2,0,4,5,7,4,2,0,0,4,6,9,2,9,5,2,8,7,4,2,7,10,3,2,8,5,9,3,0,8,10,7,1,2,9,6,7,2,6,3
n305,2,9,4,1,4,4,9,10,10,10,6,3,6,0,8,3,2,9,2,7,0,6,4,4,9,0,8,4,8,1,9,1,4,10,0,5,5,0,4,0,4,2,9,9,4,10,0,0,6,5,2,0,4,5,7,4,2,0,0,4,6,9,2,9,5,2,8,7,4,2,7,10,0,2,8,5,9,3,0,8,10,7,1,2,9,6,7,2,6,3
n308,2,9,4,1,4,0,9,10,10,10,6,3,6,0,0,3,2,9,9,7,9,6,4,4,9,10,8,4,0,1,9,1,6,10,2,5,5,0,4,2,4,0,9,9,0,10,0,0,6,5,2,0,4,5,7,4,2,0,0,4,6,9,2,0,5,2,8,7,4,2,7,10,0,2,8,5,0,3,0,8,10,7,1,2,9,6,7,2,6,3
n307,2,9,4,1,4,3,9,10,10,10,6,3,6,7,2,3,2,9,0,7,0,6,4,4,9,10,8,4,0,1,9,1,0,10,0,5,5,0,4,2,4,8,9,9,4,10,0,0,6,5,2,3,4,5,7,4,2,3,0,4,6,9,2,0,5,2,8,7,4,2,7,10,0,2,8,5,0,3,10,8,10,7,1,2,9,6,7,2,6,3
n314,2,9,4,1,4,0,9,10,10,10,6,1,6,0,0,0,2,9,7,7,0,6,0,4,9,5,8,4,0,1,9,1,3,5,7,5,1,0,4,4,4,2,9,9,9,10,0,9,6,9,2,10,4,5,7,4,2,0,2,4,6,9,2,5,5,2,8,7,4,9,1,10,0,0,8,5,4,3,9,8,10,1,1,2,1,6,7,2,2,3
n313,2,9,4,1,4,0,9,10,10,10,6,1,6,0,2,8,2,9,7,7,3,6,0,4,9,5,8,4,0,1,9,1,3,5,7,5,1,0,4,4,4,0,9,9,9,10,0,9,6,9,2,10,4,5,7,4,2,6,2,4,6,9,2,5,5,2,8,7,4,9,1,10,1,4,8,5,4,3,9,8,10,1,1,2,1,6,7,2,0,3
n316,2,9,4,1,4,6,9,10,10,10,6,0,6,0,0,0,2,9,7,7,6,6,0,4,9,5,8,4,0,1,9,1,3,5,7,5,0,0,4,0,4,1,9,9,0,10,0,9,6,9,2,10,4,5,7,4,2,0,0,4,6,9,2,9,5,2,8,7,4,9,1,10,0,0,8,5,4,3,9,8,10,1,1,2,1,6,7,2,2,3
n315,2,9,4,1,4,0,9,10,10,10,6,0,6,0,6,0,2,9,7,7,6,6,0,4,9,5,8,4,0,1,9,1,3,5,7,5,0,9,4,0,4,0,9,9,0,10,0,9,6,9,2,10,4,5,7,4,2,0,0,4,6,9,2,0,5,2,8,7,4,9,1,10,0,5,8,5,4,3,9,8,10,1,1,2,1,6,7,2,2,3
n320,2,9,4,1,4,1,9,10,10,10,6,8,6,0,1,0,2,9,7,7,4,6,0,4,9,5,8,4,0,1,9,1,3,0,7,5,0,0,4,7,4,6,9,9,0,10,0,0,6,6,2,10,4,5,7,4,2,3,0,4,6,9,2,0,5,2,8,7,4,9,0,10,10,9,8,5,0,3,9,8,10,1,1,2,0,6,7,2,4,3
n319,2,9,4,1,4,1,9,10,10,10,6,8,6,0,1,0,2,9,7,7,4,6,2,4,9,5,8,4,0,1,9,1,3,0,7,5,8,0,4,7,4,6,9,9,0,10,0,0,6,6,2,10,4,5,7,4,2,3,0,4,6,9,2,0,5,2,8,7,4,9,0,10,10,9,8,5,0,3,9,8,10,1,1,2,0,6,7,2,0,3
n322,2,9,4,1,4,1,9,10,10,10,6,0,6,0,1,0,2,9,7,7,4,6,0,4,9,5,8,4,0,1,9,1,3,0,7,5,6,0,4,0,4,0,9,9,7,10,0,0,6,0,2,10,4,5,7,4,2,0,0,4,6,9,2,0,5,2,8,7,4,9,0,10,0,9,8,5,0,3,9,8,10,1,1,2,0,6,7,2,0,3
n321,2,9,4,1,4,1,9,10,10,10,6,0,6,0,1,0,2,9,7,7,4,6,0,4,9,5,8,4,6,1,9,1,3,0,7,5,0,0,4,0,4,0,9,9,6,10,0,0,6,0,2,10,4,5,7,4,2,0,0,4,6,9,2,0,5,2,8,7,4,9,0,10,0,9,8,5,0,3,9,8,10,1,1,2,0,6,7,2,10,3
n332,0,9,4,1,0,9,9,10,10,10,8,4,10,3,0,6,0,9,8,7,6,6,2,10,9,8,0,0,8,0,1,1,0,6,3,5,8,7,4,3,4,0,9,5,3,10,0,8,6,0,2,0,4,5,3,4,2,0,8,9,6,9,2,4,5,2,8,7,4,3,2,7,4,7,0,8,0,3,9,8,6,6,1,2,3,6,7,2,4,3
n331,4,9,4,1,0,9,9,10,10,10,8,4,10,3,9,6,9,9,8,7,0,6,2,10,9,8,0,0,8,0,1,1,0,6,3,5,8,7,4,3,4,5,9,5,0,10,0,8,6,0,2,0,4,5,3,4,2,0,8,0,6,9,2,4,5,2,8,7,4,3,2,7,4,7,8,8,0,3,9,8,6,6,1,2,3,6,7,2,4,3
n334,0,9,4,1,3,9,9,10,10,10,8,4,10,3,1,6,0,9,8,7,8,6,2,10,9,8,3,0,8,1,1,1,3,8,3,5,8,2,4,3,4,0,9,5,0,10,7,8,6,0,2,8,4,5,1,4,2,0,8,0,6,9,2,4,5,2,8,7,4,3,2,7,4,7,0,0,8,3,9,8,6,6,1,2,3,6,7,2,4,3
n333,0,9,4,1,3,9,9,10,10,10,8,4,10,3,1,6,0,9,8,7,8,6,2,10,9,8,0,0,8,3,1,1,3,8,3,5,8,0,4,3,4,0,9,5,4,10,0,8,6,0,2,0,4,5,0,4,2,5,8,0,6,9,2,4,5,2,8,7,4,3,2,7,4,7,0,0,3,3,9,8,6,6,1,2,3,6,7,2,4,3
n338,0,9,4,1,8,2,9,10,10,10,8,4,10,3,8,0,0,9,0,7,5,6,2,3,9,8,0,10,8,6,7,1,6,6,3,5,0,6,4,3,4,10,9,5,0,10,5,8,6,0,2,0,4,5,7,4,2,0,8,1,6,9,2,4,5,2,8,7,4,3,2,7,4,7,4,9,0,3,9,8,0,6,1,2,3,6,7,2,4,3
n337,0,9,4,1,8,0,9,10,10,10,8,4,10,3,8,0,0,9,0,7,5,6,2,3,9,8,0,10,8,6,7,1,6,6,3,5,0,0,4,3,4,10,9,5,0,10,5,8,6,5,2,0,4,5,7,4,2,0,8,0,6,9,2,4,5,2,8,7,4,3,2,7,4,7,0,0,0,3,9,8,0,6,1,2,3,6,7,2,4,3
n340,0,9,4,1,8,0,9,10,10,10,8,4,10,3,8,0,0,9,0,7,5,6,2,5,9,8,8,9,8,8,10,1,6,0,3,5,1,3,4,3,4,10,9,5,0,10,5,8,6,8,2,6,4,5,7,4,2,1,8,0,6,9,2,4,5,2,8,7,4,3,2,7,4,7,0,8,8,3,9,8,0,6,1,2,3,6,7,2,4,3
n339,0,9,4,1,8,0,9,10,10,10,8,4,10,3,8,0,0,9,0,7,5,6,2,5,9,8,0,9,8,8,10,1,6,0,3,5,1,3,4,3,4,10,9,5,0,10,5,8,6,8,2,6,4,5,7,4,2,8,8,0,6,9,2,4,5,2,8,7,4,3,2,7,4,7,0,8,8,3,9,8,0,6,1,2,3,6,7,2,4,3
n346,5,9,4,1,0,0,9,10,10,10,0,2,0,3,8,9,0,9,0,7,0,6,2,10,9,8,7,10,8,0,0,1,0,7,3,5,0,3,4,3,4,7,9,8,0,10,4,9,6,1,2,0,4,5,6,4,2,2,8,4,6,9,2,4,5,2,8,7,4,3,2,7,0,7,0,5,0,3,9,8,5,3,1,2,3,6,7,2,4,3
n345,0,9,4,1,0,0,9,10,10,10,0,2,0,3,8,9,5,9,0,7,9,6,2,10,9,8,7,10,8,0,0,1,0,0,3,5,0,3,4,3,4,7,9,8,0,10,4,9,6,0,2,0,4,5,6,4,2,2,8,4,6,9,2,4,5,2,8,7,4,3,2,7,0,7,0,5,0,3,9,8,5,3,1,2,3,6,7,2,4,3
n348,0,9,4,1,0,6,9,10,10,10,2,1,0,3,8,9,0,9,0,7,2,6,2,0,9,8,0,10,8,0,0,1,0,0,3,5,6,3,4,3,4,7,9,0,0,10,4,9,6,0,2,2,4,5,6,4,2,2,8,8,6,9,2,4,5,2,8,7,4,3,2,2,0,7,0,5,5,3,9,8,5,0,1,2,3,6,7,2,4,3
n347,4,9,4,1,0,0,9,10,10,10,0,1,0,3,8,9,0,9,1,7,0,6,2,8,9,8,9,10,8,0,2,1,0,0,3,5,6,3,4,3,4,7,9,4,3,10,4,9,6,3,2,0,4,5,6,4,2,2,8,0,6,9,2,4,5,2,8,7,4,3,2,2,0,7,0,5,0,3,9,8,5,0,1,2,3,6,7,2,4,3
n352,0,9,4,1,4,0,9,10,10,10,9,0,9,3,8,10,0,9,5,7,0,6,2,6,9,8,5,0,8,1,0,1,10,10,3,5,8,0,4,3,4,7,9,0,0,10,4,0,6,0,2,0,4,5,6,4,2,2,8,10,6,9,2,4,5,2,8,7,4,3,2,3,9,7,0,5,0,3,9,8,5,10,1,2,3,6,7,2,4,3
n351,0,9,4,1,0,0,9,10,10,10,9,0,0,3,8,10,0,9,5,7,6,6,2,0,9,8,5,0,8,1,0,1,0,10,3,5,8,0,4,3,4,7,9,0,1,10,4,1,6,0,2,0,4,5,6,4,2,2,8,10,6,9,2,4,5,2,8,7,4,3,2,3,9,7,0,5,0,3,9,8,5,10,1,2,3,6,7,2,4,3
n354,0,9,4,1,1,0,9,10,10,10,9,0,0,3,8,10,0,9,0,7,8,6,2,10,9,8,0,0,8,1,0,1,10,10,3,5,8,3,4,3,4,7,9,0,0,10,4,0,6,0,2,0,4,5,6,4,2,2,8,10,6,9,2,4,5,2,8,7,4,3,2,3,9,7,0,5,0,3,9,8,5,1,1,2,3,6,7,2,4,3
n353,0,9,4,1,0,9,9,10,10,10,9,0,0,3,8,10,0,9,0,7,8,6,2,10,9,8,0,0,8,1,0,1,0,10,3,5,8,0,4,3,4,7,9,0,0,10,4,0,6,0,2,0,4,5,6,4,2,2,8,10,6,9,2,4,5,2,8,7,4,3,2,3,9,7,2,5,6,3,9,8,5,1,1,2,3,6,7,2,4,3
n362,0,9,4,1,0,6,9,10,10,10,9,5,2,3,5,8,5,9,9,7,10,6,2,7,9,9,1,9,8,0,0,1,3,2,3,5,0,0,4,3,4,0,9,4,0,10,6,7,6,0,2,7,4,5,8,4,2,5,6,4,6,9,2,4,5,2,8,7,4,3,0,0,6,7,3,8,3,3,9,8,8,0,1,2,3,6,7,2,4,3
n361,6,9,4,1,0,6,9,10,10,10,9,5,2,3,5,8,5,9,9,7,10,6,2,7,9,9,1,0,8,0,0,1,3,2,3,5,0,0,4,3,4,0,9,0,0,10,6,7,6,0,2,7,4,5,8,4,2,5,6,4,6,9,2,4,5,2,8,7,4,3,0,0,0,7,3,8,3,3,9,8,8,0,1,2,3,6,7,2,4,3
n364,9,9,4,1,0,6,9,10,10,10,9,7,2,3,5,8,3,9,9,7,10,6,2,7,9,9,1,8,8,0,0,1,3,2,3,5,4,0,4,3,4,6,9,0,0,10,6,7,6,0,2,0,4,5,3,4,2,5,6,0,6,9,2,4,5,2,8,7,4,3,0,0,0,7,3,8,3,3,9,8,8,10,1,2,3,6,7,2,4,3
n363,9,9,4,1,0,6,9,10,10,10,9,7,2,3,5,8,4,9,9,7,10,6,2,7,9,9,1,8,8,8,0,1,3,2,3,5,4,0,4,3,4,6,9,4,0,10,6,7,6,0,2,0,4,5,3,4,2,5,6,7,6,9,2,4,5,2,8,7,4,3,0,0,0,7,3,8,3,3,9,8,8,10,1,2,3,6,7,2,4,3
n368,0,9,4,1,0,6,9,10,10,10,9,5,2,4,5,8,1,9,9,7,10,6,2,7,9,9,1,4,8,0,1,1,0,2,3,5,10,0,4,3,4,0,9,0,7,10,7,7,6,6,2,0,4,5,8,4,2,5,6,0,6,9,2,4,5,2,8,7,4,3,0,8,6,7,3,8,3,3,9,8,0,0,1,2,3,6,7,2,4,3
n367,0,9,4,1,0,6,9,10,10,10,9,5,2,4,5,8,1,9,9,7,10,6,2,7,9,9,1,0,8,0,1,1,0,2,3,5,0,0,4,3,4,6,9,10,0,10,7,7,6,6,2,4,4,5,8,4,2,5,6,3,6,9,2,4,5,2,8,7,4,3,0,8,6,7,3,8,3,3,9,8,0,4,1,2,3,6,7,2,4,3
n370,9,9,4,1,4,6,9,10,10,10,9,0,2,0,5,8,1,9,9,7,10,6,2,7,9,9,1,0,8,0,1,1,7,2,3,5,8,0,4,3,4,0,9,0,10,10,7,7,6,6,2,0,4,5,1,4,2,5,6,0,6,9,2,4,5,2,8,7,4,3,0,8,6,7,3,8,3,3,9,8,0,0,1,2,3,6,7,2,4,3
n369,9,9,4,1,4,6,9,10,10,10,9,0,2,0,5,8,1,9,9,7,10,6,2,7,9,9,1,0,8,2,1,1,0,2,3,5,8,0,4,3,4,0,9,0,10,10,7,7,6,6,2,0,4,5,1,4,2,5,6,0,6,9,2,4,5,2,8,7,4,3,0,8,0,7,3,8,3,3,9,8,4,0,1,2,3,6,7,2,4,3
n376,0,9,4,1,0,7,9,10,10,10,9,1,2,0,5,0,5,9,9,7,10,6,2,7,9,5,0,4,8,9,0,1,7,2,3,5,6,7,4,3,4,10,9,6,9,10,0,1,6,0,2,10,4,5,8,4,2,8,8,0,6,9,2,4,5,2,8,7,4,3,10,0,8,7,3,8,3,3,9,8,0,3,1,2,3,6,7,2,4,3
n375,0,9,4,1,0,0,9,10,10,10,9,1,2,0,5,0,5,9,9,7,10,6,2,7,9,5,0,4,8,9,0,1,7,2,3,5,6,7,4,3,4,10,9,6,9,10,0,1,6,0,2,10,4,5,8,4,2,8,8,0,6,9,2,4,5,2,8,7,4,3,10,7,8,7,3,8,3,3,9,8,0,0,1,2,3,6,7,2,4,3
n378,0,9,4,1,10,0,9,10,10,10,9,0,2,0,5,0,5,9,9,7,10,6,2,7,9,5,0,4,8,9,0,1,7,2,3,5,6,7,4,3,4,10,9,6,4,10,0,1,6,6,2,10,4,5,8,4,2,8,8,0,6,9,2,4,5,2,8,7,4,3,10,0,8,7,0,8,3,3,9,8,0,0,1,2,3,6,7,2,4,3
n377,4,9,4,1,10,0,9,10,10,10,9,4,2,0,5,0,5,9,9,7,10,6,2,7,9,5,0,4,8,9,0,1,7,2,3,5,6,7,4,3,4,10,9,6,4,10,6,1,6,6,2,10,4,5,8,4,2,8,8,0,6,9,2,4,5,2,8,7,4,3,10,0,8,7,6,8,3,3,9,8,0,0,1,2,3,6,7,2,4,3
n382,0,9,4,1,0,0,9,10,10,10,9,9,2,1,5,4,0,9,9,7,10,6,2,0,9,3,3,4,8,3,7,1,7,2,3,5,6,7,4,3,4,1,9,4,2,10,3,6,6,10,2,10,4,5,8,4,2,0,10,0,6,9,2,4,5,2,8,7,4,3,10,4,8,7,0,8,3,3,9,8,0,0,1,2,3,6,7,2,4,3
n381,8,9,4,1,0,0,9,10,10,10,9,9,2,1,5,4,0,9,9,7,10,6,2,0,9,3,3,4,8,1,0,1,7,2,3,5,6,7,4,3,4,1,9,0,2,10,3,8,6,10,2,10,4,5,8,4,2,2,10,0,6,9,2,4,5,2,8,7,4,3,10,0,8,7,8,8,3,3,9,8,0,2,1,2,3,6,7,2,4,3
n384,0,9,4,1,0,6,9,10,10,10,9,0,2,1,5,4,3,9,9,7,10,6,2,0,9,0,3,4,8,0,0,1,7,2,3,5,6,7,4,3,4,0,9,0,0,10,3,0,6,10,2,10,4,5,8,4,2,0,10,0,6,9,2,4,5,2,8,7,4,3,10,4,8,7,0,8,3,3,9,8,6,0,1,2,3,6,7,2,4,3
n383,0,9,4,1,0,6,9,10,10,10,9,0,2,1,5,4,3,9,9,7,10,6,2,0,9,0,3,4,8,0,8,1,7,2,3,5,6,7,4,3,4,0,9,9,0,10,3,0,6,10,2,10,4,5,8,4,2,7,10,0,6,9,2,4,5,2,8,7,4,3,10,4,8,7,0,8,3,3,9,8,6,0,1,2,3,6,7,2,4,3
n396,0,9,4,0,7,6,0,10,0,10,3,10,0,3,0,9,5,7,0,7,0,6,8,0,4,4,1,9,0,10,5,1,10,0,8,5,0,2,4,0,4,0,9,3,0,10,9,0,6,0,2,0,4,9,1,4,2,2,3,0,6,9,2,3,10,10,8,0,4,9,6,3,0,6,2,8,4,3,7,7,5,4,1,2,9,6,0,2,1,3
n395,0,9,4,0,0,6,0,10,0,10,3,10,0,3,0,9,5,7,0,7,0,6,8,1,4,4,4,9,0,10,5,1,10,0,8,5,0,2,4,0,4,0,9,3,0,10,0,0,6,0,2,0,4,9,1,4,2,2,3,0,6,9,2,3,10,10,8,0,4,9,6,3,0,6,2,8,4,3,7,0,5,4,1,2,9,6,0,2,1,3
n398,0,9,4,0,8,6,1,10,0,10,3,10,1,3,0,9,5,7,4,7,1,6,8,2,4,4,5,9,0,10,5,1,10,0,8,5,0,2,4,0,4,5,9,3,0,10,0,5,6,0,2,0,4,9,1,4,2,2,3,0,6,9,2,3,10,10,8,10,4,9,6,3,9,6,2,8,4,3,7,0,0,4,1,2,9,6,5,2,1,3
n397,3,9,4,0,8,6,0,10,0,10,3,10,1,3,4,9,5,7,4,7,0,6,8,2,4,4,0,9,0,10,5,1,10,2,8,5,0,2,4,0,4,5,9,3,0,10,2,5,6,4,2,6,4,9,1,4,2,2,3,0,6,9,2,3,10,10,8,10,4,9,6,3,9,6,2,8,4,3,7,0,0,4,1,2,9,6,0,2,1,3
n402,3,9,4,10,0,6,6,10,0,10,3,10,10,3,6,9,0,7,0,7,0,6,8,0,4,4,1,9,10,10,5,1,10,0,8,5,10,2,4,0,4,6,9,3,0,10,0,6,6,0,2,0,4,9,1,4,2,2,3,1,6,9,2,5,10,10,8,0,4,9,0,3,7,0,2,8,4,3,0,6,8,4,1,2,9,6,0,2,1,3
n401,3,9,4,0,0,6,6,10,0,10,3,10,10,3,6,9,0,7,2,7,0,6,8,0,4,4,0,9,10,10,5,1,10,0,8,5,10,2,4,0,4,6,9,3,0,10,0,6,6,0,2,0,4,9,1,4,2,2,3,0,6,9,2,5,10,10,8,0,4,9,0,3,7,0,2,8,4,3,0,6,8,4,1,2,9,6,2,2,1,3
n404,3,9,4,0,0,6,0,10,0,10,3,10,0,3,0,9,0,7,6,7,0,6,8,0,4,4,5,9,10,10,5,1,10,0,8,5,0,2,4,7,4,0,9,3,0,10,0,0,6,8,2,0,4,9,1,4,2,2,3,0,6,9,2,5,10,10,8,0,4,9,0,3,7,0,2,8,4,3,0,6,0,4,1,2,9,6,0,2,1,3
n403,3,9,4,0,0,6,0,10,0,10,3,10,0,3,0,9,0,7,6,7,0,6,8,0,4,4,5,9,10,10,5,1,10,0,8,5,0,2,4,0,4,0,9,3,0,10,6,0,6,0,2,0,4,9,1,4,2,2,3,2,6,9,2,5,10,10,8,2,4,9,0,3,7,1,2,8,4,3,0,6,5,4,1,2,9,6,1,2,1,3
n410,0,9,4,0,9,6,0,10,0,10,3,10,5,3,9,9,10,7,0,7,0,6,8,6,4,6,9,9,0,10,5,1,10,7,8,5,0,2,4,0,4,0,9,3,0,10,0,5,6,0,2,0,4,9,1,4,2,2,3,6,6,9,2,0,0,10,8,9,4,9,0,3,0,6,2,8,0,3,2,0,6,4,1,2,9,6,1,2,1,3
n409,0,9,4,0,9,6,0,10,0,10,3,10,5,3,9,9,10,7,0,7,0,6,8,6,4,6,9,9,6,10,5,1,10,7,8,5,0,2,4,5,4,0,9,3,10,10,0,0,6,0,2,0,4,9,1,4,2,2,3,6,6,9,2,3,0,10,8,9,4,9,10,3,0,6,2,8,3,3,2,0,6,4,1,2,9,6,1,2,1,3
n412,0,9,4,0,9,6,1,10,0,10,3,10,5,3,0,9,0,7,0,7,5,6,8,6,4,6,9,9,4,10,5,1,10,7,8,5,0,2,4,8,4,0,9,3,0,10,0,0,6,0,2,0,4,9,1,4,2,2,3,6,6,9,2,2,0,10,8,9,4,9,0,3,0,6,2,8,7,3,2,0,6,4,1,2,9,6,0,2,1,3
n411,0,9,4,0,9,6,1,10,0,10,3,10,5,3,0,9,6,7,0,7,5,6,8,6,4,6,9,9,4,10,5,1,10,7,8,5,0,2,4,8,4,9,9,3,0,10,0,0,6,0,2,0,4,9,1,4,2,2,3,6,6,9,2,0,6,10,8,9,4,9,0,3,0,6,2,8,0,3,2,0,6,4,1,2,9,6,0,2,1,3
n416,0,9,4,4,9,6,0,10,0,10,3,10,1,3,0,9,2,7,1,7,0,6,8,6,4,6,7,9,0,10,5,1,10,7,8,5,6,2,4,4,4,0,9,3,0,10,0,3,6,0,2,0,4,9,1,4,2,2,3,6,6,9,2,0,0,10,8,9,4,9,6,3,0,8,2,8,0,3,9,3,1,4,1,2,9,6,0,2,1,3
n415,0,9,4,4,9,6,0,10,0,10,3,10,1,3,0,9,2,7,1,7,0,6,8,6,4,6,0,9,0,10,5,1,10,7,8,5,0,2,4,4,4,0,9,3,0,10,0,0,6,0,2,7,4,9,1,4,2,2,3,6,6,9,2,6,0,10,8,9,4,9,6,3,0,9,2,8,0,3,9,1,1,4,1,2,9,6,0,2,1,3
n418,4,9,4,4,9,6,0,10,0,10,3,10,1,3,4,9,0,7,1,7,0,6,8,6,4,6,0,9,0,10,5,1,10,7,8,5,0,2,4,0,4,7,9,3,0,10,0,0,6,0,2,0,4,9,1,4,2,2,3,6,6,9,2,0,0,10,8,9,4,9,3,3,10,2,2,8,8,3,0,0,1,4,1,2,9,6,6,2,1,3
n417,0,9,4,4,9,6,3,10,0,10,3,10,1,3,4,9,0,7,1,7,2,6,8,6,4,6,3,9,0,10,5,1,10,7,8,5,0,2,4,5,4,0,9,3,0,10,0,0,6,0,2,0,4,9,1,4,2,2,3,6,6,9,2,0,0,10,8,9,4,9,0,3,10,0,2,8,8,3,0,0,1,4,1,2,9,6,6,2,1,3
n426,0,9,4,0,10,6,0,10,1,10,3,10,6,3,3,9,1,8,0,6,0,6,10,0,2,5,0,6,1,10,5,1,10,10,8,5,0,2,4,0,4,0,9,3,7,10,8,6,6,0,2,8,4,9,1,4,2,0,0,10,6,9,2,0,0,10,8,10,0,0,8,3,3,6,2,8,0,3,0,1,0,7,1,2,9,6,9,2,1,3
n425,0,9,4,8,10,6,0,10,1,10,3,10,6,3,3,9,1,8,0,6,0,6,10,0,2,5,0,6,1,10,5,1,10,10,8,5,0,2,4,4,4,10,9,3,7,10,8,6,6,0,2,8,4,9,1,4,2,0,0,10,6,9,2,0,0,10,8,10,0,0,8,3,3,0,2,8,0,3,0,1,0,7,1,2,9,6,9,2,1,3
n428,0,9,4,5,10,6,6,10,1,10,3,10,6,3,3,9,1,8,0,6,0,6,10,0,2,9,8,10,0,10,5,1,10,10,8,5,0,2,4,7,4,0,9,3,0,10,8,9,6,0,2,8,4,9,1,4,2,1,0,10,6,9,2,0,0,10,8,10,0,0,8,3,3,0,2,8,0,3,0,1,8,7,1,2,9,6,9,2,1,3
n427,0,9,4,5,10,6,0,10,1,10,3,10,6,3,3,9,1,8,0,6,0,6,10,0,2,0,8,0,0,10,5,1,10,10,8,5,0,2,4,7,4,7,9,3,0,10,8,0,6,0,2,8,4,9,1,4,2,1,0,10,6,9,2,0,0,10,8,10,0,0,8,3,3,0,2,8,0,3,0,1,8,7,1,2,9,6,9,2,1,3
n432,0,9,4,6,10,6,7,10,1,10,3,10,6,3,3,9,1,6,0,6,4,6,10,0,2,5,0,0,0,10,5,1,10,10,8,5,2,2,4,0,4,0,9,3,0,10,8,0,6,3,2,8,4,9,1,4,2,0,0,10,6,9,2,0,2,10,8,1,6,8,8,3,3,0,2,8,2,3,4,1,0,7,1,2,9,6,9,2,1,3
n431,0,9,4,0,10,6,7,10,1,10,3,10,6,3,3,9,1,6,0,6,0,6,10,0,2,5,0,0,0,10,5,1,10,10,8,5,0,2,4,0,4,0,9,3,0,10,8,0,6,2,2,8,4,9,1,4,2,0,0,10,6,9,2,3,2,10,8,1,6,8,8,3,3,1,2,8,0,3,4,1,6,7,1,2,9,6,9,2,1,3
n434,4,9,4,0,10,6,7,10,1,10,3,10,6,3,3,9,1,6,0,6,0,6,10,0,2,5,0,9,0,10,5,1,10,10,8,5,0,2,4,2,4,0,9,3,0,10,8,0,6,0,2,8,4,9,1,4,2,1,0,10,6,9,2,0,2,10,8,1,6,0,8,3,3,0,2,8,0,3,4,1,0,7,1,2,9,6,9,2,1,3
n433,4,9,4,0,10,6,7,10,1,10,3,10,6,3,3,9,1,6,3,6,0,6,10,0,2,5,0,9,1,10,5,1,10,10,8,5,0,2,4,10,4,0,9,3,0,10,8,1,6,8,2,8,4,9,1,4,2,1,5,10,6,9,2,0,2,10,8,1,6,0,8,3,3,0,2,8,8,3,4,1,8,7,1,2,9,6,9,2,1,3
n440,0,9,4,0,10,6,0,10,1,10,3,10,6,3,1,9,1,1,2,6,0,6,10,0,5,0,9,0,0,10,5,1,10,0,8,5,5,2,4,8,4,0,9,3,6,10,8,0,6,0,2,0,4,9,1,4,2,0,0,0,6,9,2,9,10,10,8,2,0,5,0,3,3,0,2,8,2,3,8,0,0,7,1,2,9,6,9,2,1,3
n439,0,9,4,0,10,6,2,10,1,10,3,10,6,3,1,9,1,1,2,6,0,6,10,0,5,0,9,0,0,10,5,1,10,0,8,5,0,2,4,8,4,2,9,3,6,10,8,0,6,0,2,0,4,9,1,4,2,0,6,0,6,9,2,9,0,10,8,2,0,5,0,3,3,4,2,8,2,3,8,0,0,7,1,2,9,6,9,2,1,3
n442,0,9,4,4,10,6,0,10,1,10,3,10,6,3,1,9,1,9,0,6,0,6,10,0,5,0,9,0,0,10,5,1,10,0,8,5,2,2,4,5,4,5,9,3,0,10,8,10,6,0,2,0,4,9,1,4,2,3,0,6,6,9,2,9,8,10,8,2,0,5,7,3,3,2,2,8,2,3,8,6,1,7,1,2,9,6,9,2,1,3
n441,0,9,4,4,10,6,0,10,1,10,3,10,6,3,1,9,1,9,0,6,0,6,10,0,5,0,9,0,0,10,5,1,10,1,8,5,0,2,4,6,4,5,9,3,4,10,8,10,6,0,2,0,4,9,1,4,2,3,2,0,6,9,2,9,8,10,8,2,0,5,7,3,3,0,2,8,2,3,8,0,0,7,1,2,9,6,9,2,1,3
n446,0,9,4,9,10,6,0,10,1,10,3,10,6,3,1,9,1,3,0,6,0,6,10,1,0,0,9,3,0,10,5,1,10,0,8,5,0,2,4,5,4,10,9,3,4,10,8,0,6,6,2,5,4,9,1,4,2,10,0,0,6,9,2,9,0,10,8,2,0,5,9,3,3,0,2,8,2,3,0,0,0,7,1,2,9,6,9,2,1,3
n445,6,9,4,0,10,6,0,10,1,10,3,10,6,3,1,9,1,3,3,6,0,6,10,1,8,0,9,3,0,10,5,1,10,0,8,5,0,2,4,5,4,10,9,3,4,10,8,0,6,6,2,5,4,9,1,4,2,10,0,0,6,9,2,9,0,10,8,2,0,5,9,3,3,3,2,8,2,3,4,0,0,7,1,2,9,6,9,2,1,3
n448,0,9,4,9,10,6,5,10,1,10,3,10,6,3,1,9,1,3,5,6,0,6,10,1,2,0,9,3,0,10,5,1,10,0,8,5,0,2,4,2,4,10,9,3,0,10,8,2,6,6,2,5,4,9,1,4,2,0,3,9,6,9,2,9,8,10,8,2,0,5,9,3,3,8,2,8,2,3,0,0,1,7,1,2,9,6,9,2,1,3
n447,0,9,4,0,10,6,0,10,1,10,3,10,6,3,1,9,1,3,5,6,4,6,10,1,2,0,9,3,0,10,5,1,10,0,8,5,0,2,4,2,4,8,9,3,0,10,8,0,6,6,2,5,4,9,1,4,2,0,3,0,6,9,2,9,0,10,8,2,0,5,9,3,3,8,2,8,2,3,0,0,1,7,1,2,9,6,9,2,1,3
n458,2,9,4,4,0,6,10,10,5,10,5,10,6,9,1,9,0,0,7,8,8,6,7,7,4,10,0,5,0,0,5,1,0,2,0,5,9,2,4,6,4,0,9,8,0,10,0,5,6,4,2,5,4,9,1,4,2,0,7,1,6,9,2,1,7,6,8,3,2,0,10,3,0,6,2,8,6,3,0,5,0,0,1,2,0,6,0,2,3,3
n457,2,9,4,4,3,6,10,10,5,10,5,10,0,9,1,9,0,0,7,8,8,6,7,7,4,10,0,5,0,0,5,1,0,2,0,5,9,2,4,6,4,0,9,8,0,10,0,5,6,4,2,5,4,9,1,4,2,0,7,1,6,9,2,1,7,6,8,3,2,0,10,3,0,6,2,8,6,3,0,5,1,0,1,2,0,6,10,2,3,3
n460,2,9,4,4,0,6,10,10,5,10,0,10,4,9,1,9,0,0,7,1,8,6,0,7,4,0,1,5,0,0,5,1,0,2,0,5,9,2,4,6,4,0,9,8,0,10,0,5,6,4,2,5,4,9,1,4,2,0,7,1,6,9,2,1,7,6,8,3,0,0,1,3,0,6,2,8,6,3,0,5,6,0,1,2,0,6,0,2,3,3
n459,2,9,4,4,0,6,10,10,5,10,0,10,4,9,1,9,0,6,7,1,8,6,0,7,4,0,1,5,0,0,5,1,6,2,0,5,9,2,4,6,4,0,9,8,0,10,6,5,6,4,2,5,4,9,1,4,2,1,7,1,6,9,2,1,7,6,8,3,0,0,1,3,0,6,2,8,6,3,0,5,0,0,1,2,0,6,0,2,3,3
n464,1,9,4,0,0,6,9,10,5,10,2,10,0,9,1,9,4,0,7,0,8,6,7,7,4,0,5,5,0,0,5,1,0,2,0,5,9,2,4,6,4,0,9,8,8,10,8,5,6,4,2,5,4,9,1,4,2,0,7,1,6,9,2,0,7,6,8,3,0,3,0,3,5,6,2,8,6,3,4,5,7,0,1,2,1,6,7,2,3,3
n463,1,9,4,0,0,6,9,10,5,10,2,10,0,9,1,9,4,0,7,0,8,6,7,0,4,0,3,5,0,1,5,1,8,2,0,5,9,2,4,6,4,0,9,8,0,10,8,5,6,4,2,5,4,9,1,4,2,0,7,1,6,9,2,2,7,6,8,3,0,3,0,3,0,6,2,8,6,3,0,5,7,0,1,2,1,6,7,2,3,3
n466,7,9,4,0,0,6,9,10,5,10,1,10,0,9,1,9,0,6,7,7,8,6,0,6,4,0,1,5,1,5,5,1,9,2,0,5,9,2,4,6,4,0,9,8,0,10,0,5,6,4,2,5,4,9,1,4,2,0,7,1,6,9,2,8,7,6,8,3,0,0,0,3,9,6,2,8,6,3,0,5,7,0,1,2,0,6,7,2,3,3
n465,7,9,4,10,0,6,9,10,5,10,1,10,0,9,1,9,6,0,7,0,8,6,0,0,4,9,1,5,0,5,5,1,9,2,0,5,9,2,4,6,4,0,9,8,0,10,0,5,6,4,2,5,4,9,1,4,2,0,7,1,6,9,2,8,7,6,8,3,0,0,0,3,9,6,2,8,6,3,0,5,7,1,1,2,0,6,7,2,3,3
n472,4,9,4,0,2,6,1,10,0,10,3,10,9,0,1,9,0,8,7,9,8,6,10,0,0,0,0,6,7,0,5,1,3,0,0,5,9,2,4,6,4,4,9,8,3,10,7,5,6,4,2,0,4,9,1,4,2,10,10,8,6,9,2,4,8,6,8,3,7,7,0,3,0,6,2,8,6,3,10,5,0,10,1,2,0,6,0,2,3,3
n471,0,9,4,10,2,6,1,10,3,10,3,10,9,1,1,9,0,8,7,9,8,6,10,0,0,0,0,6,7,0,5,1,3,5,0,5,9,2,4,6,4,4,9,8,3,10,7,5,6,4,2,0,4,9,1,4,2,10,10,8,6,9,2,4,0,6,8,3,0,7,0,3,8,6,2,8,6,3,10,5,0,10,1,2,0,6,0,2,3,3
n474,0,9,4,10,5,6,1,10,0,10,3,10,0,0,1,9,0,8,7,9,8,6,10,0,0,0,4,6,7,5,5,1,3,0,5,5,9,2,4,6,4,0,9,8,3,10,7,5,6,4,2,0,4,9,1,4,2,10,0,8,6,9,2,0,4,6,8,3,0,0,0,3,0,6,2,8,6,3,10,5,0,10,1,2,0,6,0,2,3,3
n473,0,9,4,10,0,6,1,10,9,10,3,10,0,0,1,9,0,8,7,9,8,6,10,7,0,0,6,6,7,5,5,1,3,0,0,5,9,2,4,6,4,0,9,8,3,10,7,5,6,4,2,0,4,9,1,4,2,10,0,8,6,9,2,0,0,6,8,3,0,0,0,3,0,6,2,8,6,3,10,5,0,10,1,2,0,6,0,2,3,3
n478,0,9,4,0,0,6,1,10,0,10,3,10,0,0,1,9,0,9,7,0,8,6,0,0,1,0,0,6,0,6,5,1,0,0,8,5,9,2,4,6,4,3,9,8,3,10,7,5,6,4,2,9,4,9,1,4,2,10,0,8,6,9,2,0,0,6,8,3,4,6,10,3,2,6,2,8,6,3,2,5,0,8,1,2,0,6,1,2,3,3
n477,10,9,4,0,0,6,1,10,0,10,3,10,0,0,1,9,4,9,7,0,8,6,0,0,1,0,0,6,2,6,5,1,0,0,8,5,9,2,4,6,4,3,9,8,3,10,7,5,6,4,2,9,4,9,1,4,2,10,0,8,6,9,2,0,0,6,8,3,4,0,10,3,2,6,2,8,6,3,0,5,0,8,1,2,9,6,3,2,3,3
n480,4,9,4,0,0,6,1,10,0,10,3,10,5,0,1,9,0,9,7,0,8,6,0,2,0,5,0,6,0,6,5,1,0,0,3,5,9,2,4,6,4,0,9,8,3,10,7,5,6,4,2,9,4,9,1,4,2,10,0,8,6,9,2,7,0,6,8,3,3,0,0,3,2,6,2,8,6,3,10,5,0,8,1,2,0,6,0,2,3,3
n479,0,9,4,7,0,6,1,10,0,10,3,10,0,0,1,9,0,9,7,0,8,6,5,2,0,0,0,6,0,6,5,1,0,0,0,5,9,2,4,6,4,6,9,8,3,10,7,5,6,4,2,9,4,9,1,4,2,10,0,8,6,9,2,7,0,6,8,3,0,0,0,3,2,6,2,8,6,3,10,5,6,8,1,2,0,6,0,2,3,3
n488,8,9,4,8,0,6,0,10,2,10,0,10,3,2,1,9,8,5,0,10,8,6,0,2,1,0,0,0,0,3,5,1,5,0,1,5,10,2,4,0,4,6,9,8,8,10,3,5,6,4,2,4,4,9,1,4,2,4,3,3,6,9,2,0,2,0,8,6,6,5,7,3,10,0,2,8,7,3,6,0,4,4,1,2,9,6,0,2,8,3
n487,8,9,4,8,0,6,0,10,2,10,0,10,3,2,1,9,8,5,0,10,8,6,2,0,0,0,0,0,0,3,5,1,5,0,1,5,10,2,4,0,4,6,9,8,8,10,3,5,6,4,2,4,4,9,1,4,2,4,3,3,6,9,2,0,3,0,8,6,6,5,7,3,10,0,2,8,7,3,6,0,0,4,1,2,9,6,0,2,8,3
n490,8,9,4,8,0,6,0,10,2,10,0,10,3,2,1,9,8,5,0,10,8,6,0,0,0,9,9,3,0,3,5,1,7,10,0,5,10,2,4,0,4,6,9,8,8,10,3,5,6,4,2,4,4,9,1,4,2,0,3,3,6,9,2,0,0,0,8,6,6,5,7,3,10,0,2,8,7,3,0,0,0,0,1,2,0,6,10,2,8,3
n489,8,9,4,8,0,6,10,10,2,10,0,10,3,2,1,9,8,5,0,10,8,6,0,3,0,9,9,0,6,3,5,1,7,10,0,5,10,2,4,0,4,6,9,8,8,10,3,5,6,4,2,4,4,9,1,4,2,0,3,3,6,9,2,0,0,0,8,6,6,5,7,3,10,0,2,8,7,3,0,0,0,0,1,2,0,6,5,2,8,3
n494,1,9,4,8,5,6,8,10,2,10,0,10,3,2,1,9,0,5,0,10,8,6,0,2,6,10,0,1,0,3,5,1,3,2,4,5,10,2,4,0,4,6,9,8,8,10,0,5,6,4,2,4,4,9,1,4,2,0,10,3,6,9,2,4,3,0,8,6,6,5,7,3,10,0,2,8,7,3,0,2,0,6,1,2,0,6,0,2,8,3
n493,1,9,4,8,5,6,0,10,2,10,0,10,3,2,1,9,0,5,0,10,8,6,0,2,0,10,0,0,0,3,5,1,3,2,4,5,10,2,4,9,4,6,9,8,8,10,2,5,6,4,2,4,4,9,1,4,2,0,8,0,6,9,2,4,3,1,8,6,6,5,7,3,10,0,2,8,7,3,0,0,0,6,1,2,0,6,0,2,8,3
n496,1,9,4,8,5,6,0,10,2,10,0,10,3,2,1,9,0,5,0,10,8,6,0,0,0,10,0,5,6,3,5,1,3,5,4,5,10,2,4,0,4,6,9,8,8,10,7,5,6,4,2,4,4,9,1,4,2,0,0,0,6,9,2,4,0,0,8,6,6,5,7,3,10,0,2,8,7,3,0,0,4,2,1,2,0,6,0,2,8,3
n495,1,9,4,8,5,6,0,10,2,10,0,10,3,2,1,9,0,5,0,10,8,6,0,0,0,10,0,5,6,3,5,1,3,5,4,5,10,2,4,0,4,6,9,8,8,10,10,5,6,4,2,4,4,9,1,4,2,7,3,0,6,9,2,4,0,0,8,6,6,5,7,3,10,0,2,8,7,3,0,0,4,0,1,2,0,6,0,2,8,3
n502,0,9,4,10,0,6,4,10,2,10,1,10,0,2,1,9,0,0,10,7,8,6,9,0,0,1,0,0,0,3,5,1,7,0,8,5,10,2,4,0,4,9,9,8,8,10,0,5,6,4,2,4,4,9,1,4,2,8,4,3,6,9,2,4,0,0,8,6,0,5,7,3,10,9,2,8,7,3,7,9,10,8,1,2,0,6,2,2,0,3
n501,0,9,4,10,0,6,4,10,2,10,1,10,1,2,1,9,0,0,10,7,8,6,9,0,0,1,9,0,0,3,5,1,7,7,8,5,10,2,4,0,4,0,9,8,8,10,0,5,6,4,2,4,4,9,1,4,2,8,4,0,6,9,2,4,0,0,8,6,0,5,7,3,10,9,2,8,7,3,1,9,10,0,1,2,0,6,2,2,0,3
n504,10,9,4,10,0,6,8,10,2,10,1,10,0,2,1,9,5,3,10,7,8,6,9,0,0,0,0,1,9,3,5,1,7,0,8,5,10,2,4,0,4,0,9,8,8,10,3,5,6,4,2,4,4,9,1,4,2,8,0,0,6,9,2,4,0,6,8,6,1,5,7,3,10,9,2,8,7,3,0,9,2,0,1,2,0,6,2,2,1,3
n503,10,9,4,10,0,6,1,10,2,10,1,10,0,2,1,9,5,3,10,7,8,6,9,1,0,0,0,1,0,3,5,1,7,0,8,5,10,2,4,7,4,0,9,8,8,10,0,5,6,4,2,4,4,9,1,4,2,8,0,0,6,9,2,4,0,0,8,6,1,5,7,3,10,9,2,8,7,3,0,9,0,0,1,2,0,6,2,2,1,3
n508,3,9,4,0,7,6,2,10,2,10,1,10,0,2,1,9,8,0,10,7,8,6,4,0,0,4,0,0,0,3,5,1,7,10,8,5,10,2,4,7,4,3,9,8,8,10,2,5,6,4,2,4,4,9,1,4,2,8,1,7,6,9,2,3,0,0,8,6,0,5,7,3,10,4,2,8,7,3,0,9,0,0,1,2,10,6,2,2,1,3
n507,3,9,4,7,7,6,2,10,2,10,1,10,3,2,1,9,8,0,10,7,8,6,0,0,7,0,0,9,0,3,5,1,7,0,8,5,10,2,4,7,4,3,9,8,8,10,0,5,6,4,2,4,4,9,1,4,2,8,0,7,6,9,2,3,0,0,8,6,0,5,7,3,10,4,2,8,7,3,0,9,0,0,1,2,10,6,2,2,1,3
n510,0,9,4,0,7,6,0,10,2,10,1,10,0,2,1,9,8,0,10,7,8,6,9,4,0,8,0,0,0,3,5,1,7,0,8,5,10,2,4,0,4,0,9,8,8,10,1,5,6,4,2,4,4,9,1,4,2,8,0,7,6,9,2,3,0,0,8,6,0,5,7,3,10,0,2,8,7,3,3,9,0,0,1,2,10,6,2,2,1,3
n509,0,9,4,5,7,6,0,10,2,10,1,10,0,2,1,9,8,1,10,7,8,6,9,0,8,8,3,4,0,3,5,1,7,5,8,5,10,2,4,0,4,0,9,8,8,10,1,5,6,4,2,4,4,9,1,4,2,8,0,7,6,9,2,3,0,6,8,6,0,5,7,3,10,0,2,8,7,3,0,9,0,0,1,2,10,6,2,2,1,3
