((((((((101:2.025,100:1.025)node_124:2.975,125:0)node_122:0.001,124:1.254)node_120:1.008,((70:0,71:1)node_117:3.055,(64:2.068,65:3.068)node_114:1.988)node_113:0.953)node_112:3.032,(((95:2.001,94:0.001)node_109:3.024,(75:1.009,74:1.009)node_106:1.016)node_105:0.998,(88:1.675,((82:1.057,83:3.546)node_101:3.957,89:1.013)node_99:0.017)node_98:2.993)node_97:2.017)node_96:5.088,((((108:1.156,109:1.014)node_93:1.978,(112:1.124,113:0.001)node_90:0.937)node_89:0.992,((121:0.023,120:0.006)node_86:2.014,(90:1,91:0.012)node_83:2.036)node_82:0.972)node_81:3.012,((((104:2,((123:0,122:1)node_77:3.025,(126:0.001,127:2.001)node_74:1.024)node_73:1.975)node_72:0,105:1.195)node_70:0,116:0)node_68:0,117:0)node_66:1.02)node_65:5.109)node_64:5.895,(((((79:0.001,78:2.001)node_61:1.007,(77:1.017,76:2.017)node_58:0.991)node_57:2.006,((80:1.114,81:1.009)node_54:2.034,(85:4.376,84:0.002)node_51:3.041)node_50:0.97)node_49:2.059,((93:1.01,92:1.01)node_46:0.991,((((114:2.001,115:0.001)node_43:1.011,(87:0,86:0)node_40:1.012)node_39:2.008,67:1.02)node_37:0.98,66:1)node_35:0)node_34:6.072)node_33:8.026,((((99:2.001,98:0.012)node_30:2.024,(111:0.012,110:1.007)node_27:1.982)node_26:3.023,((103:3.023,102:1.023)node_23:2.996,(118:1,119:0.012)node_20:1.018)node_19:3.029)node_18:2.979,(((72:4.082,73:3.082)node_15:1.966,(69:1,68:0)node_12:4.047)node_11:2.998,((97:2.017,96:1.017)node_8:5.013,(107:1,106:0)node_5:1.029)node_4:3.016)node_3:1.982)node_2:3.071)node_1:0.925)node_0:3.977)I0;
I0,0,0,0,0,0,0,0,0,0,0,0,0,0,0,0,0,0,0,0,0,0,0,0,0,0,0,0,0,0,0
node_0,0,0:0.01/6:0.99,0:0.01/7:0.99,0,0,0,0,0,0,0,0,0,0,0,0,0:0.01/2:0.99,0,0,0,0,0,0:0.01/6:0.99,0,0,0,0,0,0,0,0
node_1,0,6,7,0,0,0,0,0,0,0,0,0,0,0,0,2,0,0,0,0,0,6,0,0,0,0,0,0,0:0.1/9:0.9,0
node_2,0,6,7,0,0,0,0:0.01/9:0.99,0,0,0,0:0.01/10:0.99,0,0,0,0,2,0,0,0,0,0,6,0,0,0,0:0.01/5:0.99,0,0,9,0
node_3,0,6,7,0,0,0,9,0,0:0.02/7:0.98,0,10,0,0,0:0.02/10:0.98,0,2,0,0,0,0,0,6,0,0,0,5,0,0,9,0
node_4,0,6,7,0,0,0:0.01/6:0.99,9,0,7,0,10,0,0:0.01/8:0.99,10,0,2,0,0,0,0,0,6,0,0,0,5,0:0.01/1:0.99,0,9,0
node_5,0,6,7,0,0,6,9,0,7,0,10,0,8,10,0,2,0,10,0,0,0,6,0,0,0,5,1,0,9,0
106,0,6,7,0,0,6,9,0,7,0,10,0,8,10,0,2,0,10,0,0,0,6,0,0,0,5,1,0,9,0
107,0,6,7,0,0,6,9,0,7,9,10,0,8,10,0,2,0,10,0,0,0,6,0,0,0,5,1,0,9,0
node_8,0,6,7,0,0,6,9,9,7,0,10,0,8,10,4,2,0,0,2,4,0,6,0,0,0,5,1,10,9,0
96,0,6,7,0,0,6,9,9,7,0,10,0,8,10,4,2,0,7,2,4,0,6,0,0,0,5,1,10,9,0
97,0,6,7,0,1,6,9,9,7,0,10,0,8,10,4,2,0,0,2,4,0,6,0,10,0,5,1,10,9,0
node_11,0,6,7,0:0.02/8:0.98,0,0,9,0,7,0,10,0,0,10,0,2,0:0.02/3:0.98,0,0,0,0,6,0,0,0,5,0,0,9,0:0.02/10:0.98
node_12,1,6,7,8,0,0,9,0,7,9,10,9,0,10,0,2,3,0,0,0,0,6,0,0,0,5,8,0,9,10
68,1,6,7,8,0,0,9,0,7,9,10,9,0,10,0,2,3,0,0,0,0,6,0,0,0,5,8,0,9,10
69,1,6,7,8,0,0,9,0,7,9,10,9,0,10,0,2,3,0,0,5,0,6,0,0,0,5,8,0,9,10
node_15,0,6,7,8,0,0,9,0:0.04/1:0.96,7,0,10,0,0,10,0,2,3,0,0,0,0:0.04/8:0.96,6,0,0,0,5,0,0,9,10
73,4,6,7,8,0,0,9,1,7,10,10,0,0,10,0,2,3,0,0,1,8,6,0,0,0,5,0,0,9,10
72,0,6,7,8,0,0,9,1,7,8,10,0,0,10,0,2,3,7,0,0,8,6,0,3,0,5,0,10,9,10
node_18,0,6,7,0,0,0,9,0,0,0,10,0,0:0.02/9:0.98,0,0,2,0:0.02/9:0.98,0,0,0:0.02/2:0.98,0,6,0,0,0,5,0,0,9,0
node_19,0,6,7,0,0,0,9,0,0:0.01/4:0.99,0,10,0:0.01/9:0.99,9,0,0,2,9,0,0,2,0,6,0,0,0,5,0,0:0.01/8:0.99,9,0
node_20,0,6,7,0,0,0,9,0,4,0,10,9,9,0,0,2,9,4,0,2,0,6,0,0,0,5,0,8,9,0
119,0,6,7,0,0,0:0.99/-1:0.01,9,0,4,0,10,9,9,0,0,2,9,4,0,2,0,6,0,0,0,5,0,8,9,0
118,0,6,7,0,0,0,9,0,4,10,10,9,9,0,0,2,9,4,0,2,0,6,0,0,0,5,0,8,9,0
node_23,0,6,7,0,0,0,9,0:0.01/3:0.99,4,0,10,9,9,0,0,2,9,0,0,2,0,6,0:0.01/3:0.99,0,0,5,0,8,9,0:0.01/6:0.99
102,0,6,7,0,0,0,9,3,4,0,10,9,9,0,0,2,9,0,0,2,0,6,3,0,5,5,0,8,9,6
103,0,6,7,0,6,0,9,3,4,0,10,9,9,0,0,2,9,8,0,2,0,6,3,0,6,5,0,8,9,6
node_26,0,6,7,0,0,0,9,0,0,0,10,0,9,0:0.01/8:0.99,0,2,9,0,0,2,0,6,0:0.01/8:0.99,0,0,5,0:0.01/7:0.99,0,9,0
node_27,0,6,7,0,0,0:0.04/-1:0.95/1:0.001/2:0.001/3:0.001/4:0.001/5:0.001/6:0.001/7:0.001/8:0.001/9:0.001/10:0.001,9,0,0,0,10,0,9,8,0,2,9,0,0,2,0,6,8,0,0,5,7,1,9,0
110,0,6,7,0,0,0:0.04/-1:0.95/1:0.001/2:0.001/3:0.001/4:0.001/5:0.001/6:0.001/7:0.001/8:0.001/9:0.001/10:0.001,9,0,0,0,10,0,9,8,0,2,9,0,2,2,0,6,8,0,0,5,7,1,9,0
111,0,6,7,0,0,0:0.04/-1:0.95/1:0.001/2:0.001/3:0.001/4:0.001/5:0.001/6:0.001/7:0.001/8:0.001/9:0.001/10:0.001,9,0,0,0,10,0,9,8,0,2,9,0,0,2,0,6,8,0,0,5,7,1,9,0:0.99/-1:0.01
node_30,0,6,7,0,0,0,9,0,0,0,10,0,9,8,0,2,9,1,0,2,0,6,8,0,0,5,7,0,9,10
98,0,6,7,0,0,0,9,0:0.99/-1:0.01,0,0,10,0,9,8,0,2,9,1,0,2,0,6,8,0,0,5,7,0,9,10
99,0,6,7,0,0,2,9,0,0,0,10,0,9,8,0,2,9,1,0,2,8,6,8,0,0,5,7,0,9,10
node_33,0,6,7,0,0,0,0,0:0.01/10:0.99,0,0:0.01/4:0.99,0:0.01/9:0.99,0:0.01/8:0.99,0:0.01/1:0.99,0:0.01/6:0.99,0,2,0,0:0.01/6:0.99,0,0,0:0.01/8:0.99,6,0,0,0,0,0,0,9,0
node_34,0,6,7,0,0,0,8,10,0,4,9,8,1,6,0,2,0,6,0,0,8,6,4,10,5,2,5,0,9,0
node_35,0,6,7,0,0,0,8,10,0,4,9,8,1,6,0,2,0,6,0,0,8,6,4,10,5,2,5,0,9,0
66,0,6,7,0,0,0,8,10,0,4,9,8,1,6,5,2,0,6,0,0,8,6,4,10,5,2,5,0,9,0
node_37,0,6,7,0:0.02/10:0.98,0,0,8,10,0,4,9,8,1,6,0,2,0,6,0,0,8,6,4,10,5,2,5,0,9,0
67,0,6,7,10,0,0,8,10,0,4,9,8,1,6,0,2,0,6,0,0,8,6,4,10,5,2,5,9,9,0
node_39,0,6,7,10,0,0,8,10,0:0.01/9:0.99,4,9,8,1,6,0,2,0,6,0,0,8,6,4,10,5,2,5,0,9,0:0.01/10:0.99
node_40,0,6,7,10,8,0,8,10,9,4,9,8,1,6,0,2,0,6,0,0,8,6,4,10,5,2,5,0,9,10
86,0,6,7,10,8,0,8,10,9,4,9,8,1,6,0,2,0,6,0,0,8,6,4,10,5,2,5,0,9,10
87,0,6,7,10,8,0,8,10,9,4,9,8,1,6,0,2,0,6,0,0,8,6,4,10,5,2,5,0,9,10
node_43,0,6,7,10,1,0,8,10,9,4,9,8,1,6,0,2,0,6,0,0,8,6,4,10,5,2,5,0,9,10
115,0,6,7,10,1,0,8,10,9,4,9,8,1,6,0,2,0,6,0,0,8,6,4,10,5,2,5,0,9,10
114,0,6,7,10,1,0,8,10,9,4,9,8,1,6,0,2,10,6,0,5,8,6,4,10,5,2,5,0,9,10
node_46,0,6,7,0,0,0,8,10,0,4,9,8,1,6,0,2,0,6,0,0,8,6,4,10,5,2,5,0:0.01/2:0.99,9,0
92,0,6,7,0,0,0,8,10,1,4,9,8,1,6,0,2,0,6,0,0,8,6,4,10,5,2,5,2,9,0
93,0,6,7,0,0,0,8,10,0,4,9,8,1,6,0,2,1,6,0,0,8,6,4,10,5,2,5,2,9,0
node_49,0,6,7,0,0,0,0:0.01/1:0.99,10,0,4,9,8,1,6,0,2,0,6,0,0:0.01/4:0.99,8,6,0,0,0,0,0,0,9,0
node_50,0,6,7,0:0.04/2:0.96,0,0,1,10,0,4,9,8,1,6,0,2,0,6,0,4,8,6,0,0,0,0,0,0,9,0
node_51,0,6,7,2,0,0,1,10,0,4,9,8,1,6,9,2,9,6,0,4,8,6,3,0,0,0,0,0,9,0
84,0,6,7,2,0,0,1,10,0,4,9,8,1,6,9,2,9,6,0,4,8,6,3,0,0,0,0,0,9,0
85,6,6,-1:0.37/7:0.63,2,9,0,1,10,0,4,9,8,1,6,9,2,9,6,8,4,8,6,3,0,0,0,0,9,9,0
node_54,0,6,7,2,0,0,1,10,1,4,9,8,1,6,0,2,0,6,0,4,8,6,6,0,0,0,0,0,9,0
81,0,6,7,2,0,0,1,10,1,4,9,8,1,6,0,2,0,6,0,4,8,6,6,0,0,0,0,4,9,0
80,0,6,-1:0.11/7:0.89,2,0,0,1,10,1,4,9,8,1,6,0,2,0,6,0,4,8,6,6,0,0,0,0,0,9,9
node_57,0,6,7,0,0,3,1,10,0,4,9,8,1,6,0,2,0,6,0,4,8,6,0,8,0,0,0,0,9,0
node_58,0:0.02/6:0.98,6,7,0,0,3,1,10,0,4,9,8,1,6,0,2,0,6,0,4,8,6,0,8,0,0,0,0,9,0
76,6,6,7,6,0,3,1,10,0,4,9,8,1,6,0,2,0,6,0,4,8,6,0,8,0,0,0,0,9,6
77,6,6,7,0,0,3,1,10,0,4,9,8,1,6,0,2,10,6,0,4,8,6,0,8,0,0,0,0,9,0
node_61,0,6,7,0,0,3,1,10,0,4,9,8,1,6,0,2,0,6,0,4,8,6,0,8,0,0,0,4,9,0
78,0,6,7,7,5,3,1,10,0,4,9,8,1,6,0,2,0,6,0,4,8,6,0,8,0,0,0,4,9,0
79,0,6,7,0,0,3,1,10,0,4,9,8,1,6,0,2,0,6,0,4,8,6,0,8,0,0,0,4,9,0
node_64,0:0.02/10:0.98,6,7,0,0,0:0.02/1:0.98,0,0,0,0,0,0,0,0:0.02/10:0.98,0,2,0,0:0.02/1:0.98,0,0,0:0.02/3:0.98,6,0,0,0,0,0,0,0,0:0.02/6:0.98
node_65,10,6,7,0,2,1,0,6,0,0,0,4,0,10,0,2,3,1,10,0,3,6,0,0,0,0,0,0,0,6
node_66,10,6,7,0,2,1,0,6,0,0,10,4,0,10,0,2,3,1,10,0,3,6,0,0,0,0,0,0,0,6
117,10,6,7,0,2,1,0,6,0,0,10,4,0,10,0,2,3,1,10,0,3,6,0,0,0,0,0,0,0,6
node_68,10,6,7,0,2,1,0,6,0,0,10,4,0,10,0,2,3,1,10,0,3,6,0,0,0,0,0,0,0,6
116,10,6,7,0,2,1,0,6,0,0,10,4,0,10,0,2,3,1,10,0,3,6,0,0,0,0,0,0,0,6
node_70,10,6,7,0,2,1,0,6,0,0,10,4,0,10,0,2,3,1,10,0,3,6,0,0,0,0,0,0,0,6
105,10,6,7,2,2,1,0,6,0,0,10,4,0,10,0,2,-1:0.1/3:0.9,1,10,0,3,-1:0.1/6:0.9,0,0,0,0,0,0,0,6
node_72,10,6,7,0,2,1,0,6,0,0,10,4,0,10,0,2,3,1,10,0,3,6,0,0,0,0,0,0,0,6
node_73,10,6,7,0,2,1,0,6,0,0:0.01/9:0.99,10,4,0,10,0,2,3,1,10,0,3,6,0:0.01/4:0.99,0,0,0,0,0,0,6
node_74,10,6,7,0,2,1,0,6,0,9,10,4,0,10,8,2,3,1,10,0,3,6,4,0,0,0,0,0,0,6
127,10,6,7,0,2,1,0,6,0,9,10,4,0,10,8,2,3,1,10,0,3,6,4,0,2,0,0,7,0,6
126,10,6,7,0,2,1,0,6,0,9,10,4,0,10,8,2,3,1,10,0,3,6,4,0,0,0,0,0,0,6
node_77,10,6,7,7,2,1,0,6,0,9,10,4,0,10,9,2,3,1,10,0,3,6,4,0,0,0,5,0,0,6
122,10,6,7,7,2,1,0,6,0,9,10,4,8,10,9,2,3,1,10,0,3,6,4,0,0,0,5,0,0,6
123,10,6,7,7,2,1,0,6,0,9,10,4,0,10,9,2,3,1,10,0,3,6,4,0,0,0,5,0,0,6
104,10,6,7,0,2,1,0,6,0,0,10,4,0,10,8,2,3,1,10,0,3,6,0,0,0,0,0,0,7,6
node_81,10,6,7,0,2,1,1,6,0,3,0,4,3,10,0,2,3,1,10,0,3,6,0,0,0,0,0,0,0,6
node_82,10,6,7,0,2,1,1,6,0,3,0,4,3,10,0,2,3,1,10,0,3,6,0,0,0,0:0.04/8:0.96,0,0,0,6
node_83,10,6,7,0,2,1,1,6,0,3,3,4,3,10,1,2,3,1,10,0,3,6,0,0,0,8,0,0,0,6
91,10,6,7,0,2,1,1,6,0,3,3,4,3,10,1,2,3,1,10,0,3,6,0,0,0,8,0,0,0:0.99/-1:0.01,6
90,10,6,7,0,2,1,1,6,10,3,3,4,3,10,1,2,3,1,10,0,3,6,0,0,0,8,0,0,0,6
node_86,10,6,7,0,2,1,1,6,0,3,0,4,3,10,0,2,3,1,10,0,3,6,0,0:0.02/4:0.98,0,8,0,0,6,6
120,10,6,7,0,2,1,1,6,0,3,0,4,3,10,0,2,3,1,10,0,3,6,0,0:0.02/-1:0.01/4:0.97,0,8,0,0,6,6
121,10,6,7,0,2,1,1,6,0,3,0,4,3,10,0,2,3,1,10,0,3,6,0,4,0,8,0,0,6,6
node_89,10,6,7,0,2,1,1,6,0,3,0:0.02/7:0.98,4,3,10,0,2,3,1,10,0,3,6,0,0,0,0,0,0,0,6
node_90,10,6,-1:0.92/7:0.08,0,2,1,1,6,0,3,7,4,3,10,0,2,3,1,10,0,3,6,0,0,0,0,0,0,0,6
113,10,6,-1:0.92/7:0.08,0,2,1,1,6,0,3,7,4,3,10,0,2,3,1,10,0,3,6,0,0,0,0,0,0,0,6
112,10,-1:0.12/6:0.88,-1:0.93/7:0.07,0,2,1,1,6,0,3,7,4,3,10,0,2,3,1,10,0,3,6,7,0,0,0,0,0,0,6
node_93,10,6,7,0,2,1,1,6,0,3,7,4,3,10,0,2,3,1,10,0,3,6,0:0.03/-1:0.96/1:0.001/2:0.001/3:0.001/4:0.001/5:0.001/6:0.001/7:0.001/8:0.001/9:0.001/10:0.001,0,0,0,0,0:0.01/2:0.99,0,6
109,10,6,7,0,2,1,1,6,0,3,7,4,3,10,0,2,3,1,10,9,3,6,0:0.03/-1:0.97,0,0,0,0,2,0,6
108,10,6,7,0,-1:0.14/2:0.86,1,1,6,0,3,7,4,3,10,0,2,3,1,10,0,3,6,0:0.02/-1:0.97/1:0.001/2:0.001/3:0.001/4:0.001/5:0.001/6:0.001/7:0.001/8:0.001/9:0.001/10:0.001,0,0,0,7,2,0,6
node_96,10,6,7,0,0,1,0,0,0,0,0:0.01/5:0.99,0,0,10,0,2,0:0.01/1:0.99,1,0,0,3,6,0:0.01/7:0.99,0,0:0.01/3:0.99,0,0,0,0:0.01/6:0.99,6
node_97,10,6,7,0,0:0.01/6:0.99,1,0,0,0,0,5,0,0,10,0:0.01/2:0.99,2,1,1,0,0,3,6,7,0,3,0,0,0,6,6
node_98,10,6,7,1,6,1,3,0,0,0,5,0:0.03/1:0.97,0,10,2,2,1,1,0,0,3,6,7,0,3,0,0,0,6,6
node_99,10,6,7,1,6,1,3,0,0,0,5,0:0.01/1:0.99,0,10,2,2,1,1,0,0,3,6,7,0,3,0,0,0,6,6
89,10,6,7,1,6,1,3,0,0,0,5,1,0,10,2,2,1,1,0,0,3,6,7,0,3,0,2,0,6,6
node_101,10,6,7,1,6,1,3,0:0.01/1:0.99,0:0.01/8:0.99,0,5,1,0:0.01/8:0.99,10,2,2,1,1,0,0,3,6,7,0,3,0,0,0:0.01/7:0.99,6,6
83,10,6,7,1,6,1,3,1,8,0,5,1,8,10,2,2,1,1,5,8,3,-1:0.49/6:0.51,7,0,3,0,5,7,6,6
82,10,6,7,1,6,1,3,1,8,7,5,1,8,10,2,2,1,1,0,0,3,6,7,0,3,0,0,7,6,6
88,10,6,7,1,6,1,3,0,0,0,-1:0.18/5:0.82,0:0.02/-1:0.18/1:0.8,0:0.69/-1:0.18/1:0.013/2:0.013/3:0.013/4:0.013/5:0.013/6:0.013/7:0.013/8:0.013/9:0.013/10:0.013,10,2,2,1,1,0,10,3,6,7,0,3,0,0,0,6,6
node_105,10,6,7,0,6,1,0,0,0,0,5,0,0,10,2,2,1,1,0,0,3,6,7,0,3,0,0:0.02/5:0.98,0,6,6
node_106,10,6,7,0,6,1,0,0,0,0,5,0:0.01/6:0.99,0,10,2,2,1,1,0,0,3,6,7,0,3,0,5,0,6,6
74,10,6,7,0,6,1,4,0,0,0,5,6,0,10,2,2,1,1,0,0,3,6,7,0,3,0,5,0,6,6
75,10,6,7,4,6,1,0,0,0,0,5,6,0,10,2,2,1,1,0,0,3,6,7,0,3,0,5,0,6,6
node_109,10,6,7,8,6,1,0,0,0,0,5,0,0,10,2,2,1,1,8,6,3,6,7,0,3,0,5,0,6,6
94,10,6,7,8,6,1,0,0,0,0,5,0,0,10,2,2,1,1,8,6,3,6,7,0,3,0,5,0,6,6
95,10,6,7,8,6,1,0,0,0,7,5,0,4,10,2,2,1,1,8,6,3,6,7,0,3,0,5,0,6,6
node_112,10,6,7,8,0,1,0,0,0,0,5,0,0,10,0,2,1,1,4,0,3,6,7,0,3,0,0,2,6,6
node_113,10,6,7,8,0,1,0,0,0,0,5,0,0:0.05/8:0.95,10,0,2,1,1,4,0,3,6,7,0,3,0,0,2,6,6
node_114,10,6,7,8,0:0.03/5:0.97,1,0,0,0:0.03/4:0.97,0,5,0,8,10,0,2,1,1,4,0,3,6,7,0,3,0,0,2,6,6
65,10,6,7,8,5,1,0,0,4,0,5,0,8,10,7,2,1,1,4,0,3,6,7,7,3,1,0,2,6,6
64,10,6,7,8,5,1,0,0,4,0,5,0,8,10,0,2,1,1,4,6,3,6,7,0,3,5,0,2,6,6
node_117,10,6,7,8,0,1,0,0,2,0,5,0,8,10,5,2,1,1,4,0,3,6,7,0,3,10,0,2,6,6
71,10,6,7,8,0,1,0,9,2,0,5,0,8,10,5,2,1,1,4,0,3,6,7,0,3,10,0,2,6,6
70,10,6,7,8,0,1,0,0,2,0,5,0,8,10,5,2,1,1,4,0,3,6,7,0,3,10,0,2,6,6
node_120,10,6,7,8,0,1,0,0,0,0,5,5,0,10,0,2,1,1,4,0,3,6,7,0,3,0,0,2,6,6
124,-1:0.13/10:0.87,6,7,8,0,-1:0.13/1:0.87,0,0,0,0,5,5,0,10,0,2,1,1,4,0,3,6,7,3,3,0,0,2,6,6
node_122,10,6,7,8,0,1,0,0,0,0,5,5,0,10,0,2,1,1,4,0,3,6,7,0,3,0,0,2,6,6
125,10,6,7,8,0,1,0,0,0,0,5,5,0,10,0,2,1,1,4,0,3,6,7,0,3,0,0,2,6,6
node_124,10,6,7,8,0,1,0,0:0.01/2:0.99,0:0.01/10:0.99,0,5,5,0,10,0,2,1,1,4,0,3,6,7,0,3,0:0.01/7:0.99,0,2,6,6
100,10,6,7,8,0,1,0,2,10,0,5,5,0,10,10,2,1,1,4,0,3,6,7,0,3,7,0,2,6,6
101,10,6,7,8,0,1,0,2,10,7,5,5,0,10,3,2,1,1,4,0,3,6,7,0,3,7,0,2,6,6
