cell,r1,r2,r3,r4,r5,r6,r7,r8,r9,r10,r11,r12,r13,r14,r15,r16,r17,r18,r19,r20,r21,r22,r23,r24,r25,r26,r27,r28,r29,r30,r31,r32,r33,r34,r35,r36,r37,r38,r39,r40,r41,r42,r43,r44,r45,r46,r47,r48,r49,r50,r51,r52,r53,r54,r55,r56,r57,r58,r59,r60,r61,r62,r63,r64,r65,r66,r67,r68,r69,r70
n16,7,1,7,9,0,5,0,10,3,2,0,6,4,5,8,10,3,0,4,0,0,3,8,9,4,5,0,7,9,2,9,0,7,0,1,0,2,3,1,5,0,0,10,0,7,10,4,4,10,0,6,2,4,1,4,1,2,0,1,10,1,8,1,8,8,1,5,3,0,0
n15,7,1,7,9,0,5,0,10,3,2,0,6,4,5,8,10,3,0,4,0,0,3,8,9,4,5,0,7,9,2,9,6,7,0,1,3,2,3,1,5,0,0,10,0,7,10,4,4,10,0,6,2,4,1,4,1,2,0,1,10,1,8,1,8,8,1,5,3,4,0
n18,7,1,7,9,10,5,5,10,3,2,8,6,4,5,8,10,3,0,4,4,0,3,8,9,4,5,0,7,9,2,9,0,7,0,1,4,2,3,1,5,0,0,10,2,7,10,4,4,10,0,6,2,4,1,4,1,2,1,0,0,1,8,1,8,8,1,1,3,0,7
n17,7,1,7,9,10,5,5,10,3,2,0,6,4,5,8,10,3,7,4,0,0,3,8,9,4,5,0,7,9,2,9,0,7,0,1,0,2,3,1,5,0,0,10,2,7,10,4,4,10,0,6,2,4,1,4,1,2,1,1,3,1,8,1,8,8,1,1,3,0,0
n22,7,1,7,9,6,5,9,10,3,2,0,6,4,5,8,10,3,0,4,6,0,3,8,9,4,5,0,7,9,2,9,4,7,0,1,8,2,3,0,5,0,0,10,0,0,10,4,4,10,6,6,2,4,1,4,1,2,9,2,0,1,8,1,8,2,1,0,3,0,9
n21,7,1,7,9,6,5,9,10,3,2,6,6,4,5,8,10,3,0,4,6,0,3,8,9,4,5,0,7,9,2,9,4,7,0,1,0,2,3,7,5,2,9,10,0,0,10,4,4,10,6,6,2,4,1,4,1,2,0,2,0,1,8,1,8,2,1,0,3,0,9
n24,7,1,7,9,0,5,0,10,3,2,0,6,4,5,8,10,3,0,4,6,0,3,8,9,4,5,2,7,9,2,9,5,7,8,1,2,2,3,7,5,3,0,10,5,0,10,4,4,10,0,6,2,4,1,4,1,2,0,2,8,1,8,1,8,0,1,0,3,4,9
n23,7,1,7,9,0,5,7,10,3,2,0,6,4,5,8,10,3,6,4,6,6,3,8,9,4,5,2,7,9,2,9,5,7,8,1,0,2,3,7,5,3,0,10,10,0,10,4,4,10,0,6,2,4,1,4,1,2,0,2,8,1,8,1,8,0,1,8,3,4,9
n30,7,1,7,9,0,5,0,0,3,10,0,6,4,5,8,10,3,3,4,0,0,3,8,9,4,5,0,7,9,2,9,8,7,2,1,4,2,3,1,5,7,1,0,0,1,10,4,4,10,7,6,0,4,1,4,9,2,4,0,0,1,8,1,8,5,1,0,3,6,0
n29,7,1,7,9,6,5,3,0,3,9,0,6,4,5,8,10,3,3,4,0,0,3,8,9,4,5,10,7,9,2,9,8,7,2,1,4,2,3,1,5,7,1,0,0,1,10,4,4,10,0,6,0,4,1,4,9,2,4,0,0,1,8,1,8,5,1,0,3,6,0
n32,7,1,7,9,0,5,0,2,3,9,5,6,4,5,8,10,3,3,4,0,1,3,8,9,4,5,0,7,9,2,9,8,7,0,1,4,2,3,1,5,8,0,8,6,0,10,4,4,10,0,6,1,4,1,4,9,2,4,0,6,1,8,1,8,5,1,7,3,6,0
n31,7,1,7,9,0,5,5,2,3,9,5,6,4,5,8,10,3,3,4,0,1,3,8,9,4,5,0,7,9,2,9,8,7,0,1,4,2,3,1,5,8,0,0,0,0,10,4,4,10,6,6,1,4,1,4,9,2,4,0,0,1,8,1,8,5,1,7,3,6,0
n36,7,1,7,9,10,5,4,0,3,0,3,6,4,5,8,10,3,8,4,5,0,3,8,9,4,5,3,7,9,2,9,0,7,0,1,4,2,3,0,5,4,0,0,5,0,10,4,4,10,0,6,0,4,1,4,9,2,0,0,0,1,8,1,8,5,1,0,3,6,0
n35,7,1,7,9,10,5,4,0,3,0,3,6,4,5,8,10,3,8,4,5,0,3,8,9,4,5,0,7,9,2,9,7,7,0,1,4,2,3,0,5,4,0,0,5,0,10,4,4,10,8,6,0,4,1,4,9,2,5,0,0,1,8,1,8,5,1,0,3,6,0
n38,7,1,7,9,0,5,4,0,3,0,3,6,4,5,8,10,3,4,4,5,1,3,8,9,4,5,6,7,9,2,9,0,7,0,1,4,2,3,10,5,0,10,0,0,0,10,4,4,10,3,6,0,4,1,4,9,2,0,0,0,1,8,1,8,5,1,0,3,6,0
n37,7,1,7,9,10,5,4,0,3,0,3,6,4,5,8,10,3,4,4,5,1,3,8,9,4,5,4,7,9,2,9,0,7,0,1,4,2,3,0,5,1,10,0,0,0,10,4,4,10,3,6,0,4,1,4,9,2,3,3,0,1,8,1,8,5,1,0,3,6,0
n46,7,1,7,9,2,5,0,6,3,9,2,9,4,5,8,10,3,2,4,5,10,3,8,9,4,5,10,7,9,2,9,4,1,0,1,0,2,3,0,5,0,0,5,0,9,10,4,4,10,1,6,0,4,1,4,8,2,0,9,0,1,8,1,3,0,1,3,3,0,0
n45,7,1,7,9,2,5,0,6,3,9,6,0,4,5,8,10,3,2,4,0,10,3,8,9,4,5,4,7,9,2,9,4,0,0,1,0,2,3,3,5,0,0,5,0,9,10,4,4,10,1,6,2,4,1,4,8,2,0,0,9,1,8,1,3,0,1,3,3,0,6
n48,7,1,7,9,2,5,0,6,3,9,0,3,4,5,8,10,3,0,4,9,10,3,8,9,4,5,0,7,9,2,9,4,0,0,1,0,2,3,0,5,0,0,5,3,9,10,4,4,10,1,6,5,4,1,4,8,2,0,0,6,1,8,1,0,0,1,3,3,8,0
n47,7,1,7,9,2,5,0,6,3,9,0,3,4,5,8,10,3,0,4,9,10,3,8,9,4,5,0,7,9,2,9,4,0,0,1,0,2,3,0,5,5,0,5,3,9,10,4,4,10,1,6,5,4,1,4,8,2,0,0,0,1,8,1,0,8,1,3,3,8,10
n52,7,1,7,9,9,5,5,0,3,9,0,5,4,5,8,10,3,2,4,0,10,3,8,9,4,5,3,7,9,2,9,4,9,10,1,0,2,3,1,5,0,0,5,10,0,10,4,4,10,0,6,0,4,1,4,8,2,0,8,0,1,8,1,0,4,1,3,3,8,0
n51,7,1,7,9,9,5,5,0,3,9,0,0,4,5,8,10,3,2,4,0,10,3,8,9,4,5,3,7,9,2,9,4,9,10,1,0,2,3,0,5,0,0,5,10,0,10,4,4,10,0,6,0,4,1,4,8,2,10,8,0,1,8,1,0,4,1,3,3,8,0
n54,7,1,7,9,9,5,0,0,3,9,0,0,4,5,8,10,3,2,4,7,10,3,8,9,4,5,0,7,9,2,9,4,0,0,1,0,2,3,0,5,9,0,5,10,1,10,4,4,10,4,6,9,4,1,4,8,2,0,0,0,1,8,1,0,3,1,3,3,8,1
n53,7,1,7,9,9,5,0,0,3,9,0,5,4,5,8,10,3,2,4,7,10,3,8,9,4,5,0,7,9,2,9,4,0,0,1,0,2,3,0,5,9,0,5,10,1,10,4,4,10,8,6,0,4,1,4,8,2,0,10,0,1,8,1,4,0,1,3,3,8,1
n60,7,1,7,9,5,5,0,2,3,2,0,1,4,5,8,10,3,8,4,1,10,3,8,9,4,5,0,7,9,2,9,4,5,0,1,0,2,3,1,5,1,6,5,5,2,10,4,4,10,3,6,2,4,1,4,1,2,0,1,0,1,8,1,6,0,1,8,3,0,2
n59,7,1,7,9,5,5,0,0,3,2,0,1,4,5,8,10,3,8,4,0,10,3,8,9,4,5,0,7,9,2,9,4,5,7,1,1,2,3,1,5,0,6,5,5,0,10,4,4,10,3,6,2,4,1,4,1,2,0,1,0,1,8,1,6,0,1,0,3,2,2
n62,7,1,7,9,5,5,4,7,3,0,0,1,4,5,8,10,3,0,4,0,10,3,8,9,4,5,8,7,9,2,9,4,9,0,1,0,2,3,1,5,0,6,5,5,0,10,4,4,10,3,6,2,4,1,4,0,2,0,1,0,1,8,1,6,0,1,0,3,0,2
n61,7,1,7,9,5,5,0,0,3,0,10,1,4,5,8,10,3,0,4,5,10,3,8,9,4,5,0,7,9,2,9,4,9,6,1,0,2,3,1,5,3,6,5,5,0,10,4,4,10,3,6,2,4,1,4,0,2,5,1,4,1,8,1,6,0,1,0,3,0,2
n66,7,1,7,9,5,5,6,0,3,0,9,1,4,5,8,10,3,0,4,0,10,3,8,9,4,5,0,7,9,2,9,4,2,7,1,0,2,3,1,5,1,0,5,0,0,10,4,4,10,3,6,2,4,1,4,0,2,7,0,1,1,8,1,6,0,1,10,3,0,0
n65,7,1,7,9,5,5,0,0,3,0,9,1,4,5,8,10,3,0,4,0,10,3,8,9,4,5,8,7,9,2,9,4,2,0,1,0,2,3,1,5,0,9,5,0,0,10,4,4,10,3,6,2,4,1,4,5,2,0,0,1,1,8,1,6,0,1,10,3,0,3
n68,7,1,7,9,5,5,0,5,3,0,0,1,4,5,8,10,3,0,4,0,10,3,8,9,4,5,6,7,9,2,9,4,10,4,1,0,2,3,1,5,0,0,5,7,9,10,4,4,10,3,6,2,4,1,4,0,2,0,0,0,1,8,1,6,0,1,10,3,0,0
n67,7,1,7,9,5,5,0,0,3,0,0,1,4,5,8,10,3,8,4,6,10,3,8,9,4,5,6,7,9,2,9,4,10,4,1,7,2,3,1,5,0,0,5,0,9,10,4,4,10,3,6,2,4,1,4,0,2,0,0,10,1,8,1,6,0,1,10,3,0,0
n78,7,0,7,9,6,5,0,2,0,2,2,2,4,5,8,10,3,0,4,4,8,3,8,0,4,5,7,7,9,2,0,10,0,0,0,4,2,3,8,3,9,5,5,0,1,10,4,7,10,0,0,0,4,1,4,8,2,0,0,0,5,8,1,4,5,1,9,9,1,0
n77,7,0,7,9,6,5,0,2,0,2,2,2,4,5,8,10,3,0,4,4,8,3,8,0,4,5,7,7,9,2,0,10,4,8,0,4,2,3,8,3,9,5,5,2,1,10,4,7,10,5,0,0,4,1,4,8,2,0,0,0,0,8,1,4,5,1,9,9,1,0
n80,7,0,7,9,6,5,0,0,0,2,2,2,4,5,8,10,3,0,4,4,8,3,8,0,4,5,7,7,9,2,0,10,0,0,5,4,2,3,8,3,9,5,5,0,1,10,4,7,10,0,1,0,4,1,4,8,2,0,0,4,0,8,1,4,5,1,9,9,1,0
n79,7,0,7,9,6,5,0,0,1,2,2,2,4,5,8,10,3,0,4,4,8,3,8,8,4,5,7,7,9,2,0,10,0,0,0,4,2,3,8,3,9,5,5,0,1,10,4,7,10,0,1,0,4,1,4,8,2,0,0,4,10,8,1,4,5,1,9,9,1,0
n84,7,0,7,9,4,5,10,5,10,2,2,2,4,5,8,10,3,0,4,4,0,3,8,0,4,5,7,7,9,2,8,10,0,4,0,4,2,3,8,3,9,0,5,6,1,10,4,7,10,7,0,0,4,1,4,8,2,0,0,3,8,8,1,0,5,1,9,0,0,0
n83,7,8,7,9,4,5,10,0,10,2,2,2,4,5,8,10,3,2,4,4,0,3,8,0,4,5,7,7,9,2,0,10,10,0,10,4,2,3,8,3,9,0,5,6,1,10,4,7,10,0,0,0,4,1,4,8,2,0,0,3,0,8,1,0,5,1,9,0,0,0
n86,7,9,7,9,4,5,0,0,10,2,2,2,4,5,8,10,3,0,4,4,0,3,8,0,4,5,7,7,9,2,0,10,0,5,0,4,2,3,8,3,9,0,5,0,1,10,4,7,10,0,0,0,4,1,4,8,2,1,0,3,5,8,1,0,5,1,9,0,0,0
n85,7,9,7,9,4,5,0,0,10,2,2,2,4,5,8,10,3,0,4,4,9,3,8,0,4,5,7,7,9,2,0,10,0,0,2,4,2,3,8,3,9,0,5,0,1,10,4,7,10,6,2,0,4,1,4,8,2,1,0,3,5,8,1,0,5,1,9,0,9,0
n92,7,0,7,9,5,5,0,0,7,2,2,2,4,5,8,10,3,4,4,4,2,3,8,4,4,5,7,7,9,2,0,10,3,2,2,4,2,3,8,3,9,0,9,3,1,10,4,7,10,0,4,0,4,1,4,8,2,2,0,6,9,8,1,0,9,1,3,7,10,4
n91,7,0,7,9,5,5,0,0,7,2,2,2,4,5,8,10,3,4,4,4,0,3,8,4,4,5,7,7,9,2,0,10,3,2,2,4,2,3,8,3,9,0,9,3,1,10,4,7,10,0,4,9,4,1,4,8,2,2,0,6,9,8,1,9,9,1,3,0,10,4
n94,7,0,7,9,7,5,5,0,0,2,2,2,4,5,8,10,3,4,4,4,3,3,8,4,4,5,7,7,9,2,7,10,3,2,2,4,2,3,8,3,9,7,9,9,1,10,4,7,10,10,4,0,4,1,4,8,2,4,0,6,9,8,1,0,9,1,3,0,10,0
n93,7,0,7,9,7,5,5,0,0,2,2,2,4,5,8,10,3,4,4,4,0,3,8,4,4,5,7,7,9,2,0,10,3,2,2,4,2,3,8,3,9,0,9,0,1,10,4,7,10,10,4,0,4,1,4,8,2,0,0,6,9,8,1,0,9,1,3,0,10,0
n98,7,0,7,9,0,5,0,0,5,2,2,2,4,5,8,10,3,0,4,4,10,3,8,4,4,5,7,7,9,2,8,10,3,7,7,4,2,3,8,3,9,0,9,0,1,10,4,7,10,0,0,0,4,1,4,8,2,0,8,6,7,8,1,3,9,1,3,0,10,0
n97,7,0,7,9,0,5,0,5,5,2,2,2,4,5,8,10,3,0,4,4,0,3,8,4,4,5,7,7,9,2,8,10,3,7,7,4,2,3,8,3,9,0,9,0,1,10,4,7,10,0,0,0,4,1,4,8,2,0,8,6,0,8,1,3,9,1,3,0,10,0
n100,7,0,7,9,0,5,0,0,5,2,2,2,4,5,8,10,3,0,4,4,3,3,8,4,4,5,7,7,9,2,0,10,3,7,0,4,2,3,8,3,9,0,9,0,1,10,4,7,10,0,0,0,4,1,4,8,2,0,8,6,6,8,1,3,9,1,0,0,10,0
n99,7,0,7,9,1,5,0,0,5,2,2,2,4,5,8,10,3,0,4,4,3,3,8,4,4,5,7,7,9,2,0,10,3,7,3,4,2,3,8,3,9,0,9,0,1,10,4,7,10,0,0,0,4,1,4,8,2,0,8,6,0,8,1,3,9,1,3,0,10,0
n108,7,9,7,9,10,5,5,2,8,2,0,2,4,5,8,10,3,4,4,4,4,3,8,0,4,5,7,7,9,2,0,0,6,6,9,1,2,3,8,3,7,1,4,6,1,10,4,7,10,5,8,8,4,1,4,8,2,0,0,0,3,8,1,7,2,1,0,0,3,8
n107,7,0,7,9,10,5,5,2,8,2,9,2,4,5,8,10,3,4,4,4,4,3,8,1,4,5,7,7,9,2,0,0,6,6,9,1,2,3,8,3,7,1,4,6,1,10,4,7,10,5,8,8,4,1,4,8,2,0,0,0,3,8,1,7,2,1,0,0,3,8
n110,7,0,7,9,10,5,5,2,8,2,9,2,4,5,8,10,3,4,4,4,0,3,8,0,4,5,7,7,9,2,0,3,6,6,9,1,2,3,8,3,7,1,4,6,1,10,4,7,10,0,8,0,4,1,4,8,2,0,0,3,3,8,1,7,2,1,0,0,3,8
n109,7,0,7,9,10,5,5,2,8,2,9,2,4,5,8,10,3,4,4,4,0,3,8,10,4,5,7,7,9,2,0,0,6,6,9,1,2,3,8,3,7,1,4,6,1,10,4,7,10,0,8,0,4,1,4,8,2,0,0,0,3,8,1,7,2,1,0,0,3,8
n114,7,0,7,9,10,5,5,3,8,2,0,2,4,5,8,10,3,0,4,4,0,3,8,0,4,5,7,7,9,2,0,8,6,6,9,1,2,3,8,3,9,0,4,6,1,10,4,7,10,0,0,3,4,1,4,8,2,0,0,0,3,8,1,7,2,1,0,3,3,8
n113,7,0,7,9,10,5,5,3,8,2,0,2,4,5,8,10,3,0,4,4,0,3,8,0,4,5,7,7,9,2,0,8,6,6,0,1,2,3,8,3,9,0,4,6,1,10,4,7,10,0,0,3,4,1,4,8,2,0,4,0,3,8,1,7,2,1,7,3,3,8
n116,7,0,7,9,10,5,5,3,8,2,0,2,4,5,8,10,3,8,4,4,0,3,8,0,4,5,7,7,9,2,0,8,6,6,0,1,2,3,8,3,3,0,4,6,1,10,4,7,10,0,0,0,4,1,4,8,2,0,8,0,3,8,1,7,2,1,10,0,3,8
n115,7,1,7,9,10,5,5,3,8,2,0,2,4,5,8,10,3,8,4,4,6,3,8,3,4,5,7,7,9,2,8,8,6,6,0,1,2,3,8,3,0,0,4,6,1,10,4,7,10,0,8,10,4,1,4,8,2,0,0,4,3,8,1,7,2,1,0,2,3,8
n122,7,0,7,9,10,5,4,10,0,2,2,2,4,5,8,10,3,0,4,4,8,3,8,0,4,5,7,7,9,2,7,0,6,4,9,1,2,3,6,3,0,0,0,0,1,10,4,7,10,9,9,10,4,1,4,8,2,0,2,3,0,8,1,0,2,1,0,7,3,8
n121,7,0,7,9,10,5,4,10,0,2,2,2,4,5,8,10,3,0,4,4,4,3,8,0,4,5,7,7,9,2,7,0,6,4,9,1,2,3,6,3,0,0,10,2,1,10,4,7,10,0,9,10,4,1,4,8,2,0,2,0,6,8,1,0,2,1,7,7,3,8
n124,7,0,7,9,10,5,4,10,0,2,2,2,4,5,8,10,3,0,4,4,0,3,8,0,4,5,7,7,9,2,7,0,6,4,9,1,2,3,6,3,0,7,0,8,1,10,4,7,10,0,0,10,4,1,4,8,2,0,0,0,0,8,1,9,2,1,0,7,3,8
n123,7,7,7,9,10,5,4,10,1,2,2,2,4,5,8,10,3,0,4,4,2,3,8,0,4,5,7,7,9,2,7,1,6,4,9,1,2,3,6,3,0,7,0,8,1,10,4,7,10,0,0,10,4,1,4,8,2,0,0,0,7,8,1,0,2,1,0,7,3,8
n128,7,7,7,9,10,5,4,10,0,2,2,2,4,5,8,10,3,0,4,4,8,3,8,2,4,5,7,7,9,2,7,0,6,4,9,1,2,3,6,3,0,0,0,6,1,10,4,7,10,0,6,10,4,1,4,8,2,10,4,0,10,8,1,0,2,1,10,7,3,8
n127,7,0,7,9,10,5,4,10,0,2,2,2,4,5,8,10,3,0,4,4,8,3,8,0,4,5,7,7,9,2,7,0,6,4,9,1,2,3,6,3,0,0,0,6,1,10,4,7,10,3,6,10,4,1,4,8,2,10,4,0,10,8,1,5,2,1,10,7,3,8
n130,7,0,7,9,10,5,4,10,4,2,2,2,4,5,8,10,3,6,4,4,8,3,8,6,4,5,7,7,9,2,7,0,6,4,9,1,2,3,6,3,6,0,0,6,1,10,4,7,10,1,6,10,4,1,4,8,2,0,4,0,10,8,1,0,2,1,0,7,3,8
n129,7,0,7,9,10,5,4,10,7,2,2,2,4,5,8,10,3,6,4,4,8,3,8,0,4,5,7,7,9,2,7,5,6,4,9,1,2,3,6,3,0,0,0,6,1,10,4,7,10,1,6,10,4,1,4,8,2,0,4,0,10,8,1,1,2,1,0,7,3,8
n142,7,2,7,0,0,6,7,0,0,6,3,10,4,1,8,10,3,8,4,5,3,3,8,10,4,5,7,7,9,2,3,10,3,9,4,9,2,6,4,10,3,7,5,6,9,10,5,8,9,9,8,9,4,1,4,5,2,4,0,7,5,8,1,10,3,3,4,8,9,0
n141,7,2,7,0,0,6,7,0,0,6,3,10,4,1,8,10,3,8,4,5,3,3,8,10,4,5,7,7,9,2,0,10,3,9,4,0,2,6,4,10,3,7,5,6,9,10,5,8,9,9,8,9,4,1,4,5,2,4,0,7,5,8,1,10,3,3,4,8,9,0
n144,7,2,7,0,0,6,7,1,8,0,3,10,4,1,8,10,3,8,4,5,3,3,8,0,4,5,7,7,9,2,0,0,3,7,4,0,2,6,4,3,3,7,0,6,9,10,5,8,9,9,8,9,4,1,4,5,2,4,1,7,5,8,1,10,3,3,4,8,9,0
n143,7,2,7,0,0,6,7,1,8,0,3,10,4,1,8,10,3,8,4,5,3,3,8,0,4,5,7,7,9,2,0,0,3,7,4,8,2,6,4,3,3,7,4,6,9,10,5,8,9,9,8,9,4,1,4,5,2,4,1,7,5,8,1,10,3,3,4,8,9,6
n148,7,7,7,2,0,6,7,0,0,0,3,10,4,1,8,10,3,8,4,5,8,3,8,10,4,5,7,7,9,2,4,8,3,0,4,10,2,6,4,3,3,7,0,6,9,10,5,8,9,0,8,9,4,1,4,5,2,4,0,7,0,8,1,10,3,3,4,8,9,0
n147,7,7,7,2,0,6,7,0,0,0,3,10,4,1,8,10,3,8,4,5,8,3,8,0,4,5,7,7,9,2,4,8,3,10,4,0,2,6,4,0,3,7,0,6,9,10,5,8,9,0,8,9,4,1,4,5,2,4,0,7,0,8,1,10,3,3,4,8,9,0
n150,7,7,7,2,0,6,7,0,3,0,3,10,4,1,8,10,3,8,4,5,8,3,8,5,4,5,7,7,9,2,3,0,3,0,4,4,2,6,4,0,3,7,0,6,9,10,5,8,9,10,8,9,4,1,4,5,2,4,7,7,0,8,1,10,3,3,4,8,9,0
n149,7,7,7,2,0,6,7,6,0,0,3,10,4,1,8,10,3,8,4,5,8,3,8,5,4,5,7,7,9,2,0,0,3,1,4,4,2,6,4,0,3,7,0,6,9,10,5,8,9,0,8,9,4,1,4,5,2,4,7,7,0,8,1,10,3,3,4,8,9,3
n156,7,8,7,0,6,0,7,6,8,6,3,0,4,1,8,10,3,8,4,5,0,3,8,6,4,5,0,7,9,2,9,2,3,0,4,8,2,6,4,3,0,7,0,3,0,10,0,8,9,9,8,9,4,1,4,5,2,6,1,7,0,8,1,5,3,3,4,8,9,1
n155,7,8,7,0,6,0,7,6,8,0,3,0,4,1,8,10,3,8,4,5,0,3,8,6,4,5,0,7,9,2,9,2,3,5,4,8,2,6,4,3,0,7,0,3,0,10,6,8,9,9,8,9,4,1,4,5,2,4,1,7,0,8,1,5,3,3,4,8,9,1
n158,7,8,7,0,6,0,7,0,6,0,3,10,4,1,8,10,3,8,4,5,7,3,8,6,4,5,8,7,9,2,9,2,3,8,4,8,2,6,4,3,0,7,7,1,0,10,0,8,9,9,8,9,4,1,4,5,2,9,1,7,0,8,1,5,3,3,4,8,9,1
n157,7,8,7,0,6,5,7,0,0,0,3,10,4,1,8,10,3,8,4,5,7,3,8,6,4,5,8,7,9,2,9,2,3,8,4,8,2,6,4,3,0,7,0,1,0,10,2,8,9,9,8,9,4,1,4,5,2,0,1,7,0,8,1,5,3,3,4,8,9,1
n162,7,8,7,10,3,0,7,0,2,2,3,0,4,1,8,10,3,8,4,5,0,3,8,6,4,5,6,7,9,2,0,0,3,3,4,0,2,6,4,3,0,7,0,0,2,10,10,8,9,5,8,9,4,1,4,5,2,5,1,7,0,8,1,5,3,3,4,8,9,1
n161,7,8,7,10,3,0,7,0,1,0,3,0,4,1,8,10,3,8,4,5,0,3,8,6,4,5,6,7,9,2,1,0,3,3,4,0,2,6,4,3,0,7,0,3,2,10,10,8,9,5,8,9,4,1,4,5,2,5,1,7,0,8,1,5,3,3,4,8,9,1
n164,7,8,7,8,10,0,7,0,0,0,3,3,4,1,8,10,3,8,4,5,0,3,8,6,4,5,0,7,9,2,7,3,3,3,4,5,2,6,4,3,0,7,4,10,0,10,10,8,9,0,8,9,4,1,4,5,2,5,1,7,4,8,1,5,3,3,4,8,9,1
n163,7,8,7,0,10,0,7,9,0,0,3,3,4,1,8,10,3,8,4,5,0,3,8,6,4,5,0,7,9,2,7,3,3,3,4,5,2,6,4,3,0,7,4,0,0,10,10,8,9,0,8,9,4,1,4,5,2,5,1,7,0,8,1,5,3,3,4,8,9,1
n172,7,0,7,6,0,0,7,0,0,0,3,5,4,1,8,10,3,1,4,5,0,3,8,0,4,5,6,7,9,2,0,9,6,0,4,1,2,3,4,1,2,0,0,5,0,10,4,8,9,0,8,9,4,1,4,5,2,2,0,7,6,8,1,10,3,3,4,8,9,0
n171,7,3,7,6,0,4,7,0,10,10,3,5,4,1,8,10,3,1,4,5,6,3,8,0,4,5,6,7,9,2,0,9,6,0,4,1,2,3,4,1,2,0,0,5,0,10,4,8,9,2,8,9,4,1,4,5,2,2,7,7,6,8,1,10,3,3,4,8,9,0
n174,7,0,7,6,10,6,7,0,0,0,3,10,4,9,8,10,3,1,4,5,2,3,8,0,4,5,6,7,9,2,0,9,6,0,4,10,2,3,4,0,2,0,0,5,0,10,4,8,9,10,8,9,4,1,4,5,2,2,0,7,6,8,1,0,3,3,4,8,9,0
n173,7,0,7,6,10,6,7,0,3,0,3,0,4,9,8,10,3,1,4,5,2,3,8,0,4,5,6,7,9,2,0,9,6,0,4,10,2,3,4,9,2,0,0,5,0,10,4,8,9,2,8,9,4,1,4,5,2,2,0,7,6,8,1,0,3,3,4,8,9,0
n178,7,9,7,6,6,0,7,5,0,3,3,0,4,4,8,10,3,1,4,5,0,3,8,0,4,5,6,7,9,2,8,9,6,0,4,0,2,3,4,0,2,3,2,5,4,10,4,8,9,6,8,9,4,1,4,5,2,4,0,7,6,8,1,0,3,3,4,8,9,0
n177,7,9,7,6,6,0,7,5,0,3,3,0,4,4,8,10,3,1,4,5,0,3,8,0,4,5,6,7,9,2,8,9,6,0,4,0,2,3,4,0,2,3,0,5,4,10,4,8,9,0,8,9,4,1,4,5,2,0,0,7,6,8,1,0,3,3,4,8,9,0
n180,7,9,7,6,1,0,7,0,0,3,3,0,4,0,8,10,3,1,4,5,5,3,8,0,4,5,6,7,9,2,8,9,6,0,4,0,2,3,4,0,2,4,0,5,9,10,4,8,9,7,8,9,4,1,4,5,2,0,0,7,6,8,1,0,3,3,4,8,9,0
n179,7,9,7,6,0,0,7,0,0,3,3,0,4,0,8,10,3,1,4,5,5,3,8,0,4,5,6,7,9,2,8,9,6,0,4,0,2,3,4,0,2,4,0,5,9,10,4,8,9,7,8,9,4,1,4,5,2,1,4,7,6,8,1,0,3,3,4,8,9,0
n186,7,3,7,0,2,5,7,0,3,7,3,9,4,7,8,10,3,1,4,5,7,3,8,0,4,5,6,7,9,2,0,9,0,8,4,0,2,10,4,0,6,9,0,0,7,10,4,8,9,1,8,9,4,1,4,5,2,0,1,7,6,8,1,0,3,3,4,8,9,5
n185,7,3,7,5,2,5,7,0,0,7,3,9,4,7,8,10,3,1,4,5,7,3,8,0,4,5,6,7,9,2,0,9,0,0,4,0,2,10,4,0,6,0,0,6,7,10,4,8,9,1,8,9,4,1,4,5,2,0,1,7,6,8,1,0,3,3,4,8,9,5
n188,7,3,7,0,0,0,7,6,2,7,3,9,4,7,8,10,3,1,4,5,0,3,8,0,4,5,6,7,9,2,0,9,0,0,4,0,2,10,4,7,6,0,0,5,7,10,4,8,9,1,8,9,4,1,4,5,2,0,1,7,6,8,1,0,3,3,4,8,9,0
n187,7,3,7,0,0,0,7,6,2,7,3,9,4,7,8,10,3,1,4,5,0,3,8,0,4,5,6,7,9,2,0,9,0,9,4,8,2,10,4,0,6,0,0,5,7,10,4,8,9,1,8,9,4,1,4,5,2,0,1,7,6,8,1,0,3,3,4,8,9,7
n192,7,0,7,0,7,4,7,0,0,7,3,4,4,7,8,10,3,1,4,5,1,3,8,0,4,5,6,7,9,2,0,9,5,0,4,3,2,10,4,7,6,3,0,6,0,10,4,8,9,1,8,9,4,1,4,5,2,0,0,7,6,8,1,0,3,3,4,8,9,0
n191,7,0,7,0,7,0,7,6,0,7,3,4,4,7,8,10,3,1,4,5,0,3,8,7,4,5,6,7,9,2,0,9,5,0,4,0,2,10,4,7,6,0,0,0,0,10,4,8,9,1,8,9,4,1,4,5,2,0,0,7,6,8,1,7,3,3,4,8,9,0
n194,7,0,7,0,7,9,7,0,0,7,3,0,4,7,8,10,3,1,4,5,0,3,8,0,4,5,6,7,9,2,6,9,5,0,4,0,2,10,4,0,6,7,0,0,0,10,4,8,9,1,8,9,4,1,4,5,2,0,0,7,6,8,1,10,3,3,4,8,9,5
n193,7,0,7,0,7,0,7,0,0,7,3,0,4,7,8,10,3,1,4,5,0,3,8,0,4,5,6,7,9,2,0,9,5,0,4,0,2,10,4,0,6,7,0,0,0,10,4,8,9,1,8,9,4,1,4,5,2,0,6,7,6,8,1,5,3,3,4,8,9,0
n204,7,8,7,0,6,0,6,6,7,2,4,1,4,5,8,10,3,9,4,2,5,3,8,10,4,5,4,7,9,2,7,0,1,1,4,9,2,4,1,4,10,10,9,2,3,10,1,8,9,0,3,9,4,1,4,5,2,7,6,9,6,8,1,1,10,3,4,8,0,0
n203,7,8,7,4,6,10,6,6,7,2,4,1,4,5,8,10,3,9,4,2,5,3,8,10,4,5,4,7,9,2,7,0,1,1,4,9,2,4,1,4,10,10,9,2,3,10,1,8,9,0,3,9,4,1,4,5,2,7,6,9,6,8,1,1,10,3,4,8,0,0
n206,7,8,7,0,6,0,6,6,7,2,4,1,4,5,8,10,3,0,4,2,5,3,8,10,4,5,4,7,9,2,7,0,1,1,4,9,2,4,1,4,10,10,9,2,0,10,1,8,9,0,9,9,4,1,4,5,2,0,6,9,6,8,1,1,10,3,4,8,0,0
n205,7,8,7,0,6,6,6,6,7,2,4,1,4,5,8,10,3,4,4,2,5,3,8,10,4,5,4,7,9,2,7,7,1,1,4,9,2,4,1,4,10,10,9,2,0,10,1,8,9,0,9,9,4,1,4,5,2,0,6,9,6,8,1,1,10,3,4,8,0,0
n210,7,8,7,0,6,5,6,6,7,2,4,1,4,5,8,10,3,0,4,2,5,3,8,10,4,5,4,7,9,2,7,0,0,1,4,9,2,0,1,6,10,10,9,0,0,10,1,8,9,0,9,9,4,1,4,5,2,0,6,8,6,8,1,1,10,3,4,8,0,0
n209,7,8,7,9,6,0,6,6,7,2,4,1,4,5,8,10,3,0,4,2,5,3,8,10,4,5,4,7,9,2,7,0,0,1,4,9,2,0,1,6,10,10,9,0,0,10,1,8,9,0,9,9,4,1,4,5,2,0,6,8,6,8,1,1,10,3,4,8,0,0
n212,7,8,7,6,6,0,6,6,7,2,4,1,4,5,8,10,3,7,4,2,5,3,8,10,4,5,4,7,9,2,7,0,2,1,4,9,2,3,1,0,10,10,9,0,1,10,1,8,9,0,0,9,4,1,4,5,2,7,6,8,6,8,1,1,10,3,4,8,0,0
n211,7,8,7,0,6,7,6,6,7,2,4,1,4,5,8,10,3,7,4,2,5,3,8,10,4,5,4,7,9,2,7,0,2,1,4,9,2,0,1,0,10,10,9,0,0,10,1,8,9,6,0,9,4,1,4,5,2,0,6,8,6,8,1,1,10,3,4,8,0,0
n218,7,8,7,0,0,10,0,6,7,2,4,1,4,4,8,10,3,9,4,2,5,3,8,10,4,5,4,7,9,2,7,9,0,0,4,9,2,0,1,0,10,10,9,0,0,10,0,8,9,6,7,9,4,1,4,5,2,0,0,0,0,8,1,0,10,3,4,8,6,0
n217,7,8,7,0,0,4,0,6,7,2,4,1,4,0,8,10,3,9,4,2,5,3,8,10,4,5,4,7,9,2,7,9,0,0,4,9,2,0,1,0,10,10,9,0,0,10,0,8,9,6,7,9,4,1,4,5,2,0,0,0,0,8,1,10,10,3,4,8,6,10
n220,7,8,7,1,0,0,0,6,7,2,4,10,4,0,8,10,3,9,4,2,5,3,8,10,4,5,4,7,9,2,7,9,0,4,4,9,2,9,1,0,10,10,9,0,9,10,0,8,9,9,6,9,4,1,4,5,2,0,9,0,2,8,1,0,10,3,4,8,0,0
n219,7,8,7,0,0,7,0,6,7,2,4,10,4,4,8,10,3,9,4,2,5,3,8,10,4,5,4,7,9,2,7,9,0,0,4,9,2,9,1,0,10,10,9,0,9,10,0,8,9,0,6,9,4,1,4,5,2,0,6,0,2,8,1,0,10,3,4,8,0,0
n224,7,8,7,0,1,0,1,6,7,2,4,0,4,0,8,10,3,0,4,2,5,3,8,10,4,5,4,7,9,2,7,0,10,9,4,9,2,0,1,0,10,10,9,7,4,10,5,8,9,0,0,9,4,1,4,5,2,10,4,2,5,8,1,0,10,3,4,8,0,8
n223,7,8,7,0,1,0,1,6,7,2,4,7,4,0,8,10,3,0,4,2,5,3,8,10,4,5,4,7,9,2,7,0,10,9,4,9,2,0,1,0,10,10,9,7,4,10,5,8,9,0,4,9,4,1,4,5,2,10,4,2,5,8,1,4,10,3,4,8,10,8
n226,7,8,7,0,0,0,1,6,7,2,4,0,4,8,8,10,3,0,4,2,5,3,8,10,4,5,4,7,9,2,7,0,10,0,4,9,2,0,1,0,10,10,9,7,0,10,1,8,9,0,8,9,4,1,4,5,2,10,0,2,5,8,1,0,10,3,4,8,0,8
n225,7,8,7,0,0,0,1,6,7,2,4,9,4,0,8,10,3,3,4,2,5,3,8,10,4,5,4,7,9,2,7,0,10,0,4,9,2,0,1,0,10,10,9,7,0,10,1,8,9,0,0,9,4,1,4,5,2,10,0,2,5,8,1,0,10,3,4,8,4,8
n234,7,1,7,7,0,1,4,0,7,5,10,0,4,0,8,10,3,3,4,0,0,3,8,4,4,5,4,7,9,2,8,8,10,6,4,9,2,0,5,10,10,0,9,0,6,10,3,8,9,0,4,9,4,1,4,5,2,10,10,6,0,8,1,7,10,3,4,8,4,6
n233,7,1,7,7,0,1,4,0,7,5,10,0,4,0,8,10,3,3,4,0,0,3,8,4,4,5,4,7,9,2,8,8,10,6,4,9,2,7,5,10,10,9,9,0,6,10,3,8,9,0,4,9,4,1,4,5,2,10,10,6,0,8,1,7,10,3,4,8,0,6
n236,7,1,7,7,7,1,4,5,7,5,10,0,4,0,8,10,3,3,4,0,1,3,8,4,4,5,4,7,9,2,0,8,10,7,4,9,2,0,5,1,10,0,9,0,6,10,3,8,9,0,0,9,4,1,4,5,2,0,0,6,0,8,1,7,10,3,4,8,0,0
n235,7,1,7,7,7,1,4,0,7,5,10,0,4,6,8,10,3,3,4,0,0,3,8,4,4,5,4,7,9,2,3,8,10,0,4,9,2,0,5,0,10,0,9,0,6,10,3,8,9,0,0,9,4,1,4,5,2,1,0,6,0,8,1,7,10,3,4,8,7,0
n240,7,1,7,7,0,9,4,0,7,9,10,3,4,0,8,10,3,3,4,1,0,3,8,4,4,5,4,7,9,2,0,8,10,7,4,9,2,0,5,0,10,0,9,0,6,10,3,8,9,0,0,9,4,1,4,5,2,0,0,6,0,8,1,7,10,3,4,8,4,9
n239,7,1,7,7,5,0,4,0,7,9,10,3,4,1,8,10,3,3,4,0,0,3,8,4,4,5,4,7,9,2,0,8,10,7,4,9,2,8,5,0,10,0,9,6,6,10,3,8,9,7,0,9,4,1,4,5,2,0,2,6,7,8,1,7,10,3,4,8,4,9
n242,7,1,7,7,0,9,4,2,7,2,10,3,4,0,8,10,3,3,4,4,0,3,8,4,4,5,4,7,9,2,0,8,10,0,4,9,2,7,5,0,10,0,9,3,6,10,3,8,9,0,0,9,4,1,4,5,2,6,0,6,0,8,1,7,10,3,4,8,4,9
n241,7,1,7,7,3,9,4,0,7,0,10,3,4,0,8,10,3,3,4,4,0,3,8,4,4,5,4,7,9,2,0,8,10,0,4,9,2,7,5,0,10,0,9,0,6,10,3,8,9,0,0,9,4,1,4,5,2,7,0,6,0,8,1,7,10,3,4,8,4,9
n248,7,3,7,7,0,0,3,0,7,0,0,0,4,5,8,10,3,3,4,2,8,3,8,2,4,5,4,7,9,2,3,8,10,0,4,9,2,1,5,9,10,0,9,0,2,10,7,8,9,8,2,9,4,1,4,5,2,1,0,6,0,8,1,7,10,3,4,8,10,0
n247,7,3,7,7,1,0,3,0,7,4,0,0,4,5,8,10,3,3,4,2,0,3,8,2,4,5,4,7,9,2,3,8,10,0,4,9,2,1,5,9,10,0,9,0,2,10,7,8,9,8,7,9,4,1,4,5,2,1,0,6,0,8,1,7,10,3,4,8,10,0
n250,7,6,7,7,0,6,3,1,7,6,0,5,4,5,8,10,3,3,4,2,0,3,8,2,4,5,4,7,9,2,0,8,10,6,4,9,2,0,5,9,10,0,9,10,2,10,7,8,9,0,0,9,4,1,4,5,2,0,10,6,4,8,1,7,10,3,4,8,10,4
n249,7,6,7,7,0,6,3,1,7,0,0,0,4,5,8,10,3,3,4,2,0,3,8,2,4,5,4,7,9,2,0,8,10,6,4,9,2,0,5,9,10,0,9,10,2,10,7,8,9,0,0,9,4,1,4,5,2,0,0,6,0,8,1,7,10,3,4,8,10,4
n254,7,8,7,7,0,0,3,3,7,0,2,10,4,0,8,10,3,3,4,2,0,3,8,9,4,5,4,7,9,2,0,8,10,6,4,9,2,2,5,9,10,6,9,0,2,10,7,8,9,6,6,9,4,1,4,5,2,0,0,6,0,8,1,7,10,3,4,8,0,0
n253,7,0,7,7,0,0,3,3,7,0,2,10,4,0,8,10,3,3,4,2,3,3,8,0,4,5,4,7,9,2,0,8,10,6,4,9,2,2,5,9,10,0,9,0,2,10,7,8,9,6,6,9,4,1,4,5,2,0,0,6,4,8,1,7,10,3,4,8,9,0
n256,7,8,7,7,0,8,3,3,7,0,2,10,4,5,8,10,3,3,4,2,0,3,8,4,4,5,4,7,9,2,0,8,10,6,4,9,2,2,5,9,10,0,9,0,2,10,7,8,9,6,6,9,4,1,4,5,2,0,0,6,0,8,1,7,10,3,4,8,0,5
n255,7,8,7,7,5,8,3,3,7,0,2,10,4,5,8,10,3,3,4,2,0,3,8,4,4,5,4,7,9,2,0,8,10,6,4,9,2,2,5,9,10,0,9,8,2,10,7,8,9,6,6,9,4,1,4,5,2,0,0,6,1,8,1,7,10,3,4,8,0,5
n270,7,9,7,10,7,9,7,0,0,0,9,6,3,3,8,10,3,2,6,10,0,0,6,2,1,0,1,7,9,2,7,0,7,10,10,7,2,3,6,9,9,0,5,6,5,1,0,0,6,4,9,2,0,1,4,3,9,0,3,0,9,0,2,7,2,9,3,6,5,4
n269,7,9,7,10,7,9,7,0,9,0,9,6,3,3,8,10,3,2,6,10,0,0,6,2,1,0,1,7,9,2,7,0,7,10,10,7,2,3,6,9,9,0,5,6,5,1,0,0,6,4,9,2,0,1,4,0,9,0,3,0,9,0,2,7,2,9,3,6,5,4
n272,7,9,7,10,7,9,7,3,6,0,9,6,3,3,8,10,3,2,6,10,0,5,6,2,1,2,1,7,9,2,7,0,7,10,10,7,2,3,6,9,9,2,5,6,5,1,1,0,6,4,9,2,8,1,4,10,9,0,3,6,5,0,2,0,0,9,3,4,5,4
n271,7,9,7,10,7,9,7,3,0,5,9,6,3,3,8,10,3,2,6,10,0,5,6,2,1,8,1,7,9,2,7,0,7,10,10,7,2,3,6,9,9,0,5,6,5,1,1,0,6,4,9,2,0,1,4,10,9,0,3,6,0,0,2,0,0,9,3,0,5,4
n276,7,9,7,10,7,9,7,4,0,0,9,6,0,2,8,10,3,2,1,8,9,4,6,2,1,0,1,7,9,2,7,0,7,10,10,7,2,3,6,9,9,0,5,6,5,1,7,0,6,7,9,2,2,1,4,0,9,0,3,0,0,8,2,0,7,9,3,7,5,4
n275,7,9,7,10,7,9,7,4,0,0,9,6,0,2,8,10,3,2,1,8,9,9,6,2,1,0,1,7,9,2,7,0,7,10,0,7,2,3,6,9,9,0,5,6,5,1,0,0,6,7,9,2,2,1,4,0,9,0,3,0,8,8,2,0,0,9,3,7,5,4
n278,7,9,7,10,7,9,7,0,0,0,9,6,1,2,8,10,3,2,1,0,9,0,6,2,1,8,1,7,9,2,7,2,7,10,0,7,2,3,6,9,9,8,5,6,5,1,6,10,6,0,9,2,0,1,4,9,9,0,3,2,6,3,2,0,0,9,3,0,5,4
n277,7,9,7,10,7,9,7,0,0,0,9,6,0,2,8,10,3,2,1,7,9,1,6,2,1,8,1,7,9,2,7,0,7,10,0,7,2,3,6,9,9,8,5,6,5,1,0,10,6,0,9,2,0,1,4,9,9,0,3,0,6,3,2,0,0,9,3,8,5,4
n284,7,9,7,10,7,9,7,3,1,0,9,6,1,2,8,10,3,2,0,2,7,0,6,2,1,0,1,7,9,2,7,0,7,10,0,7,2,3,6,9,9,8,5,6,5,1,9,0,6,0,9,0,0,1,4,3,0,4,3,0,0,0,2,0,7,9,3,0,5,4
n283,7,9,7,10,7,9,7,3,1,0,9,6,1,0,8,10,3,2,0,2,7,0,6,2,1,0,1,7,9,2,7,0,7,10,0,7,2,3,6,9,9,8,5,6,5,1,9,2,6,0,9,0,0,1,4,0,0,4,3,0,4,4,2,0,7,9,3,8,5,4
n286,7,9,7,10,7,9,7,3,1,7,9,6,1,0,8,10,3,2,0,5,0,0,6,2,1,0,1,7,9,2,7,0,7,10,0,7,2,3,6,9,9,8,5,6,5,1,9,7,6,4,9,0,6,1,4,0,0,4,3,5,0,0,2,0,7,9,3,0,5,4
n285,7,9,7,10,7,9,7,3,1,7,9,6,1,0,8,10,3,2,0,5,0,2,6,2,1,0,1,7,9,2,7,0,7,10,0,7,2,3,6,9,9,8,5,6,5,1,9,7,6,0,9,0,6,1,4,0,0,4,3,0,0,0,2,0,7,9,3,0,5,4
n290,7,9,7,10,7,9,7,3,9,8,9,6,1,0,8,10,3,2,9,0,10,0,6,2,1,0,1,7,9,2,7,0,7,10,0,7,2,3,6,9,9,8,5,6,5,1,9,0,6,7,9,8,0,1,4,4,2,4,3,0,9,6,2,6,7,9,3,0,5,4
n289,7,9,7,10,7,9,7,3,9,8,9,6,1,0,8,10,3,2,0,0,0,0,6,2,1,0,1,7,9,2,7,0,7,10,0,7,2,3,6,9,9,8,5,6,5,1,9,0,6,7,9,8,0,1,4,4,2,4,3,0,9,6,2,6,7,9,3,0,5,4
n292,7,9,7,10,7,9,7,3,9,8,9,6,1,7,8,10,3,2,2,0,0,0,6,2,1,0,1,7,9,2,7,9,7,10,9,7,2,3,6,9,9,8,5,6,5,1,0,1,6,9,9,8,0,1,4,4,0,4,3,0,9,7,2,6,7,9,3,0,5,4
n291,7,9,7,10,7,9,7,3,9,8,9,6,1,0,8,10,3,2,0,0,0,0,6,2,1,0,1,7,9,2,7,0,7,10,9,7,2,3,6,9,9,8,5,6,5,1,0,0,6,9,9,8,0,1,4,4,0,4,3,0,9,7,2,6,7,9,3,0,5,4
n300,7,9,7,10,7,9,7,0,9,7,9,6,0,5,8,10,3,2,7,0,0,4,6,0,9,8,3,7,9,2,7,0,8,10,9,7,2,3,6,9,9,9,5,6,5,1,4,4,6,0,9,2,8,1,4,0,7,0,3,8,3,5,2,8,0,0,3,5,5,4
n299,7,9,7,10,7,9,7,0,9,7,9,6,0,5,8,10,3,2,0,0,0,4,6,0,9,8,3,7,9,2,7,0,8,10,9,7,2,3,6,9,9,9,5,6,5,1,4,4,6,0,9,2,8,1,4,0,7,0,3,8,3,5,2,8,0,0,3,5,6,4
n302,7,9,7,10,7,9,7,0,9,0,9,6,0,5,8,10,3,2,0,0,0,4,6,4,9,8,3,7,9,2,7,0,0,10,9,7,2,3,6,9,9,9,5,6,5,1,4,4,6,0,9,2,8,1,4,0,7,10,3,8,3,5,2,5,0,0,3,5,6,4
n301,7,9,7,10,7,9,7,0,9,0,9,6,9,5,8,10,3,2,0,2,0,4,6,0,9,8,3,7,9,2,7,0,0,10,9,7,2,3,6,9,9,9,5,6,5,1,4,4,6,0,9,2,8,1,4,0,7,6,3,8,3,5,2,0,0,0,3,5,0,4
n306,7,9,7,10,7,9,7,0,0,0,9,6,10,5,8,10,3,2,6,0,0,4,6,8,5,8,3,7,9,2,7,8,1,10,9,7,2,3,6,9,9,0,5,6,5,1,0,4,6,0,9,2,8,1,4,2,7,10,3,8,3,0,2,0,0,0,3,0,0,4
n305,7,9,7,10,7,9,7,0,0,0,9,6,10,5,8,10,3,2,0,0,0,4,6,8,5,8,3,7,9,2,7,8,1,10,9,7,2,3,6,9,9,0,5,6,5,1,0,4,6,0,9,2,8,1,4,2,7,10,3,8,3,0,2,0,1,0,3,0,8,4
n308,7,9,7,10,7,9,7,0,0,0,9,6,0,5,8,10,3,2,0,4,0,4,6,0,0,8,3,7,9,2,7,8,0,10,9,7,2,3,6,9,9,0,5,6,5,1,0,4,6,0,9,2,8,1,4,0,7,10,3,8,3,8,2,0,0,0,3,0,0,4
n307,7,9,7,10,7,9,7,0,0,0,9,6,0,5,8,10,3,2,0,0,0,4,6,0,0,8,3,7,9,2,7,8,0,10,9,7,2,3,6,9,9,0,5,6,5,1,0,4,6,0,9,2,8,1,4,0,7,10,3,8,3,8,2,4,0,0,3,0,0,4
n314,7,9,7,10,7,9,7,0,6,0,9,6,7,5,8,10,3,2,9,4,4,2,6,0,6,5,3,7,9,2,7,2,0,10,9,7,2,3,6,9,9,0,5,6,5,1,7,0,6,0,9,10,8,1,4,10,7,3,3,0,2,10,2,0,0,0,3,0,4,4
n313,7,9,7,10,7,9,7,0,6,9,9,6,7,5,8,10,3,2,9,4,4,2,6,0,6,5,3,7,9,2,7,2,0,10,9,7,2,3,6,9,9,0,5,6,5,1,7,3,6,0,9,10,8,1,4,10,7,3,3,0,2,10,2,0,0,8,3,0,0,4
n316,7,9,7,10,7,9,7,0,0,0,9,6,7,5,8,10,3,2,9,4,4,2,6,0,6,5,3,7,9,2,7,5,1,10,9,7,2,3,6,9,9,0,5,6,5,1,7,6,6,0,9,10,8,1,4,10,7,0,3,0,2,10,2,4,4,0,3,0,7,4
n315,7,9,7,10,7,9,7,0,0,0,9,6,7,5,8,10,3,2,9,4,4,2,6,0,6,5,3,7,9,2,7,0,0,10,9,7,2,3,6,9,9,0,5,6,5,1,7,10,6,3,9,10,8,1,4,10,7,8,3,0,2,10,2,4,0,0,3,0,7,4
n320,7,9,7,10,7,9,7,0,0,0,9,6,0,5,8,10,3,2,9,0,4,0,6,5,6,5,3,7,9,2,7,0,3,10,9,7,2,3,6,9,9,0,5,6,5,1,6,0,6,10,9,0,8,1,4,0,7,10,3,0,4,10,2,0,5,0,3,5,7,4
n319,7,9,7,10,7,9,7,0,1,0,9,6,8,5,8,10,3,2,9,0,4,0,6,5,6,5,3,7,9,2,7,0,3,10,9,7,2,3,6,9,9,0,5,6,5,1,6,0,6,10,9,0,8,1,4,0,7,10,3,0,4,10,2,8,5,7,3,5,7,4
n322,7,9,7,10,7,9,7,0,4,0,9,6,0,5,8,10,3,2,9,0,4,0,6,5,6,5,3,7,9,2,7,10,3,10,9,7,2,3,6,9,9,0,5,6,5,1,6,0,6,10,9,0,8,1,4,5,7,10,3,0,4,10,2,5,5,0,3,5,0,4
n321,7,9,7,10,7,9,7,0,0,0,9,6,0,5,8,10,3,2,9,6,4,0,6,5,6,5,3,7,9,2,7,10,3,10,9,7,2,3,6,9,9,0,5,6,5,1,6,0,6,10,9,0,8,1,4,3,7,10,3,0,4,10,2,5,5,0,3,5,8,4
n332,7,9,7,10,7,9,7,9,8,0,9,6,3,10,8,10,3,9,5,4,3,3,6,8,10,6,4,7,9,2,9,0,1,10,1,7,2,8,6,9,4,9,5,6,5,1,0,0,6,5,9,6,1,1,4,0,8,1,3,9,10,0,8,0,7,0,3,9,0,0
n331,7,9,7,10,7,9,7,9,6,0,9,6,5,10,8,10,3,9,5,4,3,3,6,8,10,6,4,7,9,2,9,0,1,10,1,7,2,8,6,9,4,9,5,6,5,1,0,0,6,5,9,6,1,1,4,1,8,1,3,9,10,0,8,0,7,0,3,9,0,0
n334,7,9,7,10,7,9,7,9,0,0,9,6,10,10,8,10,3,9,5,4,3,3,6,8,10,6,4,7,9,2,9,0,1,10,1,7,2,8,6,9,4,9,5,6,5,1,0,0,6,5,9,6,1,1,4,0,8,1,3,9,10,0,8,4,7,0,3,9,0,0
n333,7,9,7,10,7,9,7,9,0,0,9,6,0,10,8,10,3,9,5,4,3,3,6,8,10,6,4,7,9,2,9,0,1,10,1,7,2,8,6,9,4,9,5,6,5,1,0,0,6,5,9,6,1,1,4,0,8,1,3,9,10,0,8,4,7,6,3,9,0,0
n338,7,9,7,10,7,9,7,9,0,0,9,6,0,10,8,10,3,9,5,4,3,3,6,8,10,0,0,7,9,2,9,0,1,10,6,7,2,8,6,9,4,9,5,6,5,1,0,0,6,5,9,6,1,1,4,0,8,1,3,9,10,0,8,0,2,0,3,10,6,0
n337,7,9,7,10,7,9,7,9,0,0,9,6,0,10,8,10,3,9,5,4,3,3,6,8,10,0,0,7,9,2,9,0,1,10,0,7,2,8,6,9,4,9,5,6,5,1,0,0,6,5,9,6,1,1,4,0,8,1,3,9,10,0,8,0,0,0,3,0,0,7
n340,7,9,7,10,7,9,7,9,0,0,9,6,5,10,8,10,3,9,5,4,3,3,6,8,10,4,0,7,9,2,9,9,1,10,0,7,2,8,6,9,4,9,5,6,5,1,2,9,6,5,9,6,1,1,4,9,8,1,3,9,10,0,8,0,0,4,3,0,0,0
n339,7,9,7,10,7,9,7,9,0,0,9,6,5,10,8,10,3,9,5,4,3,3,6,8,10,4,0,7,9,2,9,9,1,10,0,7,2,8,6,9,4,9,5,6,5,1,2,9,6,5,9,6,1,1,4,9,8,1,3,9,10,0,8,4,0,0,3,8,0,0
n346,7,9,7,10,7,9,7,9,0,0,9,6,0,10,8,10,3,7,5,4,3,3,6,6,10,0,0,7,9,2,9,8,1,10,2,7,2,6,6,9,4,9,5,6,5,1,10,0,6,5,9,6,1,1,4,8,8,1,3,0,10,0,8,7,9,2,3,0,3,2
n345,7,9,7,10,7,9,7,9,6,0,9,6,0,10,8,10,3,7,5,4,3,3,6,6,10,0,0,7,9,2,9,8,1,10,2,7,2,6,6,9,4,9,5,6,5,1,10,0,6,5,9,6,1,1,4,6,8,1,3,0,10,0,8,7,9,2,3,0,3,2
n348,7,9,7,10,7,9,7,9,0,0,9,6,3,10,8,10,3,0,5,4,3,3,6,6,10,0,0,7,9,2,9,8,1,10,2,7,2,6,6,9,4,9,5,6,5,1,0,0,6,5,9,6,1,1,4,2,8,1,3,2,10,9,8,7,9,0,3,9,4,0
n347,7,9,7,10,7,9,7,9,0,0,9,6,0,10,8,10,3,0,5,4,3,3,6,6,10,0,0,7,9,2,9,8,1,10,2,7,2,6,6,9,4,9,5,6,5,1,0,6,6,5,9,6,1,1,4,4,8,1,3,2,10,0,8,7,9,0,3,9,0,0
n352,7,9,7,10,7,9,7,9,10,0,9,6,8,10,8,10,3,3,5,4,3,3,6,6,10,0,0,7,9,2,9,0,1,10,5,7,2,0,6,9,4,9,5,6,5,1,0,5,6,5,9,6,1,1,4,1,8,1,3,0,10,1,8,0,0,0,3,0,0,10
n351,7,9,7,10,7,9,7,9,0,0,9,6,8,10,8,10,3,0,5,4,3,3,6,6,10,0,0,7,9,2,9,0,1,10,0,7,2,0,6,9,4,9,5,6,5,1,0,5,6,5,9,6,1,1,4,1,8,1,3,10,10,1,8,0,0,0,3,0,0,10
n354,7,9,7,10,7,9,7,9,5,0,9,6,0,10,8,10,3,2,5,4,3,3,6,6,10,7,0,7,9,2,9,0,1,10,0,7,2,0,6,9,4,9,5,6,5,1,3,7,6,5,9,6,1,1,4,0,8,1,3,8,10,6,8,5,0,0,3,0,0,10
n353,7,9,7,10,7,9,7,9,5,0,9,6,0,10,8,10,3,2,5,4,3,3,6,6,10,0,0,7,9,2,9,2,1,10,0,7,2,0,6,9,4,9,5,6,5,1,0,7,6,5,9,6,1,1,4,0,8,1,3,8,10,6,8,0,9,0,3,0,0,10
n362,7,9,7,10,7,9,7,7,7,9,9,6,9,7,8,10,3,0,5,4,4,4,6,3,10,2,0,7,9,2,9,6,1,10,7,7,2,9,6,9,0,9,5,6,5,1,8,4,6,5,9,1,0,1,4,3,8,0,3,0,4,0,6,0,10,7,3,0,2,5
n361,7,9,7,10,7,9,7,7,7,9,9,6,9,7,8,10,3,0,5,4,4,4,6,3,10,2,0,7,9,2,9,6,1,10,7,7,2,9,6,9,0,9,5,6,5,1,8,4,6,5,9,0,0,1,4,3,8,0,3,5,4,0,0,0,10,0,3,0,2,0
n364,7,9,7,10,7,9,7,7,0,0,9,6,9,7,8,10,3,7,5,4,4,4,6,10,10,2,0,7,9,2,9,6,1,10,7,7,2,9,6,9,0,9,5,6,5,1,8,0,6,5,9,0,2,1,4,3,8,0,3,0,4,4,0,5,10,10,3,7,2,0
n363,7,9,7,10,7,9,7,7,0,0,9,6,9,7,8,10,3,7,5,4,4,4,6,7,10,2,7,7,9,2,9,6,1,10,7,7,2,9,6,9,0,9,5,6,5,1,8,0,6,5,9,0,2,1,4,3,8,2,3,0,4,4,0,5,10,10,3,0,2,0
n368,7,9,7,10,7,9,7,4,10,10,9,6,9,7,8,10,3,2,5,4,4,0,6,8,10,2,8,7,9,2,9,0,1,10,3,7,2,9,6,9,10,9,5,6,5,1,8,0,6,5,9,6,7,1,4,0,8,0,3,0,4,0,6,0,0,4,3,5,2,9
n367,7,9,7,10,7,9,7,4,10,10,9,6,9,7,8,10,3,2,5,4,4,0,6,8,10,2,2,7,9,2,9,0,1,10,3,7,2,9,6,9,10,9,5,6,5,1,8,0,6,5,9,6,7,1,4,0,8,7,3,0,4,0,0,0,0,4,3,5,2,9
n370,7,9,7,10,7,9,7,4,10,10,9,6,9,7,8,10,3,0,5,4,4,0,6,0,10,2,2,7,9,2,9,7,1,10,3,7,2,9,6,9,10,9,5,6,5,1,8,0,6,5,9,0,0,1,4,2,8,0,3,0,4,3,0,0,3,0,3,5,2,0
n369,7,9,7,10,7,9,7,4,10,10,9,6,9,7,8,10,3,0,5,4,4,0,6,0,10,2,0,7,9,2,9,7,1,10,3,7,2,9,6,9,10,9,5,6,5,1,8,0,6,5,9,0,0,1,4,0,8,0,3,0,4,3,0,0,3,0,3,5,2,0
n376,7,9,7,10,7,9,7,1,0,3,9,6,9,5,8,10,3,0,5,4,5,3,6,8,10,4,5,7,9,2,9,4,1,10,5,7,2,9,6,9,7,9,5,6,5,1,8,0,6,5,9,0,0,1,4,4,8,10,3,4,4,0,0,5,0,0,3,0,2,4
n375,7,9,7,10,7,9,7,1,0,3,9,6,9,5,8,10,3,0,5,4,5,3,6,0,10,4,0,7,9,2,9,0,1,10,5,7,2,9,6,9,6,9,5,6,5,1,8,0,6,5,9,0,0,1,4,4,8,10,3,4,4,0,0,5,0,0,3,0,2,4
n378,7,9,7,10,7,9,7,0,0,3,9,6,9,5,8,10,3,4,5,4,5,3,6,0,10,0,8,7,9,2,9,7,1,10,5,7,2,9,6,9,10,9,5,6,5,1,8,0,6,5,9,0,4,1,4,4,8,10,3,4,4,6,2,7,6,0,3,7,2,4
n377,7,9,7,10,7,9,7,0,0,3,9,6,9,5,8,10,3,0,5,4,5,3,6,0,10,0,0,7,9,2,9,7,1,10,5,7,2,9,6,9,10,9,5,6,5,1,8,0,6,5,9,0,4,1,4,4,8,10,3,4,4,6,2,7,0,0,3,7,2,4
n382,7,9,7,10,7,9,7,1,6,0,9,6,9,9,8,10,3,3,5,4,0,0,6,1,10,10,0,7,9,2,9,0,1,10,5,7,2,9,6,9,0,9,5,6,5,1,8,0,6,5,9,0,10,1,4,4,8,0,3,4,4,0,0,0,10,0,3,0,2,4
n381,7,9,7,10,7,9,7,1,6,0,9,6,9,9,8,10,3,3,5,4,0,0,6,1,10,0,0,7,9,2,9,0,1,10,5,7,2,9,6,9,0,9,5,6,5,1,8,0,6,5,9,10,10,1,4,4,8,0,3,4,4,3,5,0,10,10,3,0,2,4
n384,7,9,7,10,7,9,7,1,6,5,9,6,9,0,8,10,3,0,5,4,0,0,6,1,10,0,3,7,9,2,9,0,1,10,5,7,2,9,6,9,9,9,5,6,5,1,8,9,6,5,9,0,9,1,4,4,8,0,3,4,4,0,0,8,10,0,3,0,2,4
n383,7,9,7,10,7,9,7,1,6,0,9,6,9,0,8,10,3,0,5,4,0,0,6,1,10,0,0,7,9,2,9,0,1,10,5,7,2,9,6,9,9,9,5,6,5,1,8,9,6,5,9,0,0,1,4,4,8,0,3,4,4,0,6,8,10,0,3,0,2,4
n396,7,9,7,3,7,9,8,4,0,0,10,6,7,0,8,10,3,5,0,0,5,7,6,8,1,2,0,7,9,2,7,3,0,7,6,8,2,8,6,8,8,7,5,6,6,1,5,4,6,10,3,7,5,1,4,1,10,1,3,8,0,5,3,5,2,0,2,0,3,10
n395,7,9,7,3,7,9,8,4,0,0,10,6,7,0,8,10,3,5,0,0,0,7,6,8,1,2,0,7,9,2,7,3,4,7,6,8,2,8,6,8,0,10,5,6,6,1,5,4,6,10,3,7,5,1,4,1,10,1,3,8,0,5,3,5,2,7,2,0,3,10
n398,7,9,7,3,7,9,8,4,0,0,10,6,0,2,8,10,3,5,0,2,0,7,6,8,1,2,0,7,9,2,0,3,0,7,6,8,2,8,6,8,7,0,5,6,6,1,5,0,6,10,3,7,5,1,4,1,10,1,3,8,0,5,3,5,2,0,2,6,3,10
n397,7,9,7,3,7,9,8,4,0,0,10,6,7,0,8,10,3,5,0,2,0,7,6,8,1,2,0,7,9,2,0,3,0,7,6,8,2,8,6,8,0,0,5,6,6,1,5,2,6,10,3,7,5,1,4,1,10,1,3,8,9,5,3,5,2,0,2,0,3,10
n402,7,9,7,3,7,9,8,4,6,0,0,6,0,1,8,10,3,5,0,0,1,7,6,2,1,2,0,7,9,2,0,3,0,7,6,8,2,8,6,8,5,0,5,6,10,1,5,7,6,0,3,1,5,1,4,1,10,1,3,8,6,5,3,5,2,0,2,2,3,10
n401,7,9,7,3,7,9,8,4,6,0,9,6,3,0,8,10,3,5,0,0,0,7,6,2,1,2,0,7,9,2,0,3,0,7,6,8,2,8,6,8,5,0,5,6,10,1,5,7,6,0,3,0,5,1,4,1,10,1,3,8,6,5,3,5,2,0,2,10,3,10
n404,7,9,7,3,7,9,8,4,6,9,0,6,0,4,8,10,3,5,0,1,0,7,6,0,1,2,0,7,9,2,0,3,0,7,6,8,2,8,6,8,5,0,5,6,10,1,5,7,6,8,3,0,5,1,4,1,10,1,3,8,6,5,3,5,2,5,2,0,3,10
n403,7,9,7,3,7,9,8,4,6,9,0,6,3,4,8,10,3,5,0,1,0,7,6,0,1,2,0,7,9,2,0,3,0,7,6,8,2,8,6,8,5,0,5,6,10,1,5,7,6,0,3,6,5,1,4,1,10,1,3,8,6,5,3,5,2,5,2,0,3,10
n410,7,9,7,3,7,9,8,4,0,3,0,6,0,0,8,10,3,5,0,1,9,0,6,0,0,2,10,7,9,2,4,3,0,7,2,0,2,8,6,8,0,0,5,6,10,1,5,4,6,3,9,6,5,1,4,1,8,1,3,0,8,5,0,5,2,10,2,0,3,10
n409,7,9,7,3,7,9,8,4,0,3,5,6,0,0,8,10,3,5,0,1,9,0,6,0,0,2,10,7,9,2,0,3,0,7,2,0,2,8,6,8,1,0,5,6,10,1,5,4,6,3,9,6,5,1,4,1,8,1,3,0,0,5,0,5,2,10,2,0,3,10
n412,7,9,7,3,7,9,8,4,10,0,1,6,0,0,8,10,3,5,0,4,0,6,6,0,0,2,10,7,9,2,0,3,0,7,3,0,2,8,6,8,2,8,5,6,0,1,5,4,6,3,0,0,5,1,4,1,8,1,3,0,0,5,0,5,2,10,2,7,3,10
n411,7,9,7,3,7,9,8,4,10,3,0,6,0,0,8,10,3,5,0,4,0,0,6,0,10,2,10,7,9,2,0,3,0,7,0,0,2,8,6,8,0,0,5,6,0,1,5,4,6,3,0,4,5,1,4,1,8,1,3,0,0,5,3,5,2,10,2,8,3,10
n416,7,9,7,3,7,9,8,4,0,3,0,6,4,3,8,10,3,5,2,9,0,1,6,0,1,2,10,7,9,2,0,3,10,7,0,0,2,8,6,8,0,0,5,6,0,1,5,0,6,3,7,0,5,1,4,1,8,1,3,9,0,5,0,5,2,2,2,0,3,10
n415,7,9,7,3,7,9,8,4,0,3,0,6,4,0,8,10,3,5,6,9,7,1,6,0,1,2,10,7,9,2,0,3,10,7,0,0,2,8,6,8,0,0,5,6,0,1,5,0,6,3,7,4,5,1,4,1,8,1,3,9,5,5,0,5,2,0,2,0,3,10
n418,7,9,7,3,7,9,8,4,2,3,0,6,4,0,8,10,3,5,2,9,0,1,6,0,1,2,10,7,9,2,6,3,10,7,4,0,2,8,6,8,1,0,5,6,0,1,5,0,6,3,4,4,5,1,4,1,8,1,3,0,9,5,1,5,2,0,2,0,3,10
n417,7,9,7,3,7,9,8,4,2,3,0,6,4,1,8,10,3,5,0,9,0,1,6,0,1,2,10,7,9,2,0,3,10,7,0,0,2,8,6,8,1,0,5,6,5,1,5,0,6,3,4,4,5,1,4,1,8,1,3,0,9,5,1,5,2,0,2,4,3,10
n426,7,9,7,0,7,9,2,4,0,10,2,6,0,6,8,10,3,1,0,0,3,3,6,1,10,2,0,7,9,2,10,8,0,1,4,5,2,1,6,8,2,1,5,6,10,1,5,6,6,0,7,4,5,1,4,1,0,1,3,2,0,5,0,5,2,0,6,2,6,10
n425,7,9,7,0,7,9,2,4,0,10,2,6,0,6,8,10,3,1,0,0,3,8,6,1,10,2,8,7,9,2,10,8,0,1,4,5,2,1,6,8,2,1,5,6,10,1,5,6,6,0,7,4,5,1,4,1,8,1,3,2,0,5,0,5,2,0,6,2,6,10
n428,7,9,7,0,7,9,2,4,8,10,2,6,0,6,8,10,3,1,9,1,3,0,6,1,7,2,0,7,9,2,10,8,0,1,4,5,2,0,6,8,2,1,5,6,10,1,5,6,6,0,7,4,5,1,4,1,0,1,3,2,2,5,4,5,2,9,0,0,6,10
n427,7,9,7,0,7,9,2,4,3,10,2,6,0,6,8,10,3,1,9,0,3,0,6,1,0,2,0,7,9,2,10,8,0,1,4,5,2,0,6,8,2,1,5,6,10,1,5,6,6,4,7,4,5,1,4,1,5,1,3,2,2,5,4,5,2,0,0,0,6,10
n432,7,9,7,1,7,9,2,4,5,2,2,6,1,6,8,10,3,1,0,0,3,9,6,0,0,2,0,7,9,2,10,8,4,1,4,5,2,0,6,8,2,1,5,6,10,1,5,6,6,0,7,4,5,1,4,1,10,1,3,4,0,5,10,5,2,0,0,0,6,10
n431,7,9,7,1,7,9,2,4,0,2,2,6,1,6,8,10,3,1,0,6,3,0,6,0,6,2,0,7,9,2,10,8,4,1,4,5,2,0,6,8,2,1,5,6,10,1,5,6,6,0,7,4,5,1,4,1,0,1,3,4,0,5,10,5,2,0,0,0,6,10
n434,7,9,7,7,7,9,2,4,0,0,2,6,1,6,8,10,3,1,0,0,3,0,6,2,0,2,0,7,9,2,10,8,4,1,4,5,2,1,6,8,2,1,5,6,10,1,5,6,6,0,7,4,5,1,4,1,0,1,3,4,0,5,0,5,2,10,8,1,6,10
n433,7,9,7,0,7,9,2,4,0,0,2,6,1,6,8,10,3,1,0,0,3,0,6,2,0,2,0,7,9,2,10,8,0,1,4,5,2,0,6,8,2,1,5,6,10,1,5,6,6,0,7,4,5,1,4,1,0,1,3,4,6,5,0,5,2,10,0,1,6,10
n440,7,9,7,0,7,9,2,4,0,0,2,6,0,6,8,10,3,1,0,8,9,10,6,4,0,2,0,7,9,2,10,8,0,0,4,5,2,2,6,8,6,8,5,6,10,1,5,0,6,6,0,4,5,1,4,1,0,1,3,9,7,5,9,5,2,1,8,0,6,10
n439,7,9,7,0,7,9,2,4,0,0,2,6,0,6,8,10,3,1,0,0,9,10,6,4,0,2,0,7,9,2,10,8,0,0,4,5,2,2,6,8,0,8,5,6,10,1,5,0,6,6,0,4,5,1,4,1,0,1,3,9,7,5,9,5,2,1,8,0,6,10
n442,7,9,7,9,7,9,2,4,1,0,2,6,8,6,8,10,3,1,3,0,9,0,6,4,0,2,8,7,9,2,10,7,0,9,4,5,2,2,6,8,0,8,5,6,10,1,5,10,6,6,0,4,5,1,4,1,0,1,3,9,7,5,0,5,2,1,8,0,6,10
n441,7,9,7,0,7,9,2,4,1,0,2,6,8,6,8,10,3,1,0,2,9,0,6,4,0,2,8,7,9,2,10,0,0,9,4,5,2,2,6,8,0,8,5,6,10,1,5,10,6,6,0,4,5,1,4,1,0,1,3,9,7,5,0,5,2,1,8,0,6,10
n446,7,9,7,0,7,9,2,4,0,0,2,6,0,6,8,10,3,1,8,7,9,0,6,4,0,2,0,7,9,2,10,0,2,8,4,5,2,2,6,8,5,9,5,6,10,1,5,4,6,6,5,4,5,1,4,1,0,1,3,0,0,5,9,5,2,3,8,0,6,10
n445,7,9,7,0,7,9,2,4,7,0,2,6,2,6,8,10,3,1,5,7,9,10,6,4,0,2,1,7,9,2,10,0,2,0,4,5,2,2,6,8,5,8,5,6,10,1,5,4,6,6,5,4,5,1,4,1,0,1,3,0,0,5,9,5,2,3,8,2,6,10
n448,7,9,7,0,7,9,2,4,1,2,2,6,0,6,8,10,3,1,0,7,9,0,6,4,0,2,0,7,9,2,10,1,2,0,4,5,2,2,6,8,0,0,5,6,10,1,5,5,6,6,5,4,5,1,4,1,0,1,3,0,0,5,0,5,2,3,8,0,6,10
n447,7,9,7,0,7,9,2,4,0,2,2,6,0,6,8,10,3,1,0,7,9,0,6,4,0,2,0,7,9,2,10,1,2,0,4,5,2,2,6,8,0,0,5,6,10,1,5,5,6,6,5,4,5,1,4,1,0,1,3,1,0,5,0,5,2,3,8,0,6,10
n458,7,9,7,6,7,9,1,0,0,0,3,6,0,2,8,10,3,0,4,8,8,1,6,2,2,3,2,7,9,2,4,2,10,0,1,5,2,0,6,8,1,10,5,6,0,1,5,3,6,0,4,6,5,1,4,2,4,1,3,4,7,3,0,5,2,0,10,0,3,0
n457,7,9,7,6,7,9,7,0,0,4,3,6,5,2,8,10,3,0,4,8,8,1,6,2,2,3,2,7,9,2,4,2,10,0,1,5,2,0,6,8,1,10,5,6,0,1,5,3,6,5,4,6,5,1,4,2,4,1,3,4,7,0,0,5,2,0,10,10,3,4
n460,7,9,7,6,7,9,0,0,10,6,3,6,4,2,8,10,3,3,4,9,0,10,6,2,2,3,2,7,9,2,4,2,10,0,1,5,2,0,6,8,8,10,5,6,5,1,5,3,6,0,4,6,5,1,4,2,4,1,3,4,7,0,0,5,2,2,7,0,3,7
n459,7,9,7,6,7,9,0,0,0,1,3,6,4,2,8,10,3,3,4,0,0,0,6,2,2,3,2,7,9,2,4,2,10,0,1,5,2,0,6,8,3,10,5,6,5,1,5,3,6,0,4,6,5,1,4,2,4,1,3,4,7,0,0,5,2,0,7,0,3,7
n464,7,9,7,4,7,9,5,0,8,0,3,6,0,2,8,10,3,0,4,3,0,4,6,2,2,0,2,7,9,2,4,2,10,0,1,5,2,5,6,8,4,10,5,6,7,1,5,3,6,7,4,4,5,1,4,2,4,1,3,4,7,0,10,5,2,0,3,0,3,4
n463,7,9,7,4,7,9,5,0,8,0,3,6,0,2,8,10,3,0,4,3,0,4,6,2,2,1,2,7,9,2,4,2,10,0,1,5,2,0,6,8,4,10,5,6,7,1,5,3,6,7,4,4,5,1,4,2,4,1,3,4,7,8,10,5,2,0,3,0,3,0
n466,7,9,7,0,7,9,5,0,8,0,3,6,0,2,8,10,3,0,4,0,0,4,6,2,2,0,2,7,9,2,4,2,10,8,1,5,2,6,6,8,0,10,5,6,7,1,5,3,6,0,4,0,5,1,4,2,4,1,3,4,7,0,0,5,2,0,3,10,3,5
n465,7,9,7,2,7,9,5,0,8,0,3,6,0,2,8,10,3,7,4,0,9,4,6,2,2,0,2,7,9,2,4,2,10,0,1,5,2,6,6,8,0,10,5,6,7,1,5,3,6,0,4,0,5,1,4,2,4,1,3,4,7,0,4,5,2,10,3,10,3,0
n472,7,9,7,3,7,9,7,7,7,4,6,6,8,2,8,10,3,10,4,3,8,0,6,2,0,10,2,7,9,2,4,2,10,1,1,8,2,2,6,8,2,10,5,6,4,1,5,3,6,8,4,7,5,1,4,6,4,1,3,4,7,10,0,5,2,8,2,0,0,0
n471,7,9,7,0,7,9,7,7,7,4,0,6,8,2,8,10,3,10,4,3,8,0,6,2,0,10,2,7,9,2,4,2,10,1,1,8,2,0,6,8,2,10,5,6,10,1,5,3,6,8,4,7,5,1,4,6,4,1,3,4,7,10,0,5,2,8,2,0,0,0
n474,7,9,7,2,7,9,7,0,0,4,10,6,7,2,8,10,3,10,4,2,8,0,6,2,3,10,2,7,9,2,4,2,10,1,1,8,2,0,6,8,2,10,5,6,3,1,5,3,6,1,4,7,5,1,4,9,4,1,3,4,7,10,0,5,2,8,2,10,0,0
n473,7,9,7,0,7,9,7,6,0,4,4,6,7,2,8,10,3,10,4,0,8,0,6,2,3,10,2,7,9,2,4,2,10,1,1,8,2,0,6,8,2,10,5,6,3,1,5,3,6,0,4,7,5,1,4,9,4,1,3,4,7,10,0,5,2,8,2,0,0,0
n478,7,9,7,0,7,9,2,0,0,4,9,6,3,2,8,10,3,0,4,4,0,4,6,2,0,10,2,7,9,2,4,2,10,0,1,0,2,0,6,8,2,10,5,6,0,1,5,3,6,0,4,7,5,1,4,3,4,1,3,4,7,10,5,5,2,8,2,0,0,0
n477,7,9,7,0,7,9,2,10,0,4,9,6,3,2,8,10,3,0,4,4,0,4,6,2,0,10,2,7,9,2,4,2,10,0,1,0,2,0,6,8,2,10,5,6,8,1,5,3,6,4,4,7,5,1,4,3,4,1,3,4,7,10,5,5,2,8,2,0,0,8
n480,7,9,7,0,7,9,1,0,0,4,9,6,1,2,8,10,3,7,4,0,0,0,6,2,0,10,2,7,9,2,4,2,10,3,1,0,2,0,6,8,2,10,5,6,0,1,5,3,6,0,4,7,5,1,4,3,4,1,3,4,7,10,5,5,2,8,2,0,0,0
n479,7,9,7,0,7,9,0,0,5,4,9,6,0,2,8,10,3,7,4,0,0,3,6,2,0,10,2,7,9,2,4,2,10,3,1,0,2,0,6,8,2,10,5,6,1,1,5,3,6,0,4,7,5,1,4,3,4,1,3,4,7,10,5,5,2,8,2,0,7,0
n488,7,9,7,4,7,9,5,10,10,6,5,6,0,2,8,10,3,4,9,0,6,10,6,2,5,0,10,7,9,2,0,9,10,10,3,7,2,6,6,8,0,10,5,6,0,1,5,3,6,1,9,0,5,1,4,4,4,1,3,0,7,0,0,5,2,0,1,0,0,8
n487,7,9,7,4,7,9,5,10,10,6,5,6,0,2,8,10,3,4,9,0,6,10,6,2,0,0,10,7,9,2,0,0,10,10,3,7,2,6,6,8,0,10,5,6,9,1,5,3,6,1,9,0,5,1,4,4,4,1,3,0,7,0,0,5,2,0,1,0,10,8
n490,7,9,7,9,7,9,0,10,10,6,5,6,10,2,8,10,3,4,9,7,6,10,6,2,10,0,10,7,9,2,0,0,10,10,0,7,2,6,6,8,0,10,5,6,1,1,5,0,6,1,0,0,5,1,4,4,4,1,3,0,7,1,0,5,2,2,1,0,4,8
n489,7,9,7,9,7,9,0,10,10,6,5,6,10,2,8,10,3,4,9,7,6,10,6,2,10,4,10,7,9,2,0,8,10,10,9,7,2,6,6,8,0,10,5,6,0,1,5,0,6,1,0,0,5,1,4,4,4,1,3,0,7,0,0,5,2,2,1,0,0,8
n494,7,9,7,1,7,9,0,10,10,7,5,6,0,2,8,10,3,0,9,0,6,10,6,2,2,2,0,7,9,2,6,9,10,10,0,7,2,6,6,8,0,10,5,6,0,1,5,1,6,1,0,2,5,1,4,3,4,1,3,0,7,2,7,5,2,8,1,4,0,1
n493,7,9,7,1,7,9,0,10,10,0,5,6,0,2,8,10,3,3,9,0,6,10,6,2,2,2,0,7,9,2,6,9,10,10,0,7,2,6,6,8,0,10,5,6,0,1,5,0,6,1,0,0,5,1,4,3,4,1,3,0,7,2,0,5,2,8,1,4,2,0
n496,7,9,7,1,7,9,0,10,10,4,5,6,4,2,8,10,3,8,9,0,6,10,6,2,0,0,0,7,9,2,6,9,10,10,5,7,2,6,6,8,0,10,5,6,8,1,5,3,6,1,0,0,5,1,4,0,4,1,3,0,7,0,0,5,2,8,1,2,0,0
n495,7,9,7,1,7,9,0,10,10,4,5,6,4,2,8,10,3,8,9,0,6,10,6,2,0,1,0,7,9,2,6,9,10,10,0,7,2,6,6,8,0,10,5,6,0,1,5,0,6,1,4,0,5,1,4,0,4,1,3,0,7,0,0,5,2,8,1,2,0,10
n502,7,9,7,0,7,9,9,10,0,2,0,6,0,2,8,10,3,0,9,0,4,10,6,2,0,0,2,7,9,2,9,2,10,2,0,7,2,0,6,8,7,10,5,6,0,1,5,3,6,1,0,0,5,1,4,10,4,1,3,0,7,9,7,5,2,8,1,0,10,3
n501,7,9,7,0,7,9,9,10,0,2,1,6,0,2,8,10,3,0,9,8,4,10,6,2,0,0,2,7,9,2,9,2,10,2,0,7,2,0,6,8,7,10,5,6,0,1,5,3,6,1,0,0,5,1,4,10,4,1,3,0,7,9,7,5,2,8,1,0,10,3
n504,7,9,7,0,7,9,9,10,0,0,0,6,9,2,8,10,3,0,9,0,4,0,6,2,2,4,2,7,9,2,0,0,10,2,0,7,2,2,6,8,7,10,5,6,9,1,5,3,6,1,0,0,5,1,4,4,4,1,3,0,7,9,7,5,2,8,1,0,10,0
n503,7,9,7,0,7,9,9,10,10,6,7,6,9,2,8,10,3,0,9,0,4,0,6,2,0,4,2,7,9,2,2,0,10,2,0,7,2,0,6,8,7,10,5,6,9,1,5,3,6,1,0,3,5,1,4,3,4,1,3,0,7,9,7,5,2,8,1,2,10,0
n508,7,9,7,7,7,9,8,10,0,8,0,6,0,2,8,10,3,0,9,10,4,6,6,2,0,0,2,7,9,2,0,0,10,0,0,7,2,0,6,8,0,10,5,6,3,1,5,3,6,1,8,10,5,1,4,0,4,1,3,8,7,9,7,5,2,8,1,0,10,0
n507,7,9,7,0,7,9,0,10,0,8,0,6,0,2,8,10,3,0,9,10,4,6,6,2,0,0,2,7,9,2,0,7,10,0,0,7,2,0,6,8,0,10,5,6,3,1,5,3,6,1,8,0,5,1,4,8,4,1,3,8,7,9,7,5,2,8,1,0,10,0
n510,7,9,7,0,7,9,0,10,0,8,0,6,0,2,8,10,3,0,9,10,4,0,6,2,0,0,2,7,9,2,0,0,10,1,10,7,2,6,6,8,4,10,5,6,3,1,5,3,6,1,8,0,5,1,4,0,4,1,3,8,7,9,7,5,2,8,1,0,10,0
n509,7,9,7,0,7,9,0,10,0,8,0,6,0,2,8,10,3,0,9,10,4,0,6,2,0,0,2,7,9,2,0,0,10,0,10,7,2,6,6,8,4,10,5,6,3,1,5,3,6,1,8,0,5,1,4,0,4,1,3,8,7,9,7,5,2,8,1,0,10,10
