cell,r1,r2,r3,r4,r5,r6,r7,r8,r9,r10,r11,r12,r13,r14,r15,r16,r17,r18,r19,r20,r21,r22,r23,r24,r25,r26,r27,r28,r29,r30,r31,r32,r33,r34,r35,r36,r37,r38,r39,r40,r41,r42,r43,r44,r45,r46,r47,r48,r49,r50,r51,r52,r53,r54,r55,r56,r57,r58,r59,r60,r61,r62,r63,r64,r65,r66,r67,r68,r69,r70
n16,1,9,10,5,6,8,7,1,4,0,5,0,8,5,10,1,5,0,2,0,0,0,8,3,3,6,2,8,0,9,4,7,1,5,9,6,0,8,0,5,7,8,9,5,9,6,5,9,5,10,1,2,5,1,0,1,7,8,1,5,5,0,4,1,6,0,0,10,10,6
n15,1,9,10,5,6,8,7,1,4,0,5,0,8,5,10,1,5,0,2,0,0,0,8,3,3,0,2,8,0,0,4,7,1,5,9,6,0,8,0,5,7,8,9,5,9,6,5,9,5,10,1,2,5,1,0,1,7,8,1,5,5,0,4,1,6,6,0,10,10,6
n18,1,9,10,5,6,8,7,1,4,0,5,0,8,5,10,1,5,0,2,0,2,0,8,3,3,9,2,8,0,0,4,8,1,5,9,6,0,0,0,5,7,8,9,5,9,6,5,9,5,10,1,2,5,1,0,1,7,8,1,5,5,0,4,1,6,0,0,10,10,6
n17,1,9,10,5,6,8,7,1,4,0,5,2,8,5,10,1,5,0,2,7,2,0,8,3,3,0,2,8,6,0,4,8,1,5,9,6,0,4,0,5,7,8,9,5,9,6,5,9,5,10,1,2,5,1,5,1,7,8,1,5,5,6,4,1,6,0,0,10,10,6
n22,1,9,10,5,0,8,7,1,4,0,5,0,8,5,10,1,5,0,2,10,0,3,0,0,3,0,2,8,0,0,4,5,1,5,9,6,4,2,0,5,7,8,9,5,0,0,5,9,5,10,1,2,5,1,6,6,7,8,1,5,5,2,4,1,6,1,9,10,10,6
n21,1,9,10,5,10,8,7,1,4,0,5,0,8,5,10,1,5,7,2,0,2,3,2,0,3,9,2,8,0,0,4,5,1,5,9,6,4,2,0,5,7,8,9,5,0,9,5,9,5,10,1,2,5,1,6,6,7,8,1,5,5,2,4,1,6,1,9,10,10,6
n24,1,9,10,5,0,8,7,1,4,6,5,0,8,5,10,1,5,0,2,0,0,0,0,5,3,0,2,8,3,0,4,5,1,5,9,6,4,0,0,5,7,8,9,5,0,0,5,9,5,10,1,2,5,1,0,6,7,8,1,5,5,0,4,1,6,0,9,10,10,6
n23,1,9,10,5,0,8,7,1,4,0,5,0,8,5,10,1,5,0,2,0,0,0,0,5,3,0,2,8,0,0,4,5,1,5,9,6,4,0,0,5,7,8,9,5,9,0,5,9,5,10,1,2,5,1,0,6,7,8,1,5,5,0,4,1,6,0,9,10,10,6
n30,1,9,10,5,6,0,7,1,4,5,5,0,8,5,10,1,5,0,2,1,6,0,0,0,3,0,2,8,8,2,4,0,1,5,9,9,10,5,7,5,7,8,9,5,7,0,5,9,5,10,1,9,5,1,1,8,7,8,1,5,5,0,4,1,6,0,5,10,10,0
n29,1,9,10,5,6,0,7,1,4,0,5,0,8,5,10,1,5,0,2,1,0,7,0,0,3,0,2,0,8,2,4,0,1,5,9,9,10,5,7,5,7,8,9,5,7,0,5,9,5,10,1,9,5,1,1,8,7,8,1,5,5,0,4,1,6,0,5,10,10,0
n32,1,9,10,5,6,0,7,1,4,0,5,9,8,5,10,1,5,0,2,1,0,10,4,0,3,6,2,0,8,2,4,0,1,5,9,0,10,0,0,5,7,8,9,5,7,0,5,9,5,10,1,9,5,1,4,8,7,8,1,5,5,0,4,1,6,0,5,10,10,5
n31,1,9,10,5,6,0,7,1,4,0,5,9,8,5,10,1,5,0,2,1,0,0,4,0,3,0,2,0,8,2,4,0,1,5,9,0,10,0,0,5,7,8,9,5,7,0,5,9,5,10,1,9,5,1,4,8,7,8,1,5,5,0,4,1,6,0,5,10,10,0
n36,1,9,10,5,5,0,7,1,4,1,5,0,8,5,10,1,5,6,2,1,1,10,5,0,3,0,2,7,0,2,4,1,1,5,9,0,10,9,4,5,7,8,9,5,4,0,5,9,5,10,1,9,5,1,10,1,7,8,1,5,5,0,4,1,6,8,5,10,10,0
n35,1,9,10,5,0,0,7,1,4,1,5,0,8,5,10,1,5,0,2,1,1,10,7,0,3,0,2,7,0,0,4,1,1,5,9,0,10,0,4,5,7,8,9,5,0,0,5,9,5,10,1,9,5,1,10,1,7,8,1,5,5,0,4,1,6,8,5,10,10,0
n38,1,9,10,5,0,0,7,1,4,10,5,0,8,5,10,1,5,5,2,1,1,10,0,0,3,9,2,7,0,5,4,10,1,5,9,0,10,0,8,5,7,8,9,5,7,0,5,9,5,10,1,9,5,1,0,0,7,8,1,5,5,0,4,1,6,8,5,10,10,0
n37,1,9,10,5,0,0,7,1,4,10,5,0,8,5,10,1,5,5,2,1,1,10,0,0,3,10,2,7,0,4,4,7,1,5,9,0,10,2,0,5,7,8,9,5,7,0,5,9,5,10,1,9,5,1,10,0,7,8,1,5,5,0,4,1,6,8,5,10,10,0
n46,1,9,10,5,0,0,7,1,4,1,5,3,8,5,10,1,0,3,2,0,0,0,9,5,3,0,2,3,0,8,4,0,1,5,9,0,7,0,0,5,7,8,9,6,5,0,5,9,5,10,1,1,5,8,10,10,0,8,1,5,5,2,4,1,6,0,1,10,10,0
n45,1,9,10,5,0,0,7,1,4,1,5,3,8,5,10,1,0,3,2,1,0,0,9,5,3,6,2,3,0,8,4,2,1,5,9,0,7,0,0,5,7,8,9,6,5,0,5,9,5,10,1,1,5,8,10,10,0,8,1,5,5,10,4,1,6,0,0,10,10,0
n48,1,9,10,5,0,8,7,1,4,0,5,3,8,5,10,1,0,3,2,0,0,0,9,0,3,0,2,6,0,8,4,10,1,5,9,0,7,0,8,5,7,8,9,6,5,1,5,9,5,10,1,1,5,8,10,10,0,8,1,5,5,1,4,1,6,0,0,10,10,0
n47,1,9,10,5,5,0,7,1,4,0,5,3,8,5,10,1,0,3,2,0,0,0,9,0,3,0,2,6,0,8,4,0,1,5,9,0,7,0,8,5,7,8,9,6,5,0,5,9,5,10,1,1,5,8,10,10,0,8,1,5,5,1,4,1,6,0,9,10,10,0
n52,1,9,10,5,0,9,7,1,4,2,5,3,8,5,10,1,0,3,2,5,0,0,9,2,3,0,2,0,10,8,4,6,1,5,9,0,7,0,0,5,7,8,9,6,5,0,5,9,5,10,1,1,5,0,10,2,8,8,1,5,5,0,4,1,6,0,1,10,10,1
n51,1,9,10,5,0,9,7,1,4,0,5,3,8,5,10,1,10,3,2,5,0,6,9,2,3,0,2,0,10,8,4,6,1,5,9,5,7,0,0,5,7,8,9,6,5,0,5,9,5,10,1,1,5,0,10,2,6,8,1,5,5,0,4,1,6,4,1,10,10,1
n54,1,9,10,5,0,9,7,1,4,0,5,3,8,5,10,1,6,3,2,0,0,0,9,2,3,5,2,7,10,8,4,6,1,5,9,0,7,0,0,5,7,8,9,6,5,0,5,9,5,10,1,1,5,0,10,0,0,8,1,5,5,0,4,1,6,0,1,10,10,0
n53,1,9,10,5,4,9,7,1,4,5,5,3,8,5,10,1,6,3,2,0,0,0,9,2,3,5,2,7,10,8,4,6,1,5,9,0,7,0,0,5,7,8,9,6,5,0,5,9,5,10,1,1,5,6,10,10,2,8,1,5,5,7,4,1,6,0,1,10,10,7
n60,1,9,10,5,0,0,7,1,4,9,5,3,8,5,10,1,6,3,2,0,4,0,1,0,3,8,2,10,1,1,4,7,1,5,9,10,7,0,0,5,7,8,9,6,5,4,5,9,5,10,1,1,5,1,8,0,4,8,1,5,5,10,4,1,6,0,9,10,10,3
n59,1,9,10,5,0,0,7,1,4,9,5,3,8,5,10,1,6,3,2,0,4,0,1,0,3,8,2,10,1,1,4,7,1,5,9,10,7,0,5,5,7,8,9,6,5,4,5,9,5,10,1,1,5,0,8,0,4,8,1,5,5,10,4,1,6,0,9,10,10,3
n62,1,9,10,5,0,0,7,1,4,9,5,3,8,5,10,1,6,3,2,10,0,0,2,1,3,8,2,10,1,1,4,0,1,5,9,10,7,0,0,5,7,8,9,6,5,4,5,9,5,10,1,1,5,0,8,0,4,8,1,5,5,10,4,1,6,0,9,10,10,3
n61,1,9,10,5,8,0,7,1,4,9,5,3,8,5,10,1,6,3,2,0,0,0,2,1,3,8,2,10,1,1,4,0,1,5,9,10,7,0,0,5,7,8,9,6,5,4,5,9,5,10,1,1,5,0,8,0,4,8,1,5,5,10,4,1,6,2,9,10,10,3
n66,1,9,10,5,2,0,7,1,4,0,5,3,8,5,10,1,6,3,2,7,10,1,0,0,3,2,2,0,1,1,4,9,1,5,9,1,7,8,6,5,7,8,9,6,5,4,5,9,5,10,1,1,5,1,8,0,4,8,1,5,5,10,4,1,6,0,9,10,10,3
n65,1,9,10,5,2,0,7,1,4,0,5,3,8,5,10,1,6,3,2,7,10,1,0,0,3,8,2,0,1,1,4,9,1,5,9,1,7,8,6,5,7,8,9,6,5,4,5,9,5,10,1,1,5,1,8,0,4,8,1,5,5,10,4,1,6,0,9,10,10,3
n68,1,9,10,5,0,0,7,1,4,0,5,3,8,5,10,1,6,3,2,7,10,1,0,0,3,0,2,0,1,1,4,0,1,5,9,1,7,0,9,5,7,8,9,6,5,4,5,9,5,10,1,1,5,0,8,0,4,8,1,5,5,10,4,1,6,0,9,10,10,3
n67,1,9,10,5,0,0,7,1,4,0,5,3,8,5,10,1,6,3,2,7,10,1,0,0,3,0,2,0,1,1,4,0,1,5,9,1,7,3,9,5,7,8,9,6,5,4,5,9,5,10,1,1,5,0,8,0,4,8,1,5,5,10,4,1,6,2,9,10,10,3
n78,1,9,10,5,1,0,7,1,4,9,5,2,8,5,10,1,4,0,2,10,2,0,7,0,3,0,2,1,0,9,4,4,1,5,9,8,0,8,8,5,7,8,9,8,3,9,5,9,5,10,0,2,5,6,6,1,0,8,1,5,5,0,4,1,6,7,0,10,10,9
n77,1,9,10,5,1,0,7,1,4,9,5,2,8,5,10,1,4,0,2,10,2,0,7,0,3,0,2,1,0,9,4,4,1,5,9,8,0,8,8,5,7,8,9,0,3,9,5,9,5,10,0,0,5,6,6,1,7,8,1,5,5,0,4,1,6,7,0,10,10,9
n80,1,9,10,5,1,2,7,1,4,9,5,2,8,5,10,1,0,0,2,10,2,0,7,7,3,2,2,1,0,0,4,0,1,5,9,8,0,8,0,5,7,8,9,0,3,9,5,9,5,10,0,0,5,6,6,1,0,8,1,5,5,2,4,1,6,7,4,10,10,0
n79,1,9,10,5,1,2,7,1,4,9,5,2,8,5,10,1,0,0,2,10,2,0,7,10,3,2,2,1,10,0,4,0,1,5,9,8,0,8,0,5,7,8,9,4,3,9,5,9,5,10,4,0,5,6,6,1,0,8,1,5,5,0,4,1,6,7,4,10,10,0
n84,1,9,10,5,0,4,7,1,4,9,5,0,8,5,10,1,10,0,2,10,0,0,7,5,3,0,2,1,5,4,4,5,1,5,9,8,0,0,0,5,7,8,9,0,3,9,5,9,5,10,4,0,5,0,6,1,2,8,1,5,5,2,4,1,6,7,0,10,10,1
n83,1,9,10,5,0,0,7,1,4,9,5,7,8,5,10,1,10,0,2,10,3,0,7,5,3,0,2,1,5,0,4,5,1,5,9,8,0,7,9,5,7,8,9,0,3,9,5,9,5,10,4,0,5,0,6,1,2,8,1,5,5,2,4,1,6,7,0,10,10,0
n86,1,9,10,5,0,0,7,1,4,9,5,0,8,5,10,1,8,0,2,10,0,2,0,0,3,0,2,1,7,4,4,0,1,5,9,8,10,0,0,5,7,8,9,0,3,9,5,9,5,10,4,0,5,5,6,1,0,8,1,5,5,0,4,1,6,7,0,10,10,0
n85,1,9,10,5,0,0,7,1,4,9,5,0,8,5,10,1,0,0,2,10,0,8,6,1,3,5,2,1,7,9,4,0,1,5,9,8,10,0,3,5,7,8,9,0,3,9,5,9,5,10,4,0,5,0,6,1,6,8,1,5,5,0,4,1,6,7,0,10,10,0
n92,1,9,10,5,4,0,7,1,4,9,5,0,8,5,10,1,6,2,2,10,0,3,0,0,3,9,2,1,0,0,4,2,1,5,9,8,9,9,0,5,7,8,9,0,1,0,5,9,5,10,0,0,5,6,7,2,0,8,1,5,5,4,4,1,6,7,0,10,10,6
n91,1,9,10,5,4,0,7,1,4,9,5,0,8,5,10,1,6,2,2,10,0,3,0,0,3,9,2,1,0,0,4,2,1,5,9,8,0,9,0,5,7,8,9,0,1,0,5,9,5,10,10,0,5,6,7,2,0,8,1,5,5,4,4,1,6,7,0,10,10,6
n94,1,9,10,5,0,0,7,1,4,9,5,0,8,5,10,1,5,2,2,10,2,3,2,0,3,9,2,1,0,0,4,2,1,5,9,8,0,9,0,5,7,8,9,0,1,0,5,9,5,10,0,0,5,0,7,4,0,8,1,5,5,4,4,1,6,7,0,10,10,6
n93,1,9,10,5,0,0,7,1,4,9,5,7,8,5,10,1,0,2,2,10,2,3,0,0,3,9,2,1,0,0,4,2,1,5,9,8,0,9,0,5,7,8,9,0,1,0,5,9,5,10,0,0,5,9,7,0,0,8,1,5,5,4,4,1,6,7,0,10,10,6
n98,1,9,10,5,10,2,7,1,4,9,5,4,8,5,10,1,0,0,2,10,0,3,0,9,3,9,2,1,6,2,4,3,1,5,9,8,0,0,0,5,7,8,9,0,1,1,5,9,5,10,7,0,5,0,7,0,0,8,1,5,5,4,4,1,6,7,0,10,10,2
n97,1,9,10,5,0,0,7,1,4,9,5,0,8,5,10,1,0,9,2,10,0,3,0,0,3,9,2,1,0,2,4,0,1,5,9,8,4,0,0,5,7,8,9,0,1,1,5,9,5,10,0,1,5,0,7,0,0,8,1,5,5,4,4,1,6,7,0,10,10,2
n100,1,9,10,5,0,0,7,1,4,9,5,0,8,5,10,1,0,0,2,10,7,3,0,0,3,9,2,1,0,2,4,0,1,5,9,8,0,0,0,5,7,8,9,0,1,1,5,9,5,10,0,0,5,5,7,0,4,8,1,5,5,4,4,1,6,7,0,10,10,0
n99,1,9,10,5,2,0,7,1,4,9,5,0,8,5,10,1,8,10,2,10,0,3,0,0,3,9,2,1,7,2,4,0,1,5,9,8,5,0,0,5,7,8,9,0,1,1,5,9,5,10,0,0,5,0,7,0,4,8,1,5,5,4,4,1,6,7,0,10,10,0
n108,1,9,10,5,6,9,7,1,4,9,5,0,8,5,10,1,6,10,2,10,9,6,0,8,3,9,2,0,0,2,4,3,1,5,9,8,3,0,4,5,7,8,9,0,3,0,5,9,5,10,0,1,5,0,3,8,3,8,1,5,5,6,4,1,6,7,0,10,10,0
n107,1,9,10,5,5,9,7,1,4,9,5,0,8,5,10,1,6,10,2,10,9,6,1,0,3,9,2,0,0,2,4,3,1,5,9,8,3,0,4,5,7,8,9,0,3,7,5,9,5,10,0,1,5,7,0,8,3,8,1,5,5,6,4,1,6,7,0,10,10,0
n110,1,9,10,5,3,9,7,1,4,9,5,0,8,5,10,1,6,10,2,10,9,1,3,4,3,0,2,0,0,2,4,3,1,5,9,8,3,0,4,5,7,8,9,0,3,7,5,9,5,10,0,1,5,5,0,8,3,8,1,5,5,6,4,1,6,7,0,10,10,0
n109,1,9,10,5,3,9,7,1,4,9,5,1,8,5,10,1,6,10,2,10,9,0,0,4,3,3,2,0,0,2,4,3,1,5,9,8,3,0,4,5,7,8,9,0,3,7,5,9,5,10,0,1,5,5,0,8,3,8,1,5,5,6,4,1,6,7,0,10,10,0
n114,1,9,10,5,0,0,7,1,4,9,5,10,8,5,10,1,6,10,2,10,0,0,1,5,3,7,2,0,1,2,4,3,1,5,9,8,3,1,0,5,7,8,9,0,3,3,5,9,5,10,0,4,5,0,0,0,3,8,1,5,5,0,4,1,6,7,1,10,10,7
n113,1,9,10,5,8,0,7,1,4,9,5,0,8,5,10,1,6,10,2,10,0,0,1,5,3,7,2,10,1,2,4,3,1,5,9,8,3,1,0,5,7,8,9,0,3,3,5,9,5,10,0,4,5,0,0,0,3,8,1,5,5,0,4,1,6,7,1,10,10,7
n116,1,9,10,5,0,10,7,1,4,9,5,10,8,5,10,1,6,10,2,10,10,0,0,5,3,7,2,0,1,2,4,0,1,5,9,8,3,1,9,5,7,8,9,0,3,3,5,9,5,10,0,0,5,0,7,0,3,8,1,5,5,0,4,1,6,7,1,10,10,7
n115,1,9,10,5,0,10,7,1,4,9,5,10,8,5,10,1,6,10,2,10,0,0,0,5,3,7,2,0,1,2,4,0,1,5,9,8,3,1,9,5,7,8,9,0,3,3,5,9,5,10,5,4,5,9,7,5,3,8,1,5,5,0,4,1,6,7,1,10,10,7
n122,1,9,10,5,1,0,7,1,4,9,5,0,8,5,10,1,6,10,2,10,0,0,8,6,3,0,2,5,0,2,4,10,1,5,9,8,3,9,4,5,7,8,9,9,5,0,5,9,5,10,2,0,5,3,9,0,0,8,1,5,5,0,4,1,6,7,0,10,10,0
n121,1,9,10,5,0,0,7,1,4,9,5,6,8,5,10,1,6,10,2,10,10,5,8,6,3,0,2,5,0,2,4,10,1,5,9,8,3,9,0,5,7,8,9,9,5,0,5,9,5,10,2,0,5,3,0,0,0,8,1,5,5,0,4,1,6,7,0,10,10,0
n124,1,9,10,5,0,6,7,1,4,9,5,0,8,5,10,1,6,10,2,10,0,0,8,6,3,1,2,5,0,2,4,0,1,5,9,8,3,0,0,5,7,8,9,9,5,2,5,9,5,10,7,10,5,3,0,0,8,8,1,5,5,0,4,1,6,7,0,10,10,0
n123,1,9,10,5,0,7,7,1,4,9,5,6,8,5,10,1,6,10,2,10,0,0,8,0,3,2,2,5,0,2,4,0,1,5,9,8,3,3,0,5,7,8,9,9,5,0,5,9,5,10,0,10,5,3,0,0,8,8,1,5,5,0,4,1,6,7,0,10,10,0
n128,1,9,10,5,0,8,7,1,4,9,5,3,8,5,10,1,6,10,2,10,1,8,8,0,3,4,2,0,0,2,4,7,1,5,9,8,3,0,0,5,7,8,9,9,0,6,5,9,5,10,7,4,5,2,7,5,8,8,1,5,5,0,4,1,6,7,10,10,10,0
n127,1,9,10,5,0,8,7,1,4,9,5,3,8,5,10,1,6,10,2,10,1,0,8,0,3,4,2,0,0,2,4,0,1,5,9,8,3,0,0,5,7,8,9,9,0,0,5,9,5,10,7,4,5,2,0,5,8,8,1,5,5,9,4,1,6,7,0,10,10,0
n130,1,9,10,5,9,4,7,1,4,9,5,3,8,5,10,1,6,10,2,10,1,0,8,0,3,3,2,0,0,2,4,6,1,5,9,8,3,0,0,5,7,8,9,9,3,0,5,9,5,10,8,0,5,2,0,7,8,8,1,5,5,0,4,1,6,7,0,10,10,2
n129,1,9,10,5,9,4,7,1,4,9,5,3,8,5,10,1,6,10,2,10,1,0,8,0,3,0,2,0,0,2,4,0,1,5,9,8,3,0,0,5,7,8,9,9,0,0,5,9,5,10,0,0,5,2,0,0,8,8,1,5,5,0,4,1,6,7,10,10,10,2
n142,1,9,10,5,0,5,3,1,4,0,5,10,8,6,0,1,1,0,2,0,2,2,1,2,3,9,2,5,2,0,4,0,1,5,9,5,10,5,7,5,7,8,10,1,0,1,10,9,5,10,10,10,5,0,9,0,1,8,5,5,5,6,4,8,8,0,8,10,3,1
n141,1,9,10,5,0,5,3,1,4,0,5,10,8,6,5,1,1,0,2,0,2,2,1,2,3,9,2,5,2,0,4,0,1,5,9,5,10,5,7,5,7,8,10,1,0,1,10,9,5,10,10,10,5,0,9,0,1,8,5,5,5,6,4,8,8,8,0,10,3,1
n144,1,9,10,5,0,5,3,1,4,7,5,0,8,6,0,1,1,7,2,8,10,2,1,2,3,9,2,5,2,0,4,0,1,5,9,5,10,5,7,5,7,8,10,1,7,1,10,9,5,10,10,10,5,2,9,0,1,8,5,5,5,6,4,8,0,4,1,10,3,1
n143,1,9,10,5,0,5,3,1,4,2,5,0,8,6,0,1,1,0,2,0,0,2,1,2,3,9,2,5,2,0,4,0,1,5,9,5,10,5,7,5,7,8,10,1,0,1,10,9,5,10,10,10,5,2,9,0,1,8,5,5,5,6,4,8,0,4,1,10,3,1
n148,1,9,10,5,0,5,3,1,4,9,5,9,8,6,2,1,1,0,2,0,0,2,1,2,3,9,2,5,2,1,4,0,1,5,9,9,10,5,7,5,7,8,10,1,1,1,10,9,5,10,10,10,5,0,9,0,1,8,0,5,5,6,4,8,0,0,0,10,3,1
n147,1,9,10,5,0,5,3,1,4,9,5,9,8,6,2,1,1,0,2,0,0,2,1,2,3,9,2,5,2,1,4,0,1,5,9,9,10,5,7,5,7,8,10,1,0,1,10,9,5,10,10,10,5,2,9,0,1,8,0,5,5,6,4,8,0,7,0,10,3,1
n150,1,9,10,5,0,5,3,1,4,0,5,0,8,6,0,1,1,9,2,0,0,2,1,2,3,9,2,5,2,0,4,0,1,5,9,9,10,5,7,5,7,8,10,1,2,1,10,9,5,10,10,10,5,10,9,7,1,8,0,5,5,6,4,8,0,0,0,10,3,1
n149,1,9,10,5,0,5,3,1,4,0,5,0,8,6,0,1,1,3,2,0,0,2,1,2,3,9,2,5,2,0,4,0,1,5,9,9,10,5,7,5,7,8,10,1,2,1,10,9,5,10,10,10,5,0,9,7,1,8,0,5,5,6,4,8,0,6,10,10,3,1
n156,1,9,10,5,0,5,3,1,4,4,5,6,8,6,5,1,1,2,2,7,4,2,1,2,3,9,2,5,2,0,4,0,1,5,9,10,10,5,7,5,7,8,10,1,0,1,10,9,5,10,10,10,5,4,9,7,6,8,6,5,5,6,4,3,2,3,2,10,3,1
n155,1,9,10,5,9,5,3,1,4,4,5,6,8,6,0,1,1,2,2,7,4,2,1,2,3,9,2,5,2,0,4,0,1,5,9,10,10,5,7,5,7,8,10,1,0,1,10,9,5,10,10,10,5,4,9,7,6,8,6,5,5,6,4,3,2,3,2,10,3,1
n158,1,9,10,5,0,5,3,1,4,0,5,6,8,6,0,1,1,2,2,0,4,2,1,2,3,9,2,5,2,0,4,0,1,5,9,0,10,5,7,5,7,8,10,1,0,1,10,9,5,10,10,10,5,4,9,7,6,8,6,5,5,6,4,3,2,0,2,10,3,1
n157,1,9,10,5,0,5,3,1,4,0,5,6,8,6,0,1,1,2,2,0,4,2,1,2,3,9,2,5,2,0,4,0,1,5,9,0,10,5,7,5,7,8,10,1,0,1,10,9,5,10,10,10,5,4,9,7,6,8,6,5,5,6,4,3,2,0,2,10,3,1
n162,1,9,10,5,10,5,3,1,4,2,5,0,8,6,0,1,1,2,2,0,4,2,1,2,3,9,2,5,2,0,4,0,1,5,9,0,10,5,7,5,7,8,10,1,0,1,10,9,5,10,10,10,5,4,9,7,4,8,6,5,5,6,4,0,0,0,2,10,3,1
n161,1,9,10,5,10,5,3,1,4,2,5,1,8,6,0,1,1,2,2,0,4,2,1,2,3,9,2,5,2,0,4,0,1,5,9,3,10,5,7,5,7,8,10,1,0,1,10,9,5,10,10,10,5,4,9,7,4,8,6,5,5,6,4,0,9,0,2,10,3,1
n164,1,9,10,5,10,5,3,1,4,2,5,0,8,6,6,1,1,2,2,10,4,2,1,2,3,9,2,5,2,0,4,1,1,5,9,6,10,5,7,5,7,8,10,1,0,1,10,9,5,10,10,10,5,4,9,7,4,8,6,5,5,6,4,0,0,0,2,10,3,1
n163,1,9,10,5,10,5,3,1,4,2,5,0,8,6,0,1,1,2,2,0,4,2,1,2,3,9,2,5,2,0,4,0,1,5,9,6,10,5,7,5,7,8,10,1,7,1,10,9,5,10,10,10,5,4,9,7,4,8,6,5,5,6,4,3,0,0,2,10,3,1
n172,1,9,10,5,8,0,0,1,4,1,5,2,8,6,7,1,1,0,2,0,5,7,1,2,3,0,2,5,2,0,4,0,1,0,9,7,0,2,7,5,7,8,10,1,0,1,0,9,5,10,10,2,5,10,1,6,6,8,0,5,5,6,4,9,7,4,0,10,0,1
n171,1,9,10,5,8,0,0,1,4,1,5,2,8,6,7,1,1,0,2,0,5,7,1,2,3,0,2,5,2,0,4,8,1,0,9,0,0,0,7,5,7,8,10,1,0,1,0,9,5,10,10,2,5,10,1,6,6,8,0,5,5,6,4,9,7,0,0,10,0,1
n174,1,9,10,5,8,3,0,1,4,1,5,2,8,6,7,1,1,0,2,0,5,7,1,2,3,4,2,5,2,0,4,0,1,7,9,0,0,5,7,5,7,8,10,1,10,1,0,9,5,10,10,2,5,0,4,6,0,8,0,5,5,6,4,9,7,0,0,10,4,1
n173,1,9,10,5,8,3,0,1,4,1,5,2,8,6,7,1,1,10,2,0,5,7,1,2,3,4,2,5,2,0,4,8,1,7,9,0,0,0,7,5,7,8,10,1,0,1,5,9,5,10,10,2,5,0,4,6,0,8,0,5,5,6,4,9,7,0,0,10,7,1
n178,1,9,10,5,8,10,4,1,4,1,5,2,8,6,0,1,1,0,2,0,5,7,1,2,3,8,2,5,2,10,4,9,1,0,9,0,5,0,7,5,7,8,10,1,5,1,4,9,5,10,10,2,5,0,0,6,5,8,3,5,5,6,4,1,7,2,4,10,0,1
n177,1,9,10,5,8,10,1,1,4,1,5,2,8,6,0,1,1,0,2,3,5,7,1,2,3,8,2,5,2,10,4,0,1,0,9,0,5,0,7,5,7,8,10,1,5,1,4,9,5,10,10,2,5,0,0,6,5,8,3,5,5,6,4,1,7,2,0,10,0,1
n180,1,9,10,5,8,10,0,1,4,1,5,2,8,6,5,1,1,4,2,0,5,7,1,2,3,0,2,5,2,10,4,1,1,0,9,0,4,0,7,5,7,8,10,1,5,1,0,9,5,10,10,2,5,9,6,6,5,8,3,5,5,6,4,0,7,2,0,10,0,1
n179,1,9,10,5,8,10,0,1,4,1,5,2,8,6,3,1,1,0,2,6,5,7,1,2,3,0,2,5,2,10,4,1,1,0,9,0,0,0,7,5,7,8,10,1,5,1,0,9,5,10,10,2,5,3,0,6,5,8,3,5,5,6,4,2,7,2,0,10,0,1
n186,1,9,10,5,8,1,1,1,4,0,5,0,8,6,6,1,1,0,2,7,5,0,1,2,3,0,2,5,2,10,4,0,1,0,9,2,7,3,7,5,7,8,10,1,0,1,6,9,5,10,10,2,5,4,0,8,5,8,3,5,5,6,4,0,7,0,5,10,9,1
n185,1,9,10,5,8,1,0,1,4,0,5,0,8,6,6,1,1,2,2,0,5,0,1,2,3,0,2,5,2,10,4,8,1,0,9,2,7,3,7,5,7,8,10,1,0,1,6,9,5,10,10,2,5,4,0,8,5,8,3,5,5,6,4,0,7,0,5,10,0,1
n188,1,9,10,5,8,0,5,1,4,0,5,0,8,6,6,1,1,0,2,0,5,0,1,2,3,0,2,5,2,5,4,10,1,0,9,2,7,0,7,5,7,8,10,1,0,1,6,9,5,10,10,2,5,4,0,8,5,8,3,5,5,6,4,8,7,0,5,10,0,1
n187,1,9,10,5,8,0,0,1,4,0,5,4,8,6,6,1,1,0,2,0,5,0,1,2,3,0,2,5,2,5,4,10,1,0,9,2,7,0,7,5,7,8,10,1,0,1,6,9,5,10,10,2,5,4,0,8,5,8,3,5,5,6,4,8,7,0,5,10,0,1
n192,1,9,10,5,8,0,0,1,4,0,5,0,8,6,6,1,1,2,2,2,5,0,1,2,3,7,2,5,2,0,4,0,1,0,9,2,7,5,7,5,7,8,10,1,0,1,6,9,5,10,10,2,5,0,1,0,5,8,3,5,5,6,4,0,7,0,6,10,0,1
n191,1,9,10,5,8,0,2,1,4,0,5,10,8,6,6,1,1,2,2,2,5,0,1,2,3,7,2,5,2,0,4,0,1,0,9,2,7,5,7,5,7,8,10,1,0,1,6,9,5,10,10,2,5,0,1,0,5,8,3,5,5,6,4,0,7,0,6,10,0,1
n194,1,9,10,5,8,0,0,1,4,0,5,0,8,6,6,1,1,0,2,1,5,0,1,2,3,0,2,5,2,1,4,3,1,0,9,2,7,5,7,5,7,8,10,1,0,1,6,9,5,10,10,2,5,7,0,0,5,8,3,5,5,6,4,0,7,0,6,10,0,1
n193,1,9,10,5,8,0,0,1,4,0,5,0,8,6,6,1,1,0,2,0,5,0,1,2,3,0,2,5,2,1,4,3,1,0,9,2,7,5,7,5,7,8,10,1,0,1,6,9,5,10,10,2,5,7,0,0,5,8,3,5,5,6,4,0,7,0,6,10,0,1
n204,1,9,10,5,3,0,6,1,4,6,5,4,8,6,7,1,1,0,2,1,0,4,1,4,3,4,2,4,2,1,4,3,1,0,9,7,4,0,0,5,7,8,10,2,4,0,0,9,5,10,10,4,5,6,0,0,0,8,0,5,5,5,4,0,1,4,0,10,2,1
n203,1,9,10,5,3,4,6,1,4,6,5,4,8,6,7,1,1,0,2,1,0,4,1,4,3,4,2,4,2,2,4,3,1,0,9,7,4,0,4,5,7,8,10,2,4,0,0,9,5,10,10,4,5,6,0,0,0,8,0,5,5,5,4,0,1,4,0,10,2,1
n206,1,9,10,5,3,1,6,1,4,6,5,4,8,6,7,1,1,0,2,1,0,4,1,4,3,4,2,4,2,1,4,0,1,0,9,7,0,0,10,5,7,8,10,6,4,2,0,9,5,10,10,4,5,6,0,0,0,8,6,5,5,5,4,3,1,4,0,10,2,1
n205,1,9,10,5,3,1,6,1,4,6,5,4,8,6,7,1,1,8,2,1,0,4,1,4,3,4,2,4,2,1,4,0,1,0,9,7,0,0,10,5,7,8,10,0,4,2,0,9,5,10,10,4,5,6,0,0,2,8,0,5,5,5,4,0,1,4,0,10,2,1
n210,1,9,10,5,3,0,6,1,4,6,5,4,8,6,7,1,1,0,2,1,10,4,1,4,3,4,2,4,2,4,4,0,1,7,9,7,0,0,0,5,7,8,10,0,4,1,9,9,5,10,10,4,5,6,0,3,0,8,9,5,5,0,4,0,1,4,0,10,2,1
n209,1,9,10,5,3,0,6,1,4,6,5,4,8,6,7,1,1,0,2,1,0,4,1,4,3,4,2,4,2,1,4,0,1,7,9,7,3,0,0,5,7,8,10,0,4,1,10,9,5,10,10,4,5,6,0,3,0,8,9,5,5,0,4,0,1,4,0,10,2,1
n212,1,9,10,5,3,0,6,1,4,6,5,4,8,6,7,1,1,0,2,1,0,7,1,4,3,4,2,4,2,0,4,0,1,7,9,7,0,0,0,5,7,8,10,9,4,1,0,9,5,10,10,4,5,6,2,0,0,8,0,5,5,0,4,2,1,4,0,10,2,1
n211,1,9,10,5,3,0,6,1,4,6,5,4,8,6,7,1,1,0,2,1,0,0,1,4,3,4,2,4,2,0,4,0,1,7,9,7,0,0,0,5,7,8,10,9,4,1,0,9,5,10,10,4,5,6,0,0,0,8,0,5,5,0,4,0,1,4,0,10,2,1
n218,1,9,10,5,3,1,6,1,4,6,5,4,8,6,7,1,1,10,2,8,8,0,1,4,3,1,2,4,2,4,4,0,1,10,9,7,3,10,0,5,7,8,10,0,4,8,0,9,5,10,10,4,5,6,1,0,3,8,0,5,5,0,4,0,1,4,2,10,2,1
n217,1,9,10,5,3,1,6,1,4,6,5,4,8,6,7,1,1,10,2,8,0,0,1,4,3,1,2,4,2,4,4,0,1,10,9,7,3,10,0,5,7,8,10,0,4,8,0,9,5,10,10,4,5,6,1,0,3,8,2,5,5,0,4,0,1,4,2,10,2,1
n220,1,9,10,5,3,1,6,1,4,6,5,4,8,6,7,1,1,10,2,8,0,0,1,4,3,1,2,4,2,4,4,0,1,10,9,7,3,10,0,5,7,8,10,0,4,8,0,9,5,10,10,4,5,6,1,0,3,8,0,5,5,0,4,0,1,4,2,10,2,1
n219,1,9,10,5,3,1,6,1,4,6,5,4,8,6,7,1,1,10,2,8,0,0,1,4,3,1,2,4,2,4,4,0,1,10,9,7,3,10,7,5,7,8,10,0,4,8,0,9,5,10,10,4,5,6,1,0,3,8,0,5,5,0,4,8,1,4,2,10,2,1
n224,1,9,10,5,3,1,6,1,4,6,5,4,8,6,7,1,1,6,2,8,0,0,1,4,3,1,2,4,2,9,4,0,1,10,9,7,5,10,0,5,7,8,10,1,4,5,0,9,5,10,10,4,5,6,7,0,3,8,0,5,5,0,4,0,1,4,0,10,2,1
n223,1,9,10,5,3,1,6,1,4,6,5,4,8,6,7,1,1,0,2,8,8,0,1,4,3,1,2,4,2,9,4,0,1,10,9,7,5,10,0,5,7,8,10,1,4,5,0,9,5,10,10,4,5,6,7,0,3,8,0,5,5,0,4,0,1,4,0,10,2,1
n226,1,9,10,5,3,1,6,1,4,6,5,4,8,6,7,1,1,2,2,8,7,9,1,4,3,1,2,4,2,9,4,1,1,10,9,7,0,10,0,5,7,8,10,0,4,5,0,9,5,10,10,4,5,6,0,7,3,8,4,5,5,0,4,0,1,4,0,10,2,1
n225,1,9,10,5,3,1,6,1,4,6,5,4,8,6,7,1,1,0,2,8,0,0,1,4,3,1,2,4,2,9,4,7,1,10,9,7,10,10,0,5,7,8,10,0,4,5,0,9,5,10,10,4,5,6,4,0,3,8,4,5,5,0,4,0,1,4,0,10,2,1
n234,1,9,10,5,3,10,0,1,4,6,5,4,8,6,4,1,1,0,2,9,10,5,1,0,3,0,2,5,2,0,4,1,1,0,9,0,2,7,3,5,7,8,10,0,1,0,0,9,5,10,10,1,5,9,6,2,3,8,3,5,5,10,4,6,0,4,0,10,2,1
n233,1,9,10,5,3,10,0,1,4,6,5,4,8,6,4,1,1,0,2,9,10,0,1,9,3,0,2,5,2,0,4,0,1,0,9,0,2,7,3,5,7,8,10,0,1,0,0,9,5,10,10,1,5,9,6,2,3,8,3,5,5,10,4,6,0,4,0,10,2,1
n236,1,9,10,5,3,10,7,1,4,6,5,4,8,6,1,1,1,0,2,9,10,0,1,0,3,0,2,0,2,6,4,0,1,0,9,2,2,7,3,5,7,8,10,0,1,9,0,9,5,10,10,1,5,9,9,2,3,8,3,5,5,10,4,6,8,4,0,10,2,1
n235,1,9,10,5,3,10,7,1,4,6,5,4,8,6,1,1,1,0,2,9,10,2,1,0,3,1,2,0,2,0,4,0,1,2,9,2,2,7,3,5,7,8,10,2,1,0,0,9,5,10,10,1,5,9,9,2,3,8,3,5,5,10,4,6,8,4,0,10,2,1
n240,1,9,10,5,3,10,0,1,4,6,5,4,8,6,10,1,1,4,2,9,10,10,1,0,3,0,2,0,2,6,4,0,1,0,9,0,9,8,3,5,7,8,10,0,1,0,0,9,5,10,10,1,5,9,0,2,3,8,3,5,5,10,4,6,0,4,0,10,2,1
n239,1,9,10,5,3,10,0,1,4,6,5,4,8,6,10,1,1,0,2,9,10,0,1,0,3,0,2,0,2,6,4,0,1,2,9,0,9,8,3,5,7,8,10,6,1,4,0,9,5,10,10,1,5,9,0,2,3,8,3,5,5,10,4,6,0,4,0,10,2,1
n242,1,9,10,5,3,10,0,1,4,6,5,4,8,6,10,1,1,0,2,9,10,0,1,0,3,7,2,1,2,0,4,0,1,0,9,9,9,8,3,5,7,8,10,6,1,0,0,9,5,10,10,1,5,9,4,2,3,8,3,5,5,10,4,6,1,4,9,10,2,1
n241,1,9,10,5,3,10,0,1,4,6,5,4,8,6,10,1,1,9,2,9,10,0,1,0,3,0,2,1,2,8,4,0,1,0,9,6,9,8,3,5,7,8,10,6,1,4,0,9,5,10,10,1,5,9,0,2,3,8,3,5,5,10,4,6,1,4,0,10,2,1
n248,1,9,10,5,3,5,0,1,4,6,5,4,8,6,8,1,1,1,2,9,0,0,1,0,3,5,2,0,2,0,4,0,1,6,9,1,9,0,3,5,7,8,10,0,7,0,0,9,5,10,10,1,5,9,0,1,0,8,3,5,5,9,4,6,6,4,9,10,2,1
n247,1,9,10,5,3,5,2,1,4,6,5,4,8,6,8,1,1,1,2,9,0,0,1,0,3,5,2,4,2,3,4,0,1,6,9,0,0,0,3,5,7,8,10,0,7,0,0,9,5,10,10,1,5,9,0,1,0,8,3,5,5,9,4,6,0,4,9,10,2,1
n250,1,9,10,5,3,5,5,1,4,6,5,4,8,6,6,1,1,1,2,9,9,0,1,0,3,2,2,0,2,0,4,0,1,2,9,0,0,0,3,5,7,8,10,4,0,3,6,9,5,10,10,1,5,9,0,6,0,8,0,5,5,0,4,6,0,4,9,10,2,1
n249,1,9,10,5,3,5,5,1,4,6,5,4,8,6,0,1,1,1,2,9,9,3,1,0,3,0,2,5,2,2,4,0,1,2,9,0,0,0,3,5,7,8,10,4,10,3,0,9,5,10,10,1,5,9,0,6,0,8,0,5,5,0,4,6,9,4,9,10,2,1
n254,1,9,10,5,3,9,0,1,4,6,5,4,8,6,0,1,1,0,2,9,9,8,1,0,3,0,2,0,2,1,4,0,1,2,9,0,3,0,3,5,7,8,10,9,0,0,8,9,5,10,10,1,5,9,0,0,2,8,0,5,5,0,4,6,0,4,2,10,2,1
n253,1,9,10,5,3,0,0,1,4,6,5,4,8,6,1,1,1,0,2,9,9,8,1,0,3,0,2,0,2,1,4,0,1,2,9,0,3,3,3,5,7,8,10,0,6,0,8,9,5,10,10,1,5,9,2,4,2,8,0,5,5,1,4,6,9,4,2,10,2,1
n256,1,9,10,5,3,0,0,1,4,6,5,4,8,6,7,1,1,3,2,9,9,8,1,8,3,0,2,0,2,1,4,0,1,2,9,0,3,0,3,5,7,8,10,0,0,0,8,9,5,10,10,1,5,9,0,10,2,8,0,5,5,0,4,6,0,4,2,10,2,1
n255,1,9,10,5,3,0,4,1,4,6,5,4,8,6,0,1,1,3,2,9,9,8,1,0,3,0,2,0,2,1,4,0,1,2,9,0,3,0,3,5,7,8,10,3,0,0,8,9,5,10,10,1,5,9,0,10,2,8,0,5,5,0,4,6,0,4,2,10,2,1
n270,1,9,10,7,8,6,7,1,4,5,0,0,10,0,1,4,3,3,0,6,10,0,8,8,6,0,2,2,0,6,4,10,1,10,10,0,3,8,7,5,7,8,1,10,0,8,7,9,5,10,8,5,5,4,3,0,5,5,5,0,7,0,4,9,7,8,1,0,0,1
n269,1,9,10,7,8,6,7,1,4,5,9,0,10,0,1,4,3,3,0,6,10,8,8,8,6,0,2,2,0,6,4,0,1,10,10,0,3,8,0,5,7,8,1,10,0,8,7,9,5,10,8,5,0,4,3,0,5,5,5,0,7,0,4,9,7,8,0,0,0,1
n272,1,9,10,7,8,6,7,1,4,5,0,0,10,0,1,4,3,3,0,6,10,0,8,8,6,0,2,2,0,6,4,0,1,5,10,9,3,8,0,5,7,8,1,10,2,8,7,9,5,10,4,5,0,8,3,8,5,5,5,0,7,0,4,0,7,8,0,6,0,1
n271,1,9,10,7,8,6,7,1,4,5,0,0,10,0,1,4,3,3,0,6,10,0,8,8,6,0,2,2,0,6,4,0,1,0,10,9,3,8,0,5,7,8,1,10,2,8,7,9,5,10,4,5,0,8,3,0,5,5,5,0,7,0,4,0,7,8,0,6,10,1
n276,1,9,10,7,8,6,7,1,4,5,10,6,10,0,1,4,3,3,10,6,10,0,0,8,6,0,2,2,9,0,4,0,1,10,10,0,3,8,0,5,7,8,1,10,8,8,7,9,5,10,2,5,3,7,3,0,5,5,5,3,7,0,4,7,7,8,1,0,0,1
n275,1,9,10,7,8,6,7,1,4,5,10,6,10,0,1,4,3,3,10,6,10,0,0,8,6,5,2,2,9,0,4,6,1,10,10,0,3,8,0,5,7,8,1,10,8,8,7,9,5,10,0,5,3,7,3,0,5,5,5,3,7,0,4,7,7,8,1,0,0,1
n278,1,9,10,7,8,6,7,1,4,5,0,0,10,3,1,4,3,3,10,6,10,0,10,8,6,0,2,2,6,0,4,0,1,10,10,9,3,8,10,5,7,8,1,10,0,8,7,9,5,10,9,5,3,7,3,0,5,5,5,2,7,0,4,0,7,8,4,0,0,1
n277,1,9,10,7,8,6,7,1,4,5,0,0,10,3,1,4,3,3,10,6,10,0,0,8,6,0,2,2,6,0,4,0,1,10,10,9,3,8,10,5,7,8,1,10,0,8,7,9,5,10,9,5,3,7,3,0,5,5,5,0,7,0,4,10,7,8,0,8,0,1
n284,1,9,10,10,8,6,7,1,4,5,0,0,10,7,1,4,3,3,3,6,10,1,1,8,6,0,2,2,8,4,4,4,1,2,7,5,3,8,0,5,7,8,1,3,10,8,7,9,5,10,0,5,0,8,3,4,5,5,5,7,0,3,4,0,0,8,0,7,0,0
n283,1,9,10,10,8,6,7,1,4,5,4,0,10,7,1,4,3,3,3,6,10,1,1,8,6,0,2,2,8,4,4,4,1,0,7,5,3,8,0,5,7,8,1,3,10,8,7,9,5,10,0,5,0,8,3,0,5,5,5,0,0,3,4,0,0,8,0,7,0,0
n286,1,9,10,10,8,6,7,1,4,5,8,4,10,7,1,4,3,3,3,6,10,0,0,8,6,3,2,2,0,4,4,0,1,0,7,5,3,8,0,5,7,8,1,3,0,8,7,9,5,10,10,5,9,8,3,3,5,5,5,0,0,3,4,0,0,8,0,7,5,0
n285,1,9,10,10,8,6,7,1,4,5,0,4,10,7,1,4,3,3,3,6,10,0,0,8,6,1,2,2,0,4,4,0,1,0,7,5,3,8,7,5,7,8,1,3,0,8,7,9,5,10,10,5,9,8,3,0,5,5,5,0,4,3,4,0,0,8,0,7,5,0
n290,1,9,10,0,8,6,7,1,4,5,9,0,10,7,1,4,3,3,3,6,10,8,10,8,6,1,2,2,4,4,4,0,1,0,7,5,3,8,3,5,7,8,1,3,0,8,7,9,5,10,0,5,7,8,3,0,5,5,5,0,3,0,4,8,0,8,0,7,0,2
n289,1,9,10,0,8,6,7,1,4,5,0,0,10,7,1,4,3,3,3,6,10,8,0,8,6,1,2,2,4,4,4,0,1,0,7,5,3,8,3,5,7,8,1,3,0,8,7,9,5,10,0,5,7,8,3,0,5,5,5,0,3,0,4,8,0,8,0,7,5,2
n292,1,9,10,0,8,6,7,1,4,5,9,0,10,7,1,4,3,3,3,6,10,0,0,8,6,0,2,2,4,4,4,0,1,0,7,5,3,8,0,5,7,8,1,3,0,8,7,9,5,10,1,5,7,8,3,0,5,5,5,0,3,0,4,0,0,8,3,7,0,2
n291,1,9,10,0,8,6,7,1,4,5,9,9,10,7,1,4,3,3,3,6,10,0,0,8,6,0,2,2,4,4,4,0,1,0,7,5,3,8,0,5,7,8,1,3,0,8,7,9,5,10,1,5,7,8,3,0,5,5,5,0,3,0,4,0,0,8,3,7,0,2
n300,1,9,10,0,8,6,7,1,4,5,0,0,10,0,1,4,1,0,10,6,10,0,9,8,6,4,2,2,0,4,4,2,1,6,2,3,3,8,10,5,7,8,1,5,0,8,7,9,5,10,7,5,7,8,5,0,5,5,5,5,10,0,4,2,7,8,5,0,8,10
n299,1,9,10,0,8,6,7,1,4,5,0,0,10,0,1,4,1,0,10,6,10,0,9,8,6,4,2,2,0,4,4,2,1,6,2,3,3,8,10,5,7,8,1,5,0,8,7,9,5,10,7,5,7,8,5,1,5,5,5,5,0,0,4,2,7,8,5,8,8,10
n302,1,9,10,0,8,6,7,1,4,5,1,0,10,0,1,4,1,0,0,6,10,0,9,8,6,0,2,2,8,4,4,2,1,6,2,3,3,8,10,5,7,8,1,5,0,8,7,9,5,10,7,5,7,8,5,3,5,5,5,5,0,0,4,2,0,8,5,0,8,0
n301,1,9,10,0,8,6,7,1,4,5,1,0,10,0,1,4,1,0,0,6,10,0,9,8,6,0,2,2,0,4,4,2,1,6,2,3,3,8,10,5,7,8,1,5,0,8,7,9,5,10,7,5,7,8,5,3,5,5,5,5,0,2,4,2,0,8,5,0,8,0
n306,1,9,10,0,8,6,7,1,4,5,0,0,10,10,1,4,1,0,0,6,10,0,9,8,6,1,2,2,2,8,4,2,1,6,2,1,3,8,10,5,7,8,1,5,1,8,7,9,5,10,7,5,7,0,1,0,5,5,5,0,0,0,4,2,0,8,5,0,8,0
n305,1,9,10,0,8,6,7,1,4,5,0,0,10,10,1,4,1,0,0,6,10,0,9,8,6,1,2,2,0,0,4,2,1,6,2,0,3,8,10,5,7,8,1,5,1,8,7,9,5,10,7,5,7,0,1,0,5,5,5,0,0,8,4,2,4,8,5,0,8,0
n308,1,9,10,0,8,6,7,1,4,5,6,0,10,10,1,4,1,0,3,6,10,0,9,8,6,1,2,2,6,9,4,2,1,6,2,2,3,8,10,5,7,8,1,5,7,8,7,9,5,10,7,5,7,0,8,0,5,5,5,0,0,0,4,2,0,8,5,9,8,0
n307,1,9,10,0,8,6,7,1,4,5,0,9,10,10,1,4,1,1,3,6,10,0,9,8,6,1,2,2,6,0,4,2,1,6,2,0,3,8,10,5,7,8,1,5,7,8,7,9,5,10,7,5,7,0,8,0,5,5,5,0,0,0,4,2,0,8,5,9,8,0
n314,1,9,10,0,8,6,7,1,4,5,0,8,10,3,1,4,1,1,3,6,10,0,5,8,6,7,2,2,9,0,4,2,1,0,1,10,3,8,10,5,7,8,1,5,0,8,7,9,5,10,5,5,4,0,4,0,5,5,5,0,0,4,4,2,4,8,3,0,6,4
n313,1,9,10,0,8,6,7,1,4,5,0,8,10,3,1,4,1,1,3,6,10,0,5,8,6,0,2,2,9,4,4,2,1,0,3,10,3,8,10,5,7,8,1,5,0,8,7,9,5,10,5,5,4,4,0,0,5,5,5,0,0,4,4,2,4,8,3,0,6,4
n316,1,9,10,1,8,6,7,1,4,5,8,8,10,3,1,4,1,1,5,6,10,0,0,8,6,4,2,2,9,0,4,2,1,0,0,10,3,8,10,5,7,8,1,5,0,8,7,9,5,10,5,5,4,0,0,0,5,5,5,0,9,4,4,2,4,8,3,0,5,4
n315,1,9,10,0,8,6,7,1,4,5,8,8,10,3,1,4,1,1,5,6,10,0,0,8,6,4,2,2,9,0,4,2,1,0,0,10,3,8,10,5,7,8,1,5,0,8,7,9,5,10,5,5,4,0,0,0,5,5,5,10,0,4,4,2,4,8,3,5,6,4
n320,1,9,10,0,8,6,7,1,4,5,0,0,10,9,1,4,1,1,1,6,10,3,0,8,6,9,2,2,5,4,4,2,1,0,0,9,3,8,10,5,7,8,1,5,6,8,7,9,5,10,0,5,4,0,1,4,5,5,5,0,0,5,4,2,0,8,1,0,0,0
n319,1,9,10,0,8,6,7,1,4,5,0,0,10,9,1,4,1,1,1,6,10,3,0,8,6,9,2,2,5,4,4,2,1,0,0,0,3,8,10,5,7,8,1,5,6,8,7,9,5,10,0,5,4,0,1,4,5,5,5,0,0,0,4,2,3,8,1,0,0,0
n322,1,9,10,0,8,6,7,1,4,5,0,0,10,9,1,4,1,1,1,6,10,3,0,8,6,9,2,2,5,7,4,2,1,0,5,0,3,8,10,5,7,8,1,5,0,8,7,9,5,10,0,5,4,0,1,4,5,5,5,0,9,0,4,2,9,8,1,3,0,0
n321,1,9,10,0,8,6,7,1,4,5,0,0,10,9,1,4,1,1,1,6,10,3,0,8,6,9,2,2,5,7,4,2,1,0,0,0,3,8,10,5,7,8,1,5,0,8,7,9,5,10,0,5,4,0,1,4,5,5,5,0,9,0,4,2,9,8,1,0,10,0
n332,1,9,10,2,8,1,3,1,4,5,0,6,10,7,1,6,9,10,0,6,10,0,2,8,0,3,2,2,4,9,4,0,1,4,0,0,3,8,8,5,7,8,1,0,9,8,0,9,5,10,2,0,6,5,0,0,5,5,5,8,5,10,4,0,5,10,0,3,3,7
n331,1,9,10,2,8,1,3,1,4,5,0,6,10,7,1,6,9,10,0,6,10,0,2,8,0,3,2,2,4,9,4,5,1,4,0,0,3,8,8,5,7,8,1,0,9,8,0,9,5,10,2,0,6,5,0,0,5,5,5,8,5,10,4,0,5,10,8,3,0,7
n334,1,9,10,2,8,1,0,1,4,5,0,6,10,7,1,6,9,10,0,6,10,7,2,8,0,3,2,2,4,9,4,0,1,4,6,0,3,8,8,5,7,8,1,0,9,8,5,9,5,10,2,0,6,0,0,0,5,5,5,0,5,10,4,0,5,10,0,3,0,7
n333,1,9,10,2,8,1,6,1,4,5,10,6,10,7,1,6,9,10,0,6,10,7,2,8,0,3,2,2,4,9,4,0,1,4,6,0,3,8,8,5,7,8,1,0,9,8,5,9,5,10,2,0,6,6,0,0,5,5,5,0,5,10,4,0,5,10,0,3,0,7
n338,1,9,10,2,8,1,0,1,4,5,1,6,10,7,1,0,9,0,0,6,10,0,2,8,0,3,2,2,4,9,4,0,1,4,0,0,3,8,8,5,7,8,1,0,2,8,0,9,5,10,2,0,6,0,9,0,5,5,5,8,5,5,4,0,5,10,0,3,3,7
n337,1,9,10,2,8,1,0,1,4,5,1,6,10,7,1,0,9,7,0,6,10,0,2,8,0,3,2,2,4,9,4,0,1,4,0,0,3,8,8,5,7,8,1,0,0,8,0,9,5,10,2,0,6,0,6,0,5,5,5,8,5,5,4,0,5,10,8,3,3,7
n340,1,9,10,2,8,1,0,1,4,5,3,6,10,7,1,0,9,0,0,6,10,0,2,8,0,3,2,2,4,9,4,0,1,4,7,0,3,8,8,5,7,8,1,0,0,8,0,9,5,10,2,0,6,0,5,0,5,5,5,8,5,5,4,0,5,10,2,3,0,7
n339,1,9,10,2,8,1,0,1,4,5,3,6,10,7,1,0,9,0,6,6,10,0,2,8,0,3,2,2,4,9,4,4,1,4,4,0,3,8,8,5,7,8,1,0,3,8,0,9,5,10,2,0,6,0,0,0,5,5,5,8,5,5,4,0,5,10,0,3,0,7
n346,1,9,10,2,8,0,8,1,4,5,8,6,10,7,1,0,9,4,0,6,10,3,8,8,4,3,2,2,3,9,4,0,1,7,5,4,3,8,8,5,7,8,1,0,0,8,10,9,5,10,2,0,6,4,0,9,5,5,5,6,5,0,4,0,5,10,0,0,10,7
n345,1,9,10,2,8,0,8,1,4,5,8,6,10,7,1,0,9,4,0,6,10,3,8,8,4,3,2,2,3,9,4,7,1,7,5,4,3,8,8,5,7,8,1,0,8,8,0,9,5,10,2,0,6,4,0,9,5,5,5,6,5,0,4,0,5,10,0,0,10,7
n348,1,9,10,2,8,7,8,1,4,5,0,6,10,7,1,1,9,3,0,6,10,3,8,8,0,3,2,2,0,9,4,7,1,7,5,4,3,8,8,5,7,8,1,0,0,8,6,9,5,10,2,0,6,0,0,5,5,5,5,6,5,0,4,0,5,10,0,0,10,7
n347,1,9,10,2,8,7,8,1,4,5,0,6,10,7,1,1,9,3,0,6,10,3,8,8,0,3,2,2,0,9,4,0,1,7,5,4,3,8,8,5,7,8,1,0,0,8,6,9,5,10,2,0,6,0,0,0,5,5,5,6,5,0,4,0,5,10,0,0,10,7
n352,1,9,10,2,8,7,4,1,4,5,2,6,10,7,1,9,9,0,0,6,10,3,8,8,0,3,2,2,0,9,4,0,1,7,5,4,3,8,8,5,7,8,1,0,0,8,4,9,5,10,2,0,6,0,3,0,5,5,5,0,5,4,4,0,5,10,9,8,10,7
n351,1,9,10,2,8,7,4,1,4,5,0,6,10,7,1,9,9,0,0,6,10,3,8,8,0,3,2,2,0,9,4,6,1,7,5,4,3,8,8,5,7,8,1,0,1,8,0,9,5,10,2,0,6,0,3,4,5,5,5,0,5,4,4,5,5,10,7,8,10,7
n354,1,9,10,2,8,7,4,1,4,5,0,6,10,7,1,9,9,0,0,6,10,3,8,8,0,3,2,2,6,9,4,0,1,7,5,4,3,8,8,5,7,8,1,0,5,8,0,9,5,10,2,0,6,10,3,3,5,5,5,0,5,0,4,3,5,10,0,0,10,7
n353,1,9,10,2,8,7,4,1,4,5,0,6,10,7,1,9,9,0,8,6,10,3,8,8,0,3,2,2,6,9,4,0,1,7,5,4,3,8,8,5,7,8,1,0,0,8,0,9,5,10,2,0,6,10,3,0,5,5,5,0,5,2,4,3,5,10,0,0,10,7
n362,1,9,10,10,8,0,0,1,4,5,9,0,10,7,1,3,0,0,0,6,10,6,2,8,0,3,2,2,9,7,4,4,1,0,8,7,3,8,0,5,7,8,1,0,0,8,0,9,5,10,2,2,6,6,5,1,5,5,5,0,5,0,4,1,0,4,3,6,0,9
n361,1,9,10,0,8,0,0,1,4,5,9,0,10,7,1,0,0,7,0,6,10,6,2,8,0,3,2,2,9,7,4,4,1,0,8,0,3,8,0,5,7,8,1,0,0,8,0,9,5,10,2,2,6,6,5,8,5,5,5,0,5,6,4,0,0,4,3,6,0,0
n364,1,9,10,0,8,1,0,1,4,5,9,9,10,7,1,0,0,7,0,6,10,6,0,8,10,3,2,2,9,7,4,4,1,3,8,4,3,8,0,5,7,8,1,0,0,8,6,9,5,10,8,2,6,6,5,0,5,5,5,0,5,1,4,0,0,4,0,6,8,0
n363,1,9,10,0,8,0,0,1,4,5,9,0,10,7,1,0,0,7,0,6,10,6,0,8,10,3,2,2,9,7,4,4,1,3,8,0,3,8,0,5,7,8,1,3,0,8,6,9,5,10,8,2,6,6,5,0,5,5,5,0,5,0,4,0,0,4,0,6,8,0
n368,1,9,10,0,8,8,0,1,4,5,9,4,10,7,1,1,0,2,5,6,10,6,6,8,10,3,2,2,0,7,4,0,1,0,0,2,3,8,9,5,7,8,1,9,0,8,0,9,5,10,7,0,6,6,5,0,5,5,5,0,5,6,4,0,2,4,4,6,0,9
n367,1,9,10,0,8,8,4,1,4,5,9,4,10,7,1,1,0,0,5,6,10,6,0,8,10,3,2,2,0,7,4,0,1,0,0,2,3,8,0,5,7,8,1,9,0,8,3,9,5,10,0,0,6,6,5,8,5,5,5,0,5,6,4,0,2,4,0,6,0,0
n370,1,9,10,7,8,8,6,1,4,5,9,4,10,7,1,1,0,0,0,6,10,6,0,8,0,3,2,2,8,7,4,0,1,0,4,2,3,8,0,5,7,8,1,9,0,8,4,9,5,10,0,0,6,6,5,10,5,5,5,1,5,6,4,0,2,4,0,6,0,0
n369,1,9,10,4,8,8,0,1,4,5,9,4,10,7,1,1,0,0,5,6,10,6,0,8,7,3,2,2,0,7,4,0,1,9,4,2,3,8,0,5,7,8,1,9,0,8,4,9,5,10,4,0,6,6,5,0,5,5,5,3,5,6,4,0,2,4,0,6,0,0
n376,1,9,10,0,8,5,4,1,4,5,9,0,10,7,1,5,1,10,0,6,10,0,3,8,0,3,2,2,0,2,4,2,1,3,1,4,3,8,0,5,7,8,1,0,0,8,0,9,5,10,0,0,6,6,0,9,5,5,5,4,5,7,4,0,9,4,3,6,8,4
n375,1,9,10,0,8,5,4,1,4,5,9,0,10,7,1,5,1,0,0,6,10,10,3,8,8,3,2,2,0,2,4,0,1,3,1,4,3,8,0,5,7,8,1,0,0,8,0,9,5,10,6,0,6,6,0,9,5,5,5,4,5,7,4,0,9,4,3,6,0,4
n378,1,9,10,0,8,5,4,1,4,5,9,3,10,7,1,5,3,0,0,6,10,0,3,8,7,3,2,2,0,2,4,0,1,3,0,4,3,8,8,5,7,8,1,0,0,8,0,9,5,10,0,0,6,6,0,9,5,5,5,4,5,3,4,0,9,4,3,6,0,4
n377,1,9,10,0,8,5,4,1,4,5,9,3,10,7,1,5,0,0,0,6,10,0,3,8,7,3,2,2,0,2,4,0,1,3,0,4,3,8,0,5,7,8,1,0,9,8,0,9,5,10,0,7,6,6,0,9,5,5,5,4,5,3,4,6,9,4,3,6,0,4
n382,1,9,10,0,8,0,4,1,4,5,9,3,10,7,1,4,0,8,2,6,10,2,3,8,0,3,2,2,0,0,4,0,1,9,0,3,3,8,8,5,7,8,1,7,5,8,7,9,5,10,0,0,6,6,3,9,5,5,5,0,5,0,4,0,9,4,3,6,0,0
n381,1,9,10,0,8,0,4,1,4,5,9,3,10,7,1,4,0,8,2,6,10,0,3,8,0,3,2,2,0,0,4,0,1,0,5,0,3,8,8,5,7,8,1,0,5,8,7,9,5,10,0,4,6,6,0,9,5,5,5,3,5,0,4,1,9,4,3,6,0,9
n384,1,9,10,9,8,0,4,1,4,5,9,3,10,7,1,4,0,8,0,6,10,2,3,8,0,3,2,2,8,0,4,8,1,0,0,0,3,8,0,5,7,8,1,0,5,8,0,9,5,10,0,0,6,6,7,9,5,5,5,8,5,0,4,0,9,4,3,6,0,0
n383,1,9,10,9,8,0,4,1,4,5,9,3,10,7,1,4,0,8,0,6,10,2,3,8,0,3,2,2,8,0,4,8,1,0,0,0,3,8,0,5,7,8,1,0,5,8,0,9,5,10,7,0,6,6,0,9,5,5,5,8,5,0,4,0,9,4,3,6,0,0
n396,1,9,10,1,9,4,3,1,4,5,8,0,1,1,1,0,2,8,4,6,5,8,2,8,10,6,2,2,0,4,4,10,1,1,0,1,0,0,0,5,7,8,6,2,9,8,9,9,5,10,4,3,7,9,2,5,5,0,3,7,0,0,4,9,4,3,10,5,0,2
n395,1,9,10,1,9,4,3,1,4,5,8,0,1,1,1,0,2,8,4,6,5,8,2,8,10,6,2,2,0,4,4,10,1,1,0,1,1,0,0,5,7,8,6,2,1,8,9,9,5,10,4,3,7,0,2,5,5,0,0,7,0,0,4,9,4,3,10,5,3,2
n398,1,9,10,1,9,4,3,1,4,5,8,2,1,1,1,0,2,8,4,6,5,8,2,8,10,6,2,2,0,4,4,10,1,1,0,1,0,0,0,5,7,8,6,2,5,8,2,9,5,10,4,3,7,0,2,5,5,0,0,7,2,6,4,9,0,3,4,5,0,2
n397,1,9,10,1,9,4,3,1,4,5,8,2,1,1,1,0,2,8,4,6,5,8,2,8,10,6,2,2,0,4,4,10,1,1,0,1,0,0,0,5,7,8,6,2,0,8,2,9,5,10,4,3,7,0,2,5,5,1,9,7,7,6,4,9,0,3,4,5,0,2
n402,1,9,10,1,9,4,3,1,4,5,8,1,0,1,1,2,2,8,4,6,5,8,2,8,10,0,2,2,0,0,4,10,1,1,1,1,0,0,3,5,7,8,6,2,1,8,0,9,5,10,0,3,7,0,2,5,5,0,0,7,0,9,4,9,0,3,0,0,0,2
n401,1,9,10,1,9,4,3,1,4,5,8,1,0,1,1,2,2,8,4,6,5,8,2,8,10,1,2,2,0,0,4,10,1,1,1,1,0,0,0,5,7,8,6,2,1,8,0,9,5,10,0,3,7,0,2,5,5,0,0,7,0,9,4,9,0,3,0,0,0,2
n404,1,9,10,1,9,4,3,1,4,5,8,0,3,1,1,0,2,8,4,6,5,8,2,8,10,0,2,2,0,0,4,10,1,1,4,1,0,0,0,5,7,8,6,2,1,8,0,9,5,10,0,3,7,0,2,5,5,0,0,7,9,0,4,9,0,3,4,0,0,2
n403,1,9,10,1,9,4,3,1,4,5,8,0,1,1,1,0,2,8,4,6,5,8,2,8,10,0,2,2,6,0,4,10,1,1,4,1,0,0,0,5,7,8,6,2,1,8,0,9,5,10,0,3,7,0,2,5,5,0,0,7,9,5,4,9,0,3,4,0,4,2
n410,1,9,10,1,3,4,3,1,4,5,8,4,4,1,1,0,2,8,4,6,5,8,2,8,10,7,2,2,10,10,4,10,1,4,6,1,10,9,0,5,7,8,6,1,2,8,8,9,5,10,0,3,7,5,2,5,5,0,0,7,0,5,4,9,8,3,0,4,2,2
n409,1,9,10,1,3,4,3,1,4,5,8,4,0,1,1,0,2,8,4,6,5,8,2,8,10,0,2,2,10,10,4,10,1,4,6,1,10,7,0,5,7,8,6,1,2,8,8,9,5,10,0,3,7,5,2,5,5,0,0,7,4,5,4,9,4,3,10,4,2,2
n412,1,9,10,1,3,4,3,1,4,5,8,4,5,1,1,7,2,8,4,6,5,8,2,8,10,0,2,2,10,10,4,10,1,4,6,1,10,8,10,5,7,8,6,1,10,8,8,9,5,10,9,3,7,5,2,5,5,0,0,7,0,5,4,9,10,3,0,4,2,2
n411,1,9,10,1,3,4,3,1,4,5,8,4,5,1,1,0,2,8,4,6,5,8,2,8,10,0,2,2,10,10,4,10,1,4,6,1,10,0,7,5,7,8,6,1,0,8,8,9,5,10,9,3,7,5,2,5,5,0,0,7,0,5,4,9,10,3,0,4,2,2
n416,1,9,10,1,3,4,3,1,4,5,8,0,10,1,1,10,2,8,4,6,5,8,2,8,10,2,2,2,10,10,4,10,1,4,0,1,3,7,5,5,7,8,6,1,0,8,8,9,5,10,4,3,7,9,2,5,5,2,10,7,0,8,4,9,4,3,0,0,2,2
n415,1,9,10,1,3,4,3,1,4,5,8,0,10,1,1,10,2,8,4,6,5,8,2,8,10,2,2,2,10,10,4,10,1,4,5,1,3,7,5,5,7,8,6,1,0,8,8,9,5,10,4,3,7,0,2,5,5,2,10,7,0,8,4,9,4,3,0,0,2,2
n418,1,9,10,1,3,4,3,1,4,5,8,0,6,1,1,2,2,8,4,6,5,8,2,8,10,2,2,2,10,10,4,10,1,4,8,1,0,0,0,5,7,8,6,1,1,8,8,9,5,10,10,3,7,0,2,5,5,0,10,7,8,8,4,9,4,3,8,7,2,2
n417,1,9,10,1,3,4,3,1,4,5,8,0,0,1,1,10,2,8,4,6,5,8,2,8,10,2,2,2,10,10,4,10,1,4,0,1,0,9,0,5,7,8,6,1,1,8,8,9,5,10,0,3,7,0,2,5,5,0,10,7,0,8,4,9,4,3,8,7,2,2
n426,1,9,10,1,0,0,3,1,4,5,8,0,7,9,1,5,2,8,4,6,5,8,2,8,10,3,2,2,0,3,4,10,1,9,2,1,1,0,3,5,7,8,6,0,3,8,10,9,5,10,4,0,0,0,2,5,5,0,0,7,10,0,4,9,7,0,5,1,8,2
n425,1,9,10,1,0,0,3,1,4,5,8,0,7,9,1,5,2,8,4,6,5,8,2,8,10,3,2,2,0,3,4,10,1,9,0,1,1,0,3,5,7,8,6,0,3,8,10,9,5,10,4,0,0,0,2,5,5,2,0,7,10,1,4,9,7,0,5,1,2,2
n428,1,9,10,1,0,6,3,1,4,5,8,0,7,9,1,5,2,8,4,6,5,8,2,8,10,3,2,2,0,3,4,10,1,9,2,1,0,0,3,5,7,8,6,0,3,8,0,9,5,10,4,0,0,0,2,5,5,0,0,7,10,3,4,9,7,0,5,1,0,2
n427,1,9,10,1,0,6,3,1,4,5,8,0,7,9,1,5,2,8,4,6,5,8,2,8,10,3,2,2,9,0,4,10,1,9,0,1,0,0,3,5,7,8,6,0,3,8,0,9,5,10,4,7,0,9,2,5,5,0,0,7,10,0,4,9,7,0,5,1,0,2
n432,1,9,10,1,0,0,3,1,4,5,8,8,5,9,1,5,2,8,4,6,5,8,2,8,10,3,2,2,0,8,4,10,1,9,0,1,0,7,3,5,7,8,6,1,3,8,10,9,5,10,0,0,0,8,2,5,5,10,0,7,10,0,4,9,7,0,5,1,0,2
n431,1,9,10,1,0,0,3,1,4,5,8,8,0,9,1,5,2,8,4,6,5,8,2,8,10,3,2,2,0,8,4,10,1,9,0,1,0,7,3,5,7,8,6,1,3,8,0,9,5,10,0,0,0,8,2,5,5,0,0,7,10,0,4,9,7,4,5,1,0,2
n434,1,9,10,1,0,0,3,1,4,5,8,3,0,9,1,5,2,8,4,6,5,8,2,8,10,3,2,2,8,8,4,10,1,9,0,1,4,7,3,5,7,8,6,5,3,8,0,9,5,10,0,0,0,8,2,5,5,10,0,7,10,0,4,9,7,0,5,1,0,2
n433,1,9,10,1,0,0,3,1,4,5,8,3,0,9,1,5,2,8,4,6,5,8,2,8,10,3,2,2,0,8,4,10,1,9,0,1,0,7,3,5,7,8,6,0,3,8,0,9,5,10,1,0,0,8,2,5,5,10,3,7,10,0,4,9,7,5,5,1,0,2
n440,1,9,10,1,0,0,3,1,4,5,8,0,4,0,1,5,2,8,4,6,5,8,2,8,10,3,2,2,6,10,4,10,1,9,9,1,6,2,1,5,7,8,6,5,3,8,0,9,5,10,0,0,0,1,2,5,5,0,10,7,10,8,4,9,7,9,0,0,2,2
n439,1,9,10,1,9,0,3,1,4,5,8,7,4,0,1,5,2,8,4,6,5,8,2,8,10,3,2,2,6,10,4,10,1,9,0,1,6,2,1,5,7,8,6,5,3,8,0,9,5,10,0,0,0,1,2,5,5,0,10,7,10,8,4,9,7,9,7,0,2,2
n442,1,9,10,1,0,2,3,1,4,5,8,0,4,0,1,5,2,8,4,6,5,8,2,8,10,3,2,2,6,10,4,10,1,9,0,1,9,10,1,5,7,8,6,5,3,8,0,9,5,10,0,0,0,0,2,5,5,0,10,7,10,8,4,9,7,9,0,0,2,2
n441,1,9,10,1,0,10,3,1,4,5,8,0,4,0,1,5,2,8,4,6,5,8,2,8,10,3,2,2,6,10,4,10,1,9,0,1,9,0,1,5,7,8,6,5,3,8,0,9,5,10,0,0,0,9,2,5,5,0,10,7,10,8,4,9,7,9,0,8,2,2
n446,1,9,10,1,0,0,3,1,4,5,8,7,4,0,1,5,2,8,4,6,5,8,2,8,10,3,2,2,6,0,4,10,1,9,4,1,0,4,1,5,7,8,6,5,3,8,1,9,5,10,0,8,4,6,2,5,5,0,10,7,10,4,4,9,7,0,0,4,0,2
n445,1,9,10,1,0,9,3,1,4,5,8,7,4,6,1,5,2,8,4,6,5,8,2,8,10,3,2,2,6,0,4,10,1,9,4,1,0,0,1,5,7,8,6,5,3,8,1,9,5,10,0,8,4,8,2,5,5,0,10,7,10,4,4,9,7,0,0,4,0,2
n448,1,9,10,1,0,0,3,1,4,5,8,7,4,0,1,5,2,8,4,6,5,8,2,8,10,3,2,2,6,0,4,10,1,9,0,1,0,6,1,5,7,8,6,5,3,8,1,9,5,10,0,8,4,0,2,5,5,5,10,7,10,4,4,9,7,0,0,0,1,2
n447,1,9,10,1,0,2,3,1,4,5,8,7,4,0,1,5,2,8,4,6,5,8,2,8,10,3,2,2,6,9,4,10,1,9,0,1,0,6,1,5,7,8,6,5,3,8,1,9,5,10,7,8,4,0,2,5,5,5,10,7,10,4,4,9,7,0,0,0,0,2
n458,1,9,10,1,1,0,3,1,4,5,8,0,0,0,1,2,0,8,4,6,5,8,2,8,0,3,2,2,10,6,4,10,1,10,6,1,4,9,5,5,7,8,6,6,0,8,6,9,5,10,8,0,7,4,2,5,5,0,0,2,0,7,4,0,5,0,3,5,10,5
n457,1,9,10,1,1,8,3,1,4,5,8,5,0,0,1,2,0,8,4,6,5,8,2,8,0,3,2,2,10,6,4,10,1,10,6,1,4,9,5,5,7,8,6,6,8,8,6,9,5,10,8,0,7,4,2,5,5,7,0,2,0,7,4,0,5,0,3,5,10,5
n460,1,9,10,1,1,0,3,1,4,5,8,9,0,0,1,2,0,8,4,6,5,8,2,8,0,3,2,2,10,6,4,10,1,10,6,1,4,9,5,5,7,8,6,6,5,8,6,9,5,10,8,0,7,4,2,5,5,3,0,2,0,7,4,0,5,0,2,5,10,5
n459,1,9,10,1,1,0,3,1,4,5,8,3,0,10,1,2,0,8,4,6,5,8,2,8,0,3,2,2,10,6,4,10,1,10,6,1,4,9,5,5,7,8,6,6,5,8,6,9,5,10,8,0,7,4,2,5,5,0,0,2,0,7,4,0,5,0,0,5,10,5
n464,1,9,10,1,0,2,3,1,4,5,8,0,4,7,1,2,0,8,4,6,5,8,2,8,0,3,2,2,10,6,4,10,1,0,6,1,4,9,5,5,7,8,6,10,0,8,6,9,5,10,8,0,7,0,2,5,5,0,0,2,7,7,4,0,5,0,0,5,3,5
n463,1,9,10,1,9,2,3,1,4,5,8,0,4,0,1,2,0,8,4,6,5,8,2,8,0,3,2,2,10,6,4,10,1,0,6,1,4,9,5,5,7,8,6,10,7,8,6,9,5,10,8,0,7,0,2,5,5,0,0,2,7,7,4,0,5,0,0,5,3,5
n466,1,9,10,1,0,2,3,1,4,5,8,0,4,6,1,2,0,8,4,6,5,8,2,8,0,3,2,2,10,6,4,10,1,5,6,1,4,9,5,5,7,8,6,7,0,8,6,9,5,10,8,0,7,5,2,5,5,0,2,2,7,7,4,0,5,0,0,5,3,5
n465,1,9,10,1,0,2,3,1,4,5,8,0,4,0,1,2,0,8,4,6,5,8,2,8,10,3,2,2,10,6,4,10,1,0,6,1,4,9,5,5,7,8,6,7,0,8,6,9,5,10,8,0,7,0,2,5,5,0,0,2,7,7,4,0,5,0,0,5,3,5
n472,1,9,10,1,4,0,3,1,4,5,8,0,1,2,1,2,6,8,4,6,5,8,2,8,0,3,2,2,0,6,4,10,1,5,6,1,4,8,5,5,7,8,6,0,0,8,4,9,5,10,8,0,7,0,0,5,5,4,1,2,6,7,4,0,10,8,0,1,1,5
n471,1,9,10,1,8,0,3,1,4,5,8,0,1,2,1,2,6,8,4,6,5,8,2,8,0,3,2,2,0,6,4,10,1,5,6,1,4,0,5,5,7,8,6,0,0,8,4,9,5,10,8,0,7,0,0,5,5,4,1,2,6,7,4,0,10,0,7,1,1,5
n474,1,9,10,1,0,0,3,1,4,5,8,7,1,2,1,2,6,8,4,6,5,8,2,8,0,3,2,2,0,6,4,10,1,5,6,1,4,8,5,5,7,8,6,0,0,8,4,9,5,10,8,7,7,8,0,5,5,3,1,2,6,7,4,0,10,0,5,1,1,5
n473,1,9,10,1,0,0,3,1,4,5,8,7,1,2,1,2,6,8,4,6,5,8,2,8,0,3,2,2,8,6,4,10,1,0,6,1,4,0,5,5,7,8,6,0,0,8,4,9,5,10,8,9,7,8,0,5,5,0,1,2,0,7,4,0,10,0,0,1,1,5
n478,1,9,10,1,0,4,3,1,4,5,8,0,1,2,1,2,0,8,4,6,5,8,2,8,10,3,2,2,0,6,4,10,1,0,6,1,4,2,7,5,7,8,6,3,0,8,4,9,5,10,8,0,7,3,0,5,5,0,4,2,0,7,4,0,10,6,6,0,0,5
n477,1,9,10,1,9,4,3,1,4,5,8,0,1,2,1,2,0,8,4,6,5,8,2,8,10,3,2,2,0,6,4,10,1,0,6,1,4,2,7,5,7,8,6,3,0,8,4,9,5,10,8,0,7,3,0,5,5,0,4,2,6,7,4,0,10,6,6,0,1,5
n480,1,9,10,1,0,0,3,1,4,5,8,0,1,2,1,2,0,8,4,6,5,8,2,8,0,3,2,2,7,6,4,10,1,10,6,1,4,10,7,5,7,8,6,3,0,8,4,9,5,10,8,0,7,3,8,5,5,4,0,2,0,7,4,0,10,6,6,8,0,5
n479,1,9,10,1,0,0,3,1,4,5,8,0,1,2,1,2,0,8,4,6,5,8,2,8,0,3,2,2,7,6,4,10,1,10,6,1,4,10,7,5,7,8,6,3,0,8,4,9,5,10,8,0,7,3,0,5,5,4,0,2,5,7,4,0,10,6,6,0,0,5
n488,1,9,10,1,0,6,3,1,4,5,8,0,8,0,1,2,6,8,4,6,5,8,2,8,5,0,2,2,3,6,4,10,1,6,6,1,4,0,0,5,7,8,6,3,0,8,0,9,5,10,8,9,0,4,8,5,5,0,0,2,3,7,4,10,0,2,5,0,5,5
n487,1,9,10,1,0,6,3,1,4,5,8,0,8,0,1,2,6,8,4,6,5,8,2,8,5,0,2,2,3,6,4,10,1,6,6,1,4,0,10,5,7,8,6,7,9,8,0,9,5,10,8,9,0,4,8,5,5,4,0,2,3,7,4,10,0,2,0,0,3,5
n490,1,9,10,1,0,6,3,1,4,5,8,0,0,6,1,2,8,8,4,6,5,8,2,8,5,0,2,2,3,6,4,10,1,6,6,1,4,0,6,5,7,8,6,0,0,8,0,9,5,10,8,9,0,4,8,5,5,8,4,2,3,7,4,10,2,2,0,2,6,5
n489,1,9,10,1,6,6,3,1,4,5,8,0,0,6,1,2,8,8,4,6,5,8,2,8,5,0,2,2,3,6,4,10,1,6,6,1,4,0,0,5,7,8,6,0,0,8,0,9,5,10,8,9,0,4,8,5,5,8,4,2,3,7,4,10,2,2,0,2,6,5
n494,1,9,10,1,0,1,3,1,4,5,8,4,0,0,1,2,0,8,4,6,5,8,2,8,5,0,2,2,0,6,4,10,1,6,6,1,4,10,10,5,7,8,6,3,0,8,0,9,5,10,8,9,0,4,8,5,5,3,0,2,3,7,4,10,3,7,0,10,0,5
n493,1,9,10,1,0,0,3,1,4,5,8,4,0,0,1,2,0,8,4,6,5,8,2,8,5,0,2,2,0,6,4,10,1,6,6,1,4,10,10,5,7,8,6,3,0,8,0,9,5,10,8,9,0,4,8,5,5,3,0,2,3,7,4,10,3,7,0,10,0,5
n496,1,9,10,1,0,0,3,1,4,5,8,0,9,6,1,2,10,8,4,6,5,8,2,8,5,0,2,2,7,6,4,10,1,6,6,1,4,2,10,5,7,8,6,3,0,8,10,9,5,10,8,9,0,4,8,5,5,3,7,2,3,7,4,10,0,0,5,10,0,5
n495,1,9,10,1,0,0,3,1,4,5,8,0,0,6,1,2,0,8,4,6,5,8,2,8,5,0,2,2,0,6,4,10,1,6,6,1,4,0,10,5,7,8,6,3,0,8,0,9,5,10,8,9,0,4,8,5,5,3,7,2,3,7,4,10,0,0,0,10,0,5
n502,1,9,10,1,4,0,3,1,4,5,8,0,0,9,1,2,8,8,4,6,5,8,2,8,2,0,2,2,1,6,4,10,1,0,6,1,4,5,1,5,7,8,6,0,0,8,0,9,5,10,8,9,4,0,8,5,5,0,2,2,3,7,4,10,0,0,0,4,0,5
n501,1,9,10,1,4,0,3,1,4,5,8,0,0,9,1,2,8,8,4,6,5,8,2,8,2,0,2,2,1,6,4,10,1,4,6,1,4,5,0,5,7,8,6,0,0,8,6,9,5,10,8,9,4,0,8,5,5,0,2,2,3,7,4,10,0,0,0,4,0,5
n504,1,9,10,1,4,0,3,1,4,5,8,0,0,0,1,2,8,8,4,6,5,8,2,8,0,0,2,2,1,6,4,10,1,5,6,1,4,5,6,5,7,8,6,0,0,8,4,9,5,10,8,9,4,0,8,5,5,0,2,2,3,7,4,10,0,0,0,4,0,5
n503,1,9,10,1,4,0,3,1,4,5,8,2,0,0,1,2,8,8,4,6,5,8,2,8,0,0,2,2,1,6,4,10,1,0,6,1,4,5,6,5,7,8,6,0,0,8,4,9,5,10,8,9,4,0,8,5,5,0,2,2,3,7,4,10,4,0,2,4,0,5
n508,1,9,10,1,0,1,3,1,4,5,8,0,0,0,1,2,0,8,4,6,5,8,2,8,2,9,2,2,5,6,4,10,1,9,6,1,4,5,0,5,7,8,6,7,0,8,8,9,5,10,8,9,2,0,8,5,5,7,0,2,3,7,4,10,8,3,9,0,1,5
n507,1,9,10,1,0,1,3,1,4,5,8,0,0,0,1,2,0,8,4,6,5,8,2,8,2,3,2,2,5,6,4,10,1,0,6,1,4,5,0,5,7,8,6,0,0,8,8,9,5,10,8,9,2,1,8,5,5,0,5,2,3,7,4,10,8,3,0,0,1,5
n510,1,9,10,1,0,2,3,1,4,5,8,0,10,0,1,2,0,8,4,6,5,8,2,8,1,8,2,2,0,6,4,10,1,7,6,1,4,5,0,5,7,8,6,0,8,8,7,9,5,10,8,9,1,0,8,5,5,0,0,2,3,7,4,10,8,3,0,0,1,5
n509,1,9,10,1,0,2,3,1,4,5,8,0,0,0,1,2,0,8,4,6,5,8,2,8,1,0,2,2,0,6,4,10,1,7,6,1,4,5,0,5,7,8,6,0,8,8,0,9,5,10,8,9,1,1,8,5,5,0,0,2,3,7,4,10,8,3,9,0,1,5
