cell,r1,r2,r3,r4,r5,r6,r7,r8,r9,r10,r11,r12,r13,r14,r15,r16,r17,r18,r19,r20,r21,r22,r23,r24,r25,r26,r27,r28,r29,r30,r31,r32,r33,r34,r35,r36,r37,r38,r39,r40,r41,r42,r43,r44,r45,r46,r47,r48,r49,r50
n16,3,0,5,8,0,7,5,0,7,0,2,6,8,0,10,9,9,5,5,8,4,6,2,9,4,8,7,4,3,10,7,8,10,6,4,2,4,5,0,5,1,8,9,0,2,0,4,4,5,1
n15,3,0,5,8,0,7,5,0,7,0,0,6,8,0,10,9,9,5,5,8,4,6,2,9,4,8,7,4,3,10,7,8,10,6,4,2,4,5,0,5,1,8,9,0,0,0,4,4,5,1
n18,3,0,5,8,0,7,5,0,7,0,9,6,8,0,10,9,9,5,5,8,4,6,2,9,4,8,7,4,3,8,7,8,10,6,4,2,4,5,0,5,1,8,9,0,9,10,0,4,5,1
n17,3,0,5,8,0,7,5,0,7,0,9,6,8,0,10,9,9,5,5,8,4,6,2,9,4,8,7,4,3,8,7,8,10,6,4,2,4,5,0,5,1,8,9,0,9,0,0,4,5,1
n22,9,0,5,8,0,7,5,0,7,3,0,8,8,1,10,9,0,5,5,8,4,6,2,0,4,8,0,4,3,0,4,8,10,6,4,2,4,5,5,5,1,8,9,0,10,0,0,4,5,1
n21,9,0,5,8,0,7,5,0,7,3,0,8,8,1,10,9,0,5,5,8,4,6,2,0,4,8,0,4,3,0,0,8,10,6,4,2,4,5,5,5,1,8,9,0,10,3,0,4,5,1
n24,0,0,5,8,0,7,5,4,7,3,0,8,8,1,10,9,0,5,5,8,4,6,2,0,4,8,0,4,3,0,0,8,10,6,4,2,4,5,5,5,1,8,9,5,0,10,0,4,5,1
n23,0,0,5,8,0,7,5,4,7,3,0,8,8,1,10,9,5,5,5,8,4,6,2,0,4,8,0,4,3,0,0,8,10,6,4,2,4,5,5,5,1,8,9,0,0,10,0,4,5,1
n30,0,0,3,8,0,7,5,0,7,3,0,0,2,1,10,9,0,5,5,8,4,6,2,0,4,8,0,4,3,3,0,8,10,6,4,2,8,5,8,5,1,8,9,9,1,3,0,4,5,1
n29,0,0,0,8,0,7,5,2,7,3,0,0,2,1,10,9,0,5,5,8,4,6,2,0,4,8,0,4,3,3,0,8,10,6,4,2,8,5,8,5,1,8,9,9,1,3,0,4,5,1
n32,0,6,0,8,4,7,5,4,7,3,0,0,0,0,10,9,0,5,5,8,4,6,2,10,4,8,0,4,3,3,0,8,10,6,4,2,8,5,8,5,1,8,9,9,1,3,0,4,5,1
n31,0,6,0,8,4,7,5,4,7,3,0,0,0,0,10,9,0,5,5,8,4,6,2,0,4,8,0,4,3,3,0,8,10,6,4,2,8,5,8,5,1,8,9,9,1,3,0,4,5,1
n36,1,0,2,8,0,7,5,1,7,0,0,0,9,7,10,9,0,5,5,8,4,6,2,3,4,8,6,4,3,0,3,8,10,6,4,2,0,5,8,5,1,8,9,9,1,0,7,4,5,1
n35,1,10,0,8,0,7,5,1,7,0,0,0,9,7,10,9,0,5,5,8,4,6,2,3,4,8,6,4,3,0,3,8,10,6,4,2,0,5,8,5,1,8,9,9,1,0,0,4,5,1
n38,1,0,5,8,0,7,5,1,7,4,0,0,9,7,10,9,0,5,5,8,4,6,2,0,4,8,6,4,3,3,7,8,10,6,4,2,5,5,8,5,1,8,9,9,1,1,7,4,5,1
n37,1,1,5,8,8,7,5,1,7,4,7,0,9,7,10,9,0,5,5,8,4,6,2,0,4,8,6,4,3,0,0,8,10,6,4,2,0,5,8,5,1,8,9,9,1,0,7,4,5,1
n46,6,7,7,8,9,7,5,5,7,3,10,0,0,3,10,9,5,5,5,8,4,6,2,0,4,8,9,4,3,8,6,8,10,6,4,2,6,5,0,5,1,8,9,0,0,0,7,4,5,1
n45,6,7,7,8,9,7,5,5,7,3,10,0,0,3,10,9,5,5,5,8,4,6,2,0,4,8,9,4,3,8,0,8,10,6,4,2,6,5,0,5,1,8,9,7,2,0,7,4,5,1
n48,6,7,7,8,9,7,5,5,7,3,10,4,6,3,10,9,5,5,5,8,4,6,2,0,4,8,9,4,3,8,5,8,10,6,4,2,6,5,0,5,1,8,9,5,0,0,7,4,5,1
n47,6,7,7,8,9,7,5,5,7,3,10,0,6,3,10,9,5,5,5,8,4,6,2,6,4,8,9,4,3,8,5,8,10,6,4,2,6,5,0,5,1,8,9,5,0,0,7,4,5,1
n52,0,7,0,8,9,7,5,5,7,3,10,5,0,3,10,9,5,5,5,8,4,6,2,10,4,8,9,4,3,0,4,8,10,6,4,2,6,5,4,5,1,8,9,0,9,6,0,4,5,1
n51,0,7,0,8,9,7,5,5,7,3,10,5,0,3,10,9,5,5,5,8,4,6,2,10,4,8,9,4,3,10,4,8,10,6,4,2,6,5,0,5,1,8,9,0,9,7,0,4,5,1
n54,2,7,0,8,9,7,5,5,7,3,10,0,0,3,10,9,5,5,5,8,4,6,2,2,4,8,9,4,3,0,4,8,10,6,4,2,6,5,0,5,1,8,9,10,9,0,0,4,5,1
n53,0,7,0,8,9,7,5,5,7,3,10,0,0,3,10,9,5,5,5,8,4,6,2,2,4,8,9,4,3,0,4,8,10,6,4,2,6,5,0,5,1,8,9,0,9,6,0,4,5,1
n60,0,0,0,8,9,7,5,0,7,3,5,7,0,7,10,9,5,5,5,8,4,6,2,0,4,8,2,4,3,2,6,8,10,6,4,2,10,5,0,5,1,8,9,2,0,0,0,4,5,1
n59,0,0,5,8,9,7,5,8,7,3,5,7,0,7,10,9,5,5,5,8,4,6,2,0,4,8,2,4,3,2,6,8,10,6,4,2,10,5,0,5,1,8,9,2,0,0,0,4,5,1
n62,0,0,0,8,9,7,5,8,7,3,5,0,8,7,10,9,5,5,5,8,4,6,2,0,4,8,2,4,3,2,6,8,10,6,4,2,10,5,0,5,1,8,9,2,0,0,10,4,5,1
n61,0,0,0,8,9,7,5,8,7,3,0,0,0,7,10,9,5,5,5,8,4,6,2,0,4,8,2,4,3,2,6,8,10,6,4,2,10,5,0,5,1,8,9,2,0,7,10,4,5,1
n66,6,0,0,8,9,7,5,0,7,3,1,0,10,7,10,9,5,5,5,8,4,6,2,0,4,8,0,4,3,2,6,8,10,6,4,2,10,5,10,5,1,8,9,2,8,10,0,4,5,1
n65,6,0,0,8,9,7,5,0,7,3,1,0,10,7,10,9,5,5,5,8,4,6,2,0,4,8,0,4,3,2,6,8,10,6,4,2,10,5,0,5,1,8,9,2,8,10,0,4,5,1
n68,6,0,0,8,9,7,5,0,7,3,0,5,10,7,10,9,5,5,5,8,4,6,2,5,4,8,0,4,3,2,6,8,10,6,4,2,10,5,1,5,1,8,9,2,8,0,0,4,5,1
n67,6,0,3,8,9,7,5,0,7,3,0,5,10,7,10,9,5,5,5,8,4,6,2,0,4,8,0,4,3,2,6,8,10,6,4,2,10,5,0,5,1,8,9,2,8,0,3,4,5,1
n78,6,1,7,0,5,7,5,6,7,4,9,8,0,5,10,9,5,5,5,8,4,0,0,6,4,8,0,4,3,1,10,9,10,6,4,9,5,5,5,5,1,8,9,4,0,5,10,4,5,1
n77,6,0,7,0,5,7,5,6,7,0,9,8,0,5,10,9,5,5,5,8,4,0,0,6,4,8,0,4,3,1,10,9,10,6,4,9,5,5,0,5,1,8,9,4,0,5,10,4,5,1
n80,6,0,7,0,5,7,5,6,7,7,9,8,3,0,10,9,5,5,5,8,4,0,0,6,4,8,0,4,3,1,0,9,10,6,4,0,5,5,5,5,1,8,9,4,0,5,10,4,5,1
n79,6,0,7,0,5,7,5,6,7,0,9,8,3,0,10,9,5,5,5,8,4,0,4,6,4,8,0,4,3,1,0,9,10,6,4,0,5,5,5,5,1,8,9,4,0,5,10,4,5,1
n84,6,0,7,9,5,7,5,6,7,0,9,8,0,5,10,9,0,5,5,8,4,1,6,6,4,8,0,4,3,6,0,9,10,6,4,0,5,0,3,5,1,8,9,4,2,5,10,4,5,1
n83,6,0,7,0,5,7,5,6,7,0,9,8,0,5,10,9,0,5,5,8,4,1,6,6,4,8,10,4,3,6,0,9,10,6,4,0,5,0,0,5,1,8,9,4,2,5,10,4,5,1
n86,6,0,7,0,5,7,5,6,7,0,9,8,0,3,10,9,1,5,5,8,4,0,2,6,4,8,0,4,3,6,4,9,10,6,4,2,5,5,10,5,1,8,9,4,7,5,10,4,5,1
n85,6,9,7,0,5,7,5,6,7,5,9,8,7,0,10,9,9,5,5,8,4,0,0,6,4,8,0,4,3,6,0,9,10,6,4,2,5,5,10,5,1,8,9,4,10,5,10,4,5,1
n92,6,1,7,0,5,7,5,6,7,6,3,8,0,5,10,9,0,5,5,8,4,0,5,6,4,8,3,4,3,10,0,9,10,6,4,9,7,7,2,5,1,8,9,4,0,10,10,4,5,1
n91,6,1,7,0,5,7,5,6,7,6,0,8,0,0,10,9,5,5,5,8,4,0,5,6,4,8,3,4,3,10,0,9,10,6,4,0,7,7,2,5,1,8,9,4,0,10,10,4,5,1
n94,6,1,7,0,5,7,5,6,7,6,3,8,10,8,10,9,0,5,5,8,4,0,5,6,4,8,8,4,3,10,0,9,10,6,4,0,0,7,2,5,1,8,9,4,0,10,10,4,5,1
n93,6,1,7,0,5,7,5,6,7,6,0,8,8,0,10,9,0,5,5,8,4,0,5,6,4,8,8,4,3,10,0,9,10,6,4,0,0,7,2,5,1,8,9,4,0,10,10,4,5,1
n98,6,0,7,7,5,7,5,6,7,6,3,8,2,0,10,9,6,5,5,8,4,1,5,6,4,8,10,4,3,10,0,9,10,6,4,3,0,7,2,5,1,8,9,4,0,10,10,4,5,1
n97,6,0,7,7,5,7,5,6,7,6,3,8,2,0,10,9,6,5,5,8,4,1,5,6,4,8,0,4,3,10,7,9,10,6,4,3,0,7,2,5,1,8,9,4,0,10,10,4,5,1
n100,6,6,7,7,5,7,5,6,7,6,3,8,2,6,10,9,0,5,5,8,4,0,5,6,4,8,0,4,3,10,0,9,10,6,4,0,9,7,2,5,1,8,9,4,7,10,10,4,5,1
n99,6,6,7,7,5,7,5,6,7,6,3,8,2,0,10,9,0,5,5,8,4,4,5,6,4,8,0,4,3,10,3,9,10,6,4,6,9,7,2,5,1,8,9,4,0,10,10,4,5,1
n108,6,4,6,7,5,7,5,5,7,0,7,1,1,0,10,9,0,5,5,8,4,4,1,6,4,8,0,4,3,1,0,4,10,6,4,5,0,0,6,5,1,8,9,4,0,0,0,4,5,1
n107,6,4,6,7,5,7,5,5,7,10,7,1,0,0,10,9,9,5,5,8,4,4,1,6,4,8,10,4,3,1,0,4,10,6,4,0,0,0,6,5,1,8,9,4,0,10,0,4,5,1
n110,6,4,6,7,5,7,5,5,7,0,0,1,4,0,10,9,0,5,5,8,4,4,1,6,4,8,0,4,3,1,0,4,10,6,4,0,0,0,6,5,1,8,9,4,2,8,0,4,5,1
n109,6,4,6,7,5,7,5,5,7,0,4,1,4,0,10,9,0,5,5,8,4,4,1,6,4,8,0,4,3,1,0,4,10,6,4,7,4,0,6,5,1,8,9,4,0,8,4,4,5,1
n114,6,4,6,7,5,7,5,5,7,3,3,1,7,5,10,9,0,5,5,8,4,4,1,6,4,8,0,4,3,1,0,4,10,6,4,0,5,0,6,5,1,8,9,4,5,0,8,4,5,1
n113,6,4,6,7,5,7,5,5,7,3,3,1,7,2,10,9,0,5,5,8,4,4,1,6,4,8,0,4,3,1,9,4,10,6,4,1,5,0,6,5,1,8,9,4,0,0,8,4,5,1
n116,6,4,6,7,5,7,5,5,7,3,3,1,7,3,10,9,0,5,5,8,4,4,1,6,4,8,0,4,3,1,3,4,10,6,4,0,6,0,6,5,1,8,9,4,0,9,10,4,5,1
n115,6,4,6,7,5,7,5,5,7,3,3,1,7,0,10,9,0,5,5,8,4,4,1,6,4,8,0,4,3,1,3,4,10,6,4,0,6,0,6,5,1,8,9,4,0,0,10,4,5,1
n122,6,4,6,7,5,7,5,5,7,9,9,1,0,0,10,9,10,5,5,8,4,5,2,6,4,8,8,4,3,1,0,4,10,6,4,6,9,0,6,5,1,8,9,4,0,0,7,4,5,1
n121,6,4,6,7,5,7,5,5,7,9,9,1,0,9,10,9,10,5,5,8,4,5,2,6,4,8,8,4,3,1,0,4,10,6,4,6,9,5,6,5,1,8,9,4,0,0,0,4,5,1
n124,6,4,6,7,5,7,5,5,7,0,9,1,6,0,10,9,10,5,5,8,4,5,2,6,4,8,0,4,3,1,0,4,10,6,4,6,9,2,6,5,1,8,9,4,0,0,0,4,5,1
n123,6,4,6,7,5,7,5,5,7,0,9,1,6,0,10,9,10,5,5,8,4,5,2,6,4,8,0,4,3,1,0,4,10,6,4,6,9,2,6,5,1,8,9,4,0,7,0,4,5,1
n128,6,4,6,7,5,7,5,0,7,3,3,1,0,0,10,9,10,5,5,8,4,5,2,6,4,8,0,4,3,1,0,4,10,6,4,9,9,0,6,5,1,8,9,4,0,0,5,4,5,1
n127,6,4,6,7,5,7,5,0,7,0,3,1,0,0,10,9,10,5,5,8,4,5,2,6,4,8,0,4,3,1,0,4,10,6,4,9,9,0,6,5,1,8,9,4,0,0,5,4,5,1
n130,6,4,6,7,5,7,5,0,7,0,3,1,0,1,10,9,10,5,5,8,4,5,2,6,4,8,10,4,3,1,10,4,10,6,4,9,9,8,6,5,1,8,9,4,0,5,5,4,5,1
n129,6,4,6,7,5,7,5,0,7,0,3,1,0,1,10,9,10,5,5,8,4,5,2,6,4,8,0,4,3,1,0,4,10,6,4,9,9,0,6,5,1,8,9,4,5,2,5,4,5,1
n142,4,2,0,1,4,7,5,9,7,10,4,4,6,1,0,9,0,5,5,10,4,1,0,6,4,8,0,4,3,3,7,0,2,3,5,1,0,8,5,5,1,0,9,9,3,10,10,4,5,1
n141,4,2,0,1,4,7,5,9,7,10,4,4,6,1,2,9,0,5,5,10,4,1,0,6,4,8,0,4,3,3,7,10,2,3,5,1,0,8,5,5,1,9,9,9,3,10,10,4,5,1
n144,4,2,2,1,4,7,5,9,7,10,4,4,6,1,1,9,1,5,5,10,4,1,0,0,4,8,0,4,3,3,7,7,2,3,5,1,1,8,2,5,1,2,9,9,3,10,10,4,5,1
n143,4,2,2,1,4,7,5,9,7,10,4,4,6,1,0,9,2,5,5,10,4,1,0,9,4,8,0,4,3,3,7,0,2,3,5,1,1,8,2,5,1,2,9,9,3,10,10,4,5,1
n148,4,2,0,1,4,7,5,9,7,10,4,4,6,0,4,9,0,5,5,10,4,1,0,3,4,8,0,4,3,0,7,8,2,3,0,1,0,8,0,5,1,0,9,9,3,1,10,4,5,1
n147,4,2,0,1,4,7,5,9,7,10,4,4,6,0,4,9,0,5,5,10,4,1,3,3,4,8,5,4,3,0,7,0,2,3,0,1,7,8,0,5,1,0,9,9,3,1,10,4,5,1
n150,4,2,8,1,4,7,5,9,7,10,4,4,6,0,4,9,0,5,5,10,4,1,0,3,4,8,0,4,3,0,7,0,2,3,0,1,8,8,0,5,1,0,9,9,3,0,10,4,5,1
n149,4,2,8,1,4,7,5,9,7,10,4,4,6,0,4,9,0,5,5,10,4,1,0,3,4,8,0,4,3,0,7,0,2,3,0,1,0,8,0,5,1,0,9,9,3,10,10,4,5,1
n156,4,2,0,1,4,7,4,9,7,10,4,10,6,2,0,9,0,5,5,10,4,1,1,0,4,8,0,4,3,0,7,0,2,3,6,1,7,8,8,5,1,1,9,9,0,2,10,4,5,1
n155,4,2,0,1,4,7,4,9,7,10,4,0,6,2,0,9,0,5,5,10,4,1,1,0,4,8,0,4,3,5,7,0,2,3,6,1,7,8,8,5,1,1,9,9,0,2,10,4,5,1
n158,4,2,0,1,4,7,4,9,7,10,4,9,6,2,0,9,0,5,5,10,4,1,1,0,4,8,0,4,3,5,7,0,2,3,9,1,7,8,8,5,1,1,9,9,0,2,10,4,5,1
n157,4,2,0,1,4,7,4,9,7,10,4,0,6,2,0,9,0,5,5,10,4,1,1,0,4,8,0,4,3,0,7,0,2,3,9,1,7,8,8,5,1,1,9,9,1,2,10,4,5,1
n162,4,2,0,1,4,7,4,9,7,10,4,0,6,6,0,9,0,5,5,10,4,1,8,0,4,8,0,4,3,0,7,0,2,3,0,1,7,8,8,5,1,1,9,9,0,10,10,4,5,1
n161,4,2,0,1,4,7,4,9,7,10,4,0,6,6,0,9,0,5,5,10,4,1,8,0,4,8,0,4,3,0,7,0,2,3,0,1,7,8,8,5,1,1,9,9,0,10,10,4,5,1
n164,4,2,0,1,4,7,4,9,7,10,4,0,6,6,0,9,0,5,5,10,4,1,8,0,4,8,0,4,3,0,7,0,2,3,0,1,7,8,8,5,1,1,9,9,0,6,10,4,5,1
n163,4,2,0,1,4,7,4,9,7,10,4,0,6,6,3,9,0,5,5,10,4,1,8,0,4,8,0,4,3,0,7,0,2,3,0,1,7,8,8,5,1,1,9,9,0,6,10,4,5,1
n172,0,2,6,1,4,7,7,9,7,10,2,3,6,7,0,9,0,5,5,10,4,1,0,1,4,8,7,4,3,1,7,0,2,3,0,1,3,9,4,5,1,0,9,9,0,6,10,4,5,1
n171,0,2,6,1,4,7,7,9,7,10,2,3,6,0,5,9,0,5,5,10,4,1,0,1,4,8,7,4,3,1,7,0,2,3,0,1,5,9,4,5,1,2,9,9,0,6,10,4,5,1
n174,0,2,6,1,4,7,1,9,7,10,2,3,6,0,0,9,3,5,5,10,4,1,10,1,4,8,7,4,3,1,7,10,2,3,0,1,0,0,4,5,1,0,9,9,3,6,10,4,5,1
n173,0,2,6,1,4,7,1,9,7,10,2,3,6,0,4,9,3,5,5,10,4,1,10,1,4,8,7,4,3,1,7,0,2,3,0,1,0,1,4,5,1,0,9,9,3,6,10,4,5,1
n178,6,2,6,1,4,7,0,9,7,10,2,3,6,0,0,9,2,5,5,10,4,1,0,1,4,8,7,4,3,1,7,0,2,3,0,1,0,0,4,5,1,0,9,9,3,10,0,4,5,1
n177,6,2,6,1,4,7,0,9,7,10,2,3,6,0,0,9,2,5,5,10,4,1,0,1,4,8,7,4,3,1,7,0,2,3,0,1,0,0,4,5,1,0,9,9,3,10,0,4,5,1
n180,6,2,6,1,4,7,0,9,7,10,2,3,6,0,0,9,4,5,5,10,4,1,1,1,4,8,7,4,3,1,7,0,2,3,0,1,0,8,4,5,1,0,9,9,0,5,0,4,5,1
n179,6,2,6,1,4,7,5,9,7,10,2,3,6,0,0,9,4,5,5,10,4,1,0,1,4,8,7,4,3,1,7,0,2,3,0,1,0,0,4,5,1,0,9,9,0,2,0,4,5,1
n186,6,2,0,1,4,7,0,9,7,10,2,3,6,4,4,9,1,5,5,10,4,1,0,0,4,8,7,4,3,0,7,3,2,3,7,1,1,0,4,5,1,7,9,9,0,6,10,4,5,1
n185,6,2,0,1,4,7,0,9,7,10,2,3,6,4,4,9,1,5,5,10,4,1,0,0,4,8,7,4,3,0,7,3,2,3,7,1,1,0,4,5,1,7,9,9,0,6,10,4,5,1
n188,6,2,7,1,4,7,0,9,7,10,2,3,6,0,0,9,1,5,5,10,4,1,7,0,4,8,7,4,3,1,7,3,2,3,7,1,1,4,4,5,1,7,9,9,4,6,10,4,5,1
n187,6,2,7,1,4,7,0,9,7,10,2,3,6,0,0,9,1,5,5,10,4,1,10,0,4,8,7,4,3,0,7,3,2,3,7,1,1,0,4,5,1,7,9,9,4,6,10,4,5,1
n192,0,2,0,1,4,7,0,9,7,10,2,3,6,0,0,9,1,5,5,10,4,1,0,7,4,8,7,4,3,0,7,5,2,3,7,1,1,7,4,5,1,7,9,9,0,10,0,4,5,1
n191,0,2,0,1,4,7,8,9,7,10,2,3,6,0,0,9,1,5,5,10,4,1,0,7,4,8,7,4,3,0,7,5,2,3,7,1,1,7,4,5,1,7,9,9,3,10,0,4,5,1
n194,0,2,5,1,4,7,0,9,7,10,2,3,6,0,0,9,1,5,5,10,4,1,0,5,4,8,7,4,3,0,7,5,2,3,7,1,9,7,4,5,1,7,9,9,0,10,0,4,5,1
n193,0,2,0,1,4,7,0,9,7,10,2,3,6,0,0,9,1,5,5,10,4,1,0,5,4,8,7,4,3,1,7,5,2,3,7,1,9,7,4,5,1,7,9,9,0,10,0,4,5,1
n204,2,0,3,9,4,7,0,1,7,10,4,0,5,3,4,9,9,5,5,10,4,1,7,4,4,8,3,4,3,6,7,0,0,3,0,1,7,0,3,5,1,10,9,9,0,9,0,4,5,1
n203,2,0,0,9,4,7,0,1,7,10,4,0,5,3,4,9,9,5,5,10,4,1,0,4,4,8,3,4,3,6,7,0,3,3,0,1,7,0,3,5,1,10,9,9,9,9,0,4,5,1
n206,2,0,0,9,4,7,0,1,7,10,4,0,5,3,4,9,0,5,5,10,4,1,6,4,4,8,3,4,3,6,7,0,0,3,0,1,7,0,3,5,1,10,9,9,10,9,3,4,5,1
n205,2,2,0,9,4,7,0,1,7,10,4,0,5,3,4,9,0,5,5,10,4,1,0,4,4,8,3,4,3,6,7,3,0,3,0,1,7,0,3,5,1,10,9,9,3,9,3,4,5,1
n210,2,10,2,9,4,7,8,1,7,10,4,2,5,3,4,9,0,5,5,10,4,1,9,4,4,8,3,4,3,6,7,8,10,3,10,1,7,0,3,5,1,10,9,9,0,9,2,4,5,1
n209,2,10,2,9,4,7,8,1,7,10,4,2,5,3,4,9,0,5,5,10,4,1,9,4,4,8,3,4,3,6,7,8,10,3,10,1,7,0,3,5,1,10,9,9,0,9,0,4,5,1
n212,2,10,9,9,4,7,8,1,7,10,4,2,5,3,4,9,10,5,5,10,4,1,9,4,4,8,3,4,3,6,7,8,10,3,10,1,7,0,3,5,1,10,9,9,0,9,0,4,5,1
n211,2,10,9,9,4,7,8,1,7,10,4,2,5,3,4,9,0,5,5,10,4,1,9,4,4,8,3,4,3,6,7,8,10,3,10,1,7,0,3,5,1,10,9,9,5,9,0,4,5,1
n218,2,0,8,0,4,7,10,1,7,10,4,8,3,3,0,9,0,5,5,10,4,1,0,0,4,8,3,4,3,6,7,3,0,3,7,1,7,0,3,5,1,10,9,9,0,9,0,4,5,1
n217,2,4,8,0,4,7,10,1,7,10,4,8,3,3,0,9,0,5,5,10,4,1,1,0,4,8,3,4,3,6,7,3,0,3,0,1,7,0,3,5,1,10,9,9,0,9,0,4,5,1
n220,2,0,10,9,4,7,10,1,7,10,4,0,3,3,0,9,1,5,5,10,4,1,8,7,4,8,3,4,3,6,7,3,4,3,0,1,7,3,3,5,1,10,9,9,0,9,2,4,5,1
n219,2,0,10,9,4,7,10,1,7,10,4,0,3,3,0,9,1,5,5,10,4,1,8,7,4,8,3,4,3,6,7,3,0,3,0,1,7,3,3,5,1,10,9,9,6,9,0,4,5,1
n224,2,1,5,1,4,7,10,1,7,10,4,10,0,3,0,9,5,5,5,10,4,1,2,0,4,8,3,4,3,6,7,3,4,3,0,1,7,0,3,5,1,10,9,9,0,9,0,4,5,1
n223,2,0,5,1,4,7,10,1,7,10,4,0,0,3,0,9,5,5,5,10,4,1,3,0,4,8,3,4,3,6,7,3,4,3,0,1,7,0,3,5,1,10,9,9,0,9,0,4,5,1
n226,2,10,9,1,4,7,10,1,7,10,4,0,0,3,3,9,5,5,5,10,4,1,4,0,4,8,3,4,3,6,7,3,4,3,0,1,7,0,3,5,1,10,9,9,0,9,6,4,5,1
n225,2,10,9,1,4,7,10,1,7,10,4,3,0,3,0,9,5,5,5,10,4,1,0,0,4,8,3,4,3,6,7,3,4,3,0,1,7,0,3,5,1,10,9,9,0,9,6,4,5,1
n234,2,6,4,4,4,7,0,1,7,10,4,8,6,0,6,9,3,5,5,10,4,1,0,0,4,8,1,4,3,6,7,6,1,3,0,1,4,3,0,5,1,9,9,9,6,1,2,4,5,1
n233,2,6,4,4,4,7,10,1,7,10,4,8,6,0,6,9,3,5,5,10,4,1,7,0,4,8,1,4,3,6,7,6,1,3,0,1,4,3,0,5,1,9,9,9,6,1,0,4,5,1
n236,2,6,4,0,4,7,0,1,7,10,4,8,6,10,6,9,3,5,5,10,4,1,0,0,4,8,1,4,3,6,7,6,0,3,6,1,4,3,5,5,1,9,9,9,6,1,0,4,5,1
n235,2,6,4,0,4,7,0,1,7,10,4,8,6,0,6,9,3,5,5,10,4,1,3,0,4,8,1,4,3,6,7,6,0,3,6,1,4,3,0,5,1,9,9,9,6,1,0,4,5,1
n240,2,6,4,0,4,7,10,1,7,10,4,8,0,0,6,9,3,5,5,10,4,1,0,8,4,8,0,4,3,6,7,6,0,3,7,1,4,3,0,5,1,0,9,9,6,1,8,4,5,1
n239,2,6,4,0,4,7,10,1,7,10,4,8,0,0,6,9,3,5,5,10,4,1,0,0,4,8,0,4,3,6,7,6,0,3,7,1,4,3,0,5,1,0,9,9,6,1,8,4,5,1
n242,2,6,4,0,4,7,0,1,7,10,4,8,0,0,6,9,3,5,5,10,4,1,2,0,4,8,0,4,3,6,7,6,0,3,0,1,4,3,10,5,1,0,9,9,6,1,7,4,5,1
n241,2,6,4,3,4,7,7,1,7,10,4,8,3,1,6,9,3,5,5,10,4,1,2,0,4,8,0,4,3,6,7,6,0,3,0,1,4,3,10,5,1,0,9,9,6,1,0,4,5,1
n248,2,6,4,6,4,7,10,1,7,10,4,8,0,9,6,9,3,5,5,10,4,1,0,0,4,8,1,4,3,6,7,0,10,3,10,1,4,7,1,5,1,0,9,9,0,1,4,4,5,1
n247,2,6,4,0,4,7,0,1,7,10,4,0,0,9,6,9,3,5,5,10,4,1,0,0,4,8,1,4,3,6,7,0,10,3,3,1,4,7,1,5,1,0,9,9,0,1,4,4,5,1
n250,2,6,4,0,4,7,0,1,7,10,4,0,0,9,6,9,3,5,5,10,4,1,7,4,4,8,1,4,3,6,7,0,0,3,0,1,4,0,1,5,1,0,9,9,0,1,4,4,5,1
n249,2,6,4,0,4,7,0,1,7,10,4,4,0,9,6,9,3,5,5,10,4,1,7,4,4,8,1,4,3,6,7,0,0,3,0,1,4,10,1,5,1,1,9,9,0,1,4,4,5,1
n254,2,6,4,6,4,7,0,1,7,10,4,0,7,0,6,9,3,5,5,10,4,1,0,10,4,8,1,4,3,6,7,2,0,3,0,1,4,2,1,5,1,10,9,9,0,1,0,4,5,1
n253,2,6,4,0,4,7,0,1,7,10,4,0,0,0,6,9,3,5,5,10,4,1,1,10,4,8,1,4,3,6,7,0,0,3,0,1,4,2,1,5,1,0,9,9,0,1,0,4,5,1
n256,2,6,4,6,4,7,0,1,7,10,4,0,5,4,6,9,3,5,5,10,4,1,0,1,4,8,1,4,3,6,7,0,0,3,4,1,4,0,1,5,1,0,9,9,0,1,3,4,5,1
n255,2,6,4,6,4,7,2,1,7,10,4,4,0,4,6,9,3,5,5,10,4,1,0,0,4,8,1,4,3,6,7,2,0,3,4,1,4,0,1,5,1,0,9,9,0,1,0,4,5,1
n270,0,6,8,0,0,0,10,0,7,0,6,9,2,4,1,9,3,5,7,7,4,0,0,5,4,2,1,4,3,10,10,3,9,3,2,0,1,0,8,0,0,6,0,0,5,6,2,6,5,0
n269,0,6,8,3,0,2,10,3,7,0,6,9,2,4,1,9,3,5,7,7,4,0,0,0,4,2,1,4,3,10,10,3,9,5,2,0,1,0,8,9,0,6,0,0,5,6,0,6,5,0
n272,0,6,0,0,0,0,10,0,7,0,6,9,2,4,1,9,3,5,7,7,4,0,3,0,4,2,1,4,3,10,10,3,9,7,2,0,1,0,8,5,0,6,10,0,5,6,0,6,5,7
n271,0,6,0,0,0,9,10,0,7,2,6,9,2,4,1,9,3,5,7,7,4,0,0,0,4,2,1,4,3,10,10,3,9,7,2,5,1,0,8,0,0,6,10,0,5,6,0,6,5,0
n276,6,6,0,9,0,10,10,9,7,6,6,9,2,4,1,9,3,5,2,7,4,9,0,8,4,2,0,4,3,10,10,3,9,0,5,1,1,0,8,0,0,6,2,9,0,0,0,6,5,10
n275,2,6,0,1,0,10,10,9,7,6,6,9,2,4,1,9,3,5,2,7,4,9,0,0,4,2,7,4,3,10,10,3,9,0,3,1,1,0,8,1,0,6,2,9,0,0,0,6,5,0
n278,2,6,0,0,6,10,10,9,7,10,6,9,2,4,1,9,3,5,2,7,4,9,0,0,4,2,0,4,3,10,10,3,9,0,0,1,1,0,8,0,1,6,2,0,0,0,0,6,5,0
n277,2,6,8,0,0,10,10,9,7,0,6,9,2,4,1,9,3,5,2,7,4,9,0,0,4,2,0,4,3,10,10,3,9,0,4,1,1,0,8,0,1,6,2,0,0,0,0,6,5,0
n284,0,6,10,0,0,8,2,0,7,0,6,9,2,4,1,9,3,5,10,7,4,3,7,0,4,9,2,4,3,0,10,3,9,0,5,6,1,0,4,0,0,0,0,3,0,0,0,6,5,6
n283,9,6,0,0,0,8,2,0,7,3,6,9,2,4,1,9,3,5,10,7,4,0,7,0,4,9,0,4,3,5,10,3,9,8,5,0,1,0,4,0,0,0,0,3,0,1,0,6,5,0
n286,10,6,5,2,0,8,0,0,7,2,6,9,2,4,1,9,3,5,10,7,4,0,7,0,4,9,0,4,3,0,10,3,9,7,5,9,1,0,4,2,0,0,8,3,0,0,0,6,5,8
n285,10,6,5,0,0,8,0,0,7,0,6,9,2,4,1,9,3,5,10,7,4,0,7,2,4,9,0,4,3,0,10,3,9,7,5,9,1,0,4,5,0,0,8,3,0,9,0,6,5,8
n290,0,6,0,0,3,0,0,3,7,7,6,9,2,4,1,9,3,5,10,7,4,7,6,0,4,0,0,4,3,3,10,3,9,0,0,0,1,0,5,8,0,0,6,3,0,0,0,6,5,0
n289,0,6,6,0,3,0,0,3,7,7,6,9,2,4,1,9,3,5,10,7,4,7,6,0,4,2,0,4,3,0,10,3,9,7,0,0,1,0,5,8,10,0,9,3,0,0,0,6,5,0
n292,0,6,0,0,3,4,0,2,7,0,6,9,2,4,1,9,3,5,10,7,4,2,6,0,4,2,0,4,3,0,10,3,9,8,0,0,1,0,0,8,0,4,0,3,10,0,0,6,5,0
n291,0,6,0,5,3,0,0,2,7,1,6,9,2,4,1,9,3,5,10,7,4,0,6,0,4,2,0,4,3,0,10,3,9,0,0,0,1,0,5,8,0,4,0,3,10,0,0,6,5,2
n300,2,6,8,0,6,10,5,0,7,5,0,9,2,4,1,9,1,5,5,7,4,8,0,7,4,5,3,4,3,7,0,3,9,10,10,9,1,4,9,8,0,1,4,0,8,0,2,6,5,8
n299,2,6,8,0,6,10,5,0,7,5,0,9,2,4,1,9,1,5,5,7,4,8,0,7,4,5,4,4,3,7,3,3,9,10,10,9,1,1,9,0,0,1,4,0,8,0,2,6,5,0
n302,0,6,8,0,6,10,5,0,7,5,0,9,2,4,1,9,1,5,8,7,4,8,0,7,4,3,0,4,3,7,2,3,9,10,10,9,1,4,5,7,0,1,4,0,9,0,2,6,5,0
n301,0,6,8,0,6,10,5,0,7,5,4,9,2,4,1,9,1,5,8,7,4,8,0,7,4,0,9,4,3,7,2,3,9,10,10,9,1,4,5,7,0,1,4,0,0,0,2,6,5,0
n306,0,6,8,0,0,10,0,5,7,5,0,9,2,4,1,9,0,5,0,7,4,8,0,7,4,0,0,4,3,7,1,3,9,10,0,1,1,0,6,1,0,0,4,0,2,0,2,6,5,0
n305,9,6,8,0,0,10,0,0,7,5,0,9,2,4,1,9,0,5,0,7,4,8,0,7,4,0,0,4,3,7,1,3,9,10,0,1,1,0,5,1,0,0,4,5,2,0,2,6,5,0
n308,0,6,8,0,0,10,0,0,7,5,0,9,2,4,1,9,0,5,0,7,4,8,0,7,4,4,0,4,3,7,6,3,9,10,0,1,1,0,2,1,0,0,4,0,2,7,2,6,5,0
n307,0,6,8,6,0,10,0,0,7,5,0,9,2,4,1,9,0,5,0,7,4,8,10,7,4,4,0,4,3,7,6,3,9,10,0,1,1,0,2,1,0,0,4,0,2,0,2,6,5,8
n314,0,6,8,9,5,2,0,3,7,5,6,9,2,4,1,9,2,5,0,7,4,8,0,7,4,8,5,4,3,7,10,3,9,10,10,1,1,4,0,0,8,0,4,0,8,0,2,6,5,0
n313,0,6,8,9,0,2,0,3,7,5,6,9,2,4,1,9,2,5,0,7,4,8,0,7,4,8,5,4,3,7,0,3,9,10,10,1,1,0,0,0,0,0,4,7,0,0,2,6,5,0
n316,5,6,8,9,0,2,3,3,7,5,6,9,2,4,1,9,2,5,0,7,4,8,0,7,4,0,5,4,3,7,0,3,9,10,10,1,1,0,0,0,3,0,4,0,0,1,2,6,5,0
n315,5,6,8,9,0,2,0,3,7,5,6,9,2,4,1,9,2,5,0,7,4,8,0,7,4,0,5,4,3,7,2,3,9,10,10,1,1,0,1,0,3,0,4,0,5,1,2,6,5,0
n320,0,6,8,9,0,3,4,3,7,5,2,9,2,4,1,9,2,5,1,7,4,8,4,7,4,0,5,4,3,7,5,3,9,10,0,6,1,3,0,4,7,9,4,0,5,0,2,6,5,4
n319,0,6,8,9,0,3,4,3,7,5,2,9,2,4,1,9,2,5,1,7,4,8,0,7,4,4,5,4,3,7,5,3,9,10,0,6,1,3,0,4,7,0,4,4,5,0,2,6,5,8
n322,0,6,8,9,0,3,4,3,7,5,2,9,2,4,1,9,2,5,2,7,4,8,10,7,4,0,5,4,3,7,5,3,9,10,5,0,1,3,1,4,7,0,4,0,5,6,2,6,5,0
n321,0,6,8,9,0,3,4,3,7,5,2,9,2,4,1,9,2,5,2,7,4,8,10,7,4,5,5,4,3,7,5,3,9,10,5,0,1,3,1,4,7,0,4,0,5,6,2,6,5,0
n332,0,5,0,3,4,2,1,0,7,0,2,9,1,4,0,9,0,5,0,7,4,9,0,1,4,4,0,4,3,0,7,3,9,2,10,10,1,4,5,0,0,0,6,0,5,5,5,6,5,10
n331,0,5,0,3,4,2,1,0,7,0,2,9,1,4,0,9,0,5,7,7,4,9,3,1,4,4,0,4,3,0,7,3,9,3,10,10,1,4,5,0,0,0,6,0,5,5,5,6,5,0
n334,6,5,4,3,4,2,1,10,7,0,8,9,1,4,0,9,1,5,0,7,4,9,5,1,4,4,7,4,3,0,7,3,9,0,10,10,1,4,1,0,2,8,6,5,5,5,5,6,5,0
n333,6,5,4,3,4,2,1,10,7,0,0,9,1,4,0,9,1,5,0,7,4,9,0,1,4,4,7,4,3,2,7,3,9,0,10,10,1,4,0,4,0,8,6,5,5,5,5,6,5,0
n338,0,5,4,0,4,2,1,0,7,9,0,9,1,4,0,9,0,5,0,7,4,0,8,1,4,0,10,4,3,2,7,3,9,0,5,10,1,4,0,10,0,0,6,0,5,5,5,6,5,10
n337,0,5,0,0,4,2,1,6,7,9,0,9,1,4,0,9,0,5,0,7,4,0,1,1,4,0,10,4,3,2,7,3,9,0,0,10,1,4,0,10,0,0,6,0,5,5,5,6,5,10
n340,0,5,0,0,4,2,1,0,7,0,2,9,1,4,0,9,0,5,0,7,4,0,0,1,4,4,10,4,3,2,7,3,9,0,0,10,1,4,8,3,0,0,6,0,5,5,5,6,5,2
n339,1,5,0,0,4,2,1,9,7,0,0,9,1,4,0,9,0,5,0,7,4,0,0,1,4,4,10,4,3,2,7,3,9,0,0,10,1,4,8,0,0,0,6,0,5,5,5,6,5,0
n346,10,0,10,8,4,2,7,4,7,5,0,9,1,4,0,9,0,5,4,7,4,5,5,1,4,0,0,4,3,0,7,3,9,0,10,7,1,4,0,0,4,0,6,0,5,5,5,6,5,5
n345,10,0,10,8,4,2,7,4,7,5,0,9,1,4,0,9,0,5,4,7,4,5,5,1,4,0,0,4,3,6,7,3,9,0,10,7,1,4,0,0,4,0,6,0,5,5,5,6,5,5
n348,10,2,10,0,4,2,7,4,7,0,0,9,1,4,0,9,0,5,4,7,4,5,5,1,4,0,8,4,3,4,7,3,9,0,0,7,1,4,0,0,4,0,6,10,5,5,5,6,5,5
n347,10,3,10,0,4,2,7,4,7,1,0,9,1,4,0,9,0,5,4,7,4,5,5,1,4,0,8,4,3,0,7,3,9,0,0,7,1,4,2,0,4,5,6,0,5,5,5,6,5,5
n352,10,0,10,0,4,2,7,9,7,0,0,9,1,4,0,9,0,5,4,7,4,1,5,1,4,0,0,4,3,0,7,3,9,0,4,7,1,4,0,0,2,0,6,1,5,5,5,6,5,10
n351,10,0,10,0,4,2,7,0,7,0,0,9,1,4,3,9,0,5,4,7,4,0,5,1,4,0,0,4,3,2,7,3,9,0,0,7,1,4,0,0,0,1,6,1,5,5,5,6,5,10
n354,10,0,10,0,4,2,7,0,7,0,0,9,1,4,0,9,0,5,4,7,4,1,5,1,4,0,9,4,3,0,7,3,9,4,0,7,1,4,4,0,0,0,6,1,5,5,5,6,5,0
n353,10,0,10,0,4,2,7,10,7,0,7,9,1,4,0,9,9,5,4,7,4,1,5,1,4,0,9,4,3,0,7,3,9,4,0,7,1,4,0,0,0,0,6,1,5,5,5,6,5,0
n362,1,8,0,0,4,6,6,0,7,7,0,9,1,4,6,9,10,5,4,7,4,0,4,1,4,2,9,4,3,5,7,3,9,0,5,6,1,4,9,2,7,9,6,6,5,5,5,6,5,7
n361,1,8,0,0,4,0,6,0,7,7,0,9,1,4,6,9,10,5,4,7,4,0,4,1,4,2,9,4,3,5,7,3,9,0,5,0,1,4,9,2,7,9,6,6,5,5,5,6,5,7
n364,1,8,0,0,4,9,10,0,7,7,0,9,1,4,6,9,0,5,2,7,4,0,4,1,4,2,9,4,3,5,7,3,9,0,5,5,1,4,9,2,0,9,6,6,5,5,5,6,5,7
n363,1,8,0,0,4,0,5,2,7,7,0,9,1,4,6,9,0,5,0,7,4,7,4,1,4,2,9,4,3,5,7,3,9,0,5,5,1,4,9,2,0,9,6,6,5,5,5,6,5,7
n368,1,8,0,0,4,0,0,7,7,8,0,9,1,4,6,9,0,5,0,7,4,8,4,1,4,2,9,4,3,5,7,3,9,10,5,9,1,4,9,2,0,0,6,6,5,5,5,6,5,0
n367,1,8,0,0,4,0,3,7,7,8,0,9,1,4,6,9,0,5,0,7,4,8,4,1,4,2,9,4,3,5,7,3,9,10,5,9,1,4,9,2,1,1,6,6,5,5,5,6,5,0
n370,1,8,0,0,4,0,2,0,7,0,0,9,1,4,6,9,0,5,5,7,4,8,4,1,4,2,9,4,3,5,7,3,9,10,5,0,1,4,9,2,7,0,6,6,5,5,5,6,5,9
n369,1,8,1,0,4,0,2,0,7,0,0,9,1,4,6,9,0,5,5,7,4,8,4,1,4,2,9,4,3,5,7,3,9,10,5,0,1,4,9,2,4,0,6,6,5,5,5,6,5,7
n376,1,8,0,0,4,1,9,0,7,10,1,9,1,4,3,9,4,5,7,7,4,0,4,1,4,2,2,4,3,0,0,3,9,0,5,0,1,4,9,6,4,3,6,6,5,5,5,6,5,0
n375,1,8,0,0,4,1,9,0,7,10,1,9,1,4,3,9,9,5,7,7,4,0,4,1,4,2,2,4,3,0,0,3,9,0,5,0,1,4,9,6,4,0,6,6,5,5,5,6,5,0
n378,1,8,0,0,4,0,9,0,7,0,1,9,1,4,9,9,0,5,0,7,4,5,4,1,4,2,2,4,3,0,9,3,9,0,5,0,1,4,9,6,4,1,6,6,5,5,5,6,5,0
n377,1,8,3,0,4,0,9,6,7,0,1,9,1,4,0,9,0,5,0,7,4,5,4,1,4,2,2,4,3,0,9,3,9,0,5,8,1,4,9,6,4,1,6,6,5,5,5,6,5,0
n382,1,8,4,0,4,0,4,0,7,4,1,9,1,4,10,9,7,5,9,7,4,0,4,1,4,2,2,4,3,6,0,3,9,7,5,0,1,4,9,6,0,0,6,6,5,5,5,6,5,0
n381,1,8,4,0,4,0,4,0,7,4,1,9,1,4,10,9,7,5,9,7,4,0,4,1,4,2,2,4,3,6,0,3,9,0,5,0,1,4,9,6,0,0,6,6,5,5,5,6,5,0
n384,1,8,0,0,4,0,4,9,7,0,1,9,1,4,10,9,7,5,0,7,4,0,4,1,4,2,2,4,3,6,8,3,9,0,5,0,1,4,9,6,0,4,6,6,5,5,5,6,5,0
n383,1,8,0,0,4,4,4,9,7,0,1,9,1,4,10,9,7,5,0,7,4,0,4,1,4,2,2,4,3,6,8,3,9,0,5,0,1,4,9,6,0,4,6,6,5,5,5,6,5,0
n396,6,1,8,10,2,4,1,8,7,9,1,1,5,4,4,9,10,5,5,7,4,0,9,8,4,0,5,4,3,0,9,0,9,0,8,3,1,8,4,6,10,4,10,7,1,8,10,6,5,5
n395,6,1,8,10,2,0,1,0,7,9,1,1,5,4,4,9,10,5,5,7,4,0,9,8,4,0,5,4,3,0,9,0,9,0,8,3,1,8,4,6,10,4,10,7,1,8,10,6,5,5
n398,6,1,8,0,2,0,1,0,7,10,1,1,5,4,4,9,10,5,0,7,4,0,9,8,4,1,5,4,3,0,9,0,9,0,8,3,1,8,0,0,10,4,10,0,7,8,10,6,5,5
n397,6,1,8,0,2,0,1,0,7,10,1,1,5,4,4,9,10,5,0,7,4,0,9,8,4,0,5,4,3,0,9,0,9,0,8,3,1,8,4,5,10,4,10,0,1,8,10,6,5,5
n402,6,1,7,3,0,7,1,0,7,0,1,1,4,4,4,9,10,5,0,7,4,10,9,8,4,0,0,4,3,10,4,1,9,0,8,7,1,8,8,8,10,4,10,0,0,8,10,6,5,5
n401,6,1,7,3,7,7,1,0,7,0,1,1,4,4,4,9,10,5,0,7,4,0,9,8,4,10,10,4,3,10,8,1,9,0,8,7,1,8,8,8,10,4,10,0,0,8,10,6,5,5
n404,6,1,10,3,4,0,1,8,7,3,1,1,4,4,4,9,10,5,7,7,4,0,9,8,4,0,0,4,3,4,0,1,9,6,8,7,1,8,1,8,10,4,10,0,10,8,10,6,5,5
n403,6,1,0,3,0,7,1,8,7,0,1,1,4,4,4,9,10,5,7,7,4,4,9,8,4,9,0,4,3,0,0,1,9,0,8,7,1,8,7,8,10,4,10,0,0,8,10,6,5,5
n410,6,1,0,1,4,8,1,2,7,6,1,1,3,4,4,9,10,5,0,7,4,5,9,8,4,8,3,4,3,3,6,2,9,8,8,0,1,8,8,0,10,0,5,8,3,1,10,6,5,2
n409,6,1,0,1,4,8,1,2,7,6,1,1,3,4,4,9,10,5,0,7,4,5,9,8,4,8,3,4,3,3,6,2,9,8,8,0,1,8,8,0,10,0,5,8,3,0,10,6,5,2
n412,6,1,6,1,4,0,1,2,7,6,1,1,3,4,4,9,10,5,0,7,4,0,9,8,4,8,3,4,3,3,6,4,9,8,8,0,1,8,8,2,10,0,10,8,3,0,10,6,5,2
n411,6,1,0,1,4,0,1,2,7,6,1,1,3,4,4,9,10,5,0,7,4,0,9,8,4,8,3,4,3,3,6,0,9,8,8,0,1,8,8,0,10,0,4,8,3,0,10,6,5,2
n416,6,1,1,1,7,8,1,0,7,9,1,1,3,4,4,9,10,5,0,7,4,7,9,8,4,8,3,4,3,3,6,9,9,8,8,4,1,8,5,4,10,10,6,8,8,2,10,6,5,0
n415,6,1,0,1,7,0,1,0,7,9,1,1,3,4,4,9,10,5,0,7,4,7,9,8,4,8,3,4,3,3,6,9,9,8,8,4,1,8,5,4,10,10,6,8,0,2,10,6,5,0
n418,6,1,0,1,7,0,1,0,7,9,1,1,3,4,4,9,10,5,3,7,4,0,9,8,4,8,3,4,3,3,6,9,9,8,8,8,1,8,5,4,10,10,0,8,0,7,10,6,5,10
n417,6,1,0,1,7,0,1,0,7,9,1,1,3,4,4,9,10,5,3,7,4,3,9,8,4,8,3,4,3,3,6,9,9,8,8,8,1,8,5,4,10,10,0,8,1,0,10,6,5,0
n426,6,1,0,4,9,0,1,8,7,1,0,1,2,4,0,9,10,5,0,7,4,0,9,2,4,0,1,4,3,0,4,0,9,2,8,0,1,8,9,0,10,3,0,7,2,7,10,6,5,0
n425,6,1,0,4,9,9,1,8,7,1,0,1,2,4,9,9,10,5,0,7,4,0,9,0,4,0,1,4,3,0,4,7,9,0,8,0,1,8,9,0,10,3,0,7,2,7,10,6,5,0
n428,6,1,0,4,9,0,1,0,7,1,2,1,2,4,0,9,10,5,6,7,4,0,9,0,4,0,0,4,3,0,0,0,9,8,8,0,1,8,9,6,10,3,0,7,2,6,10,6,5,0
n427,6,1,0,4,9,3,1,0,7,1,2,1,2,4,0,9,10,5,6,7,4,4,9,0,4,0,0,4,3,0,0,8,9,0,8,0,1,8,9,6,10,3,0,7,2,6,10,6,5,0
n432,6,1,0,0,3,0,1,4,7,1,3,1,2,4,7,9,10,5,0,7,4,0,9,6,4,0,2,4,3,2,4,5,9,0,8,6,1,8,1,10,10,3,0,0,2,1,10,6,5,0
n431,6,1,0,1,3,0,1,4,7,1,3,1,2,4,7,9,10,5,0,7,4,0,9,6,4,0,2,4,3,2,4,5,9,0,8,6,1,8,1,0,10,3,0,0,2,0,10,6,5,0
n434,6,1,0,0,3,0,1,4,7,1,3,1,2,4,7,9,10,5,3,7,4,0,9,6,4,9,0,4,3,1,1,5,9,0,8,6,1,8,0,1,10,3,0,3,2,0,10,6,5,0
n433,6,1,0,0,3,0,1,4,7,1,3,1,2,4,7,9,10,5,0,7,4,0,9,6,4,0,0,4,3,1,0,5,9,0,8,6,1,8,0,1,10,3,3,0,2,0,10,6,5,0
n440,6,1,0,0,0,4,1,0,7,0,8,1,2,4,0,9,10,5,5,7,4,0,9,0,4,0,0,4,3,0,10,3,9,5,8,1,1,8,0,0,10,6,0,0,2,0,10,6,5,0
n439,6,1,0,0,8,0,1,0,7,0,8,1,2,4,0,9,10,5,5,7,4,0,9,0,4,0,6,4,3,0,2,3,9,5,8,0,1,8,0,0,10,6,0,0,2,8,10,6,5,0
n442,6,1,9,0,3,8,1,4,7,0,8,1,2,4,0,9,10,5,0,7,4,0,9,0,4,10,0,4,3,2,6,9,9,5,8,0,1,8,0,2,10,0,0,0,2,0,10,6,5,0
n441,6,1,0,0,3,8,1,4,7,0,8,1,2,4,0,9,10,5,0,7,4,1,9,0,4,10,0,4,3,0,0,9,9,5,8,0,1,8,0,0,10,0,0,0,2,0,10,6,5,0
n446,6,1,5,0,0,0,1,0,7,0,8,1,2,4,10,9,10,5,1,7,4,0,9,2,4,5,2,4,3,3,9,0,9,5,8,8,1,8,0,0,10,0,0,0,2,9,10,6,5,7
n445,6,1,5,8,4,0,1,0,7,8,8,1,2,4,10,9,10,5,1,7,4,3,9,2,4,5,0,4,3,3,0,0,9,5,8,0,1,8,0,2,10,3,2,0,2,9,10,6,5,7
n448,6,1,0,0,0,0,1,0,7,0,8,1,2,4,10,9,10,5,1,7,4,0,9,2,4,0,0,4,3,3,0,0,9,5,8,0,1,8,5,0,10,0,1,3,2,9,10,6,5,7
n447,6,1,0,0,0,0,1,0,7,0,8,1,2,4,10,9,10,5,1,7,4,0,9,2,4,0,0,4,3,3,0,0,9,5,8,0,1,8,0,0,10,0,1,3,2,9,10,6,5,7
n458,6,0,0,7,0,1,6,2,7,8,8,1,1,4,0,9,2,5,7,7,4,7,9,10,4,4,2,4,3,0,9,3,9,1,5,1,1,10,3,6,8,1,7,0,0,3,3,6,5,9
n457,6,10,0,7,0,1,6,2,7,8,0,1,1,4,0,9,2,5,7,7,4,7,9,10,4,4,2,4,3,0,9,3,9,1,5,1,1,0,3,6,8,1,7,0,5,3,3,6,5,9
n460,6,1,4,0,0,1,6,2,7,8,0,1,1,4,0,9,2,5,0,7,4,0,9,10,4,4,2,4,3,6,9,3,9,1,5,1,1,7,3,6,8,1,7,0,0,3,3,6,5,9
n459,6,1,4,0,0,1,6,2,7,8,8,1,1,4,0,9,2,5,0,7,4,5,9,10,4,4,2,4,3,6,9,3,9,1,5,1,1,7,3,6,8,1,7,0,0,3,3,6,5,9
n464,6,4,10,0,3,1,6,2,7,8,7,1,1,4,0,9,2,5,3,7,4,2,9,3,4,4,0,4,3,0,9,3,9,1,5,0,1,1,3,6,8,1,7,10,0,3,3,6,5,9
n463,6,4,0,0,3,1,6,2,7,8,0,1,1,4,3,9,2,5,3,7,4,2,9,3,4,4,0,4,3,0,9,3,9,1,5,0,1,1,3,6,8,1,7,10,0,3,3,6,5,9
n466,6,0,1,10,0,1,6,2,7,8,0,1,1,4,0,9,2,5,3,7,4,0,9,3,4,4,0,4,3,0,9,3,9,1,5,10,1,3,3,6,8,1,7,0,1,3,3,6,5,9
n465,6,8,6,0,0,1,6,2,7,8,0,1,1,4,0,9,2,5,3,7,4,0,9,3,4,4,6,4,3,7,9,3,9,1,5,0,1,3,3,6,8,1,7,0,1,3,3,6,5,9
n472,6,9,6,9,5,1,0,2,7,8,8,1,1,4,0,9,4,5,2,7,4,3,9,0,4,4,10,4,3,3,0,3,9,0,5,8,1,3,3,6,8,1,7,0,0,3,3,6,5,9
n471,6,9,6,9,5,1,0,2,7,8,0,1,1,4,0,9,4,5,2,7,4,3,9,0,4,4,10,4,3,3,0,3,9,0,5,8,1,3,3,6,8,1,7,0,0,3,3,6,5,9
n474,6,9,0,9,5,1,10,2,7,8,0,1,1,4,1,9,4,5,2,7,4,3,9,4,4,4,1,4,3,3,9,3,9,0,5,0,1,3,3,6,8,1,7,0,0,3,3,6,5,9
n473,6,9,0,9,5,1,10,2,7,8,8,1,1,4,0,9,4,5,2,7,4,3,9,0,4,4,1,4,3,3,0,3,9,0,5,0,1,3,3,6,8,1,7,0,0,3,3,6,5,9
n478,6,9,0,9,0,0,5,2,7,8,2,1,1,4,0,9,4,5,0,7,4,3,9,0,4,4,7,4,3,7,0,3,9,0,5,7,1,3,3,6,8,1,7,0,8,3,3,6,5,9
n477,6,9,0,9,0,9,5,2,7,8,6,1,1,4,0,9,4,5,0,7,4,3,9,0,4,4,7,4,3,7,0,3,9,0,5,7,1,3,3,6,8,1,7,0,8,3,3,6,5,9
n480,6,9,0,9,0,0,2,2,7,8,0,1,1,4,0,9,4,5,0,7,4,3,9,0,4,4,0,4,3,2,9,3,9,4,5,0,1,3,3,6,8,1,7,0,8,3,3,6,5,9
n479,6,9,0,9,5,0,2,2,7,8,3,1,1,4,0,9,4,5,0,7,4,3,9,0,4,4,0,4,3,0,9,3,9,4,5,2,1,3,3,6,8,1,7,5,8,3,3,6,5,9
n488,6,6,4,8,8,2,2,2,7,8,0,1,1,4,0,9,6,5,0,7,4,0,9,3,4,4,4,4,3,0,3,3,9,4,5,6,1,5,3,6,8,0,7,4,9,2,3,6,5,0
n487,6,6,0,8,8,2,2,2,7,8,0,1,1,4,0,9,0,5,10,7,4,0,9,3,4,4,4,4,3,0,3,3,9,0,5,6,1,9,3,6,8,0,7,4,9,2,3,6,5,5
n490,6,0,7,8,8,2,2,2,7,8,0,1,1,4,5,9,0,5,0,7,4,10,9,3,4,4,4,4,3,0,3,3,9,3,5,0,1,0,3,6,8,0,7,0,5,2,3,6,5,0
n489,6,0,7,8,8,2,2,2,7,8,0,1,1,4,0,9,0,5,0,7,4,2,9,3,4,4,4,4,3,0,3,3,9,4,5,0,1,0,3,6,8,0,7,0,5,2,3,6,5,0
n494,6,6,4,8,6,3,2,2,7,8,0,1,1,4,0,9,0,5,9,7,4,3,9,3,4,4,4,4,3,0,0,3,9,0,5,0,1,0,3,6,8,8,7,1,6,2,3,6,5,0
n493,6,0,0,8,0,3,2,2,7,8,1,1,1,4,1,9,0,5,9,7,4,0,9,3,4,4,4,4,3,0,0,3,9,1,5,0,1,0,3,6,8,0,7,1,6,2,3,6,5,0
n496,6,10,2,8,4,10,2,2,7,8,7,1,1,4,2,9,0,5,9,7,4,0,9,3,4,4,4,4,3,0,0,3,9,10,5,0,1,0,3,6,8,0,7,1,6,2,3,6,5,6
n495,6,10,0,8,4,0,2,2,7,8,0,1,1,4,0,9,0,5,9,7,4,0,9,3,4,4,4,4,3,0,10,3,9,10,5,0,1,0,3,6,8,0,7,1,6,2,3,6,5,6
n502,6,0,2,8,5,0,0,2,7,8,1,1,1,4,8,9,6,5,0,7,4,0,9,0,4,4,4,4,3,5,4,3,9,0,5,0,1,10,3,6,8,3,7,0,0,2,3,6,5,2
n501,6,0,2,8,0,0,0,2,7,8,1,1,1,4,8,9,6,5,0,7,4,0,9,0,4,4,4,4,3,5,0,3,9,0,5,0,1,10,3,6,8,3,7,0,0,2,3,6,5,2
n504,6,0,2,8,0,0,0,2,7,8,0,1,1,4,8,9,0,5,0,7,4,0,9,0,4,4,4,4,3,5,0,3,9,0,5,0,1,10,3,6,8,3,7,9,0,2,3,6,5,2
n503,6,0,2,8,0,3,0,2,7,8,6,1,1,4,8,9,0,5,0,7,4,1,9,0,4,4,4,4,3,5,9,3,9,0,5,0,1,10,3,6,8,3,7,8,0,2,3,6,5,2
n508,6,3,2,8,5,0,4,2,7,8,8,1,1,4,0,9,0,5,1,7,4,0,9,7,4,4,4,4,3,5,2,3,9,0,5,6,1,1,3,6,8,0,7,2,0,2,3,6,5,2
n507,6,3,2,8,5,0,4,2,7,8,0,1,1,4,0,9,0,5,1,7,4,0,9,7,4,4,4,4,3,5,2,3,9,0,5,6,1,1,3,6,8,0,7,2,0,2,3,6,5,2
n510,6,3,2,8,5,6,4,2,7,8,6,1,1,4,0,9,0,5,1,7,4,8,9,7,4,4,4,4,3,5,2,3,9,0,5,0,1,1,3,6,8,9,7,2,0,2,3,6,5,2
n509,6,3,2,8,5,0,4,2,7,8,6,1,1,4,0,9,0,5,1,7,4,8,9,0,4,4,4,4,3,5,2,3,9,0,5,0,1,1,3,6,8,9,7,2,0,2,3,6,5,2
