cell,r1,r2,r3,r4,r5,r6,r7,r8,r9,r10,r11,r12,r13,r14,r15,r16,r17,r18,r19,r20,r21,r22,r23,r24,r25,r26,r27,r28,r29,r30,r31,r32,r33,r34,r35,r36,r37,r38,r39,r40,r41,r42,r43,r44,r45,r46,r47,r48,r49,r50
n16,2,7,7,7,2,10,7,5,0,9,0,2,0,5,0,0,3,4,4,10,6,10,10,0,0,1,6,10,3,0,8,5,10,6,2,9,9,4,1,0,0,3,4,8,7,6,1,4,1,0
n15,2,7,7,7,2,10,7,5,0,9,0,2,0,5,0,0,3,4,4,10,6,10,10,0,0,1,6,10,3,0,8,5,10,6,2,9,9,4,1,9,0,3,4,8,7,6,1,4,1,0
n18,2,7,7,7,2,10,7,5,1,9,0,2,5,0,3,9,3,4,4,10,6,10,10,2,0,1,6,10,3,5,8,5,10,6,2,9,10,4,1,10,0,3,4,8,7,6,1,4,1,0
n17,2,7,7,7,2,10,7,5,0,9,0,2,5,0,3,9,3,4,4,10,6,10,10,2,0,1,6,10,3,5,8,5,10,6,2,9,10,4,1,10,0,3,4,8,7,6,1,4,1,0
n22,2,7,7,7,2,10,7,5,0,9,6,2,2,4,0,7,3,4,4,10,6,10,10,0,7,1,6,10,3,0,8,5,10,6,2,9,5,0,1,0,0,3,4,8,7,6,1,4,2,1
n21,2,7,7,7,2,10,7,5,7,9,6,2,2,4,1,7,3,4,4,10,6,10,10,0,7,1,6,10,3,4,8,5,10,6,2,9,0,9,1,0,0,3,4,8,7,6,1,4,2,1
n24,2,7,7,7,2,10,7,5,0,9,0,2,2,4,0,7,3,4,4,10,6,10,10,0,7,1,6,10,3,0,8,5,10,6,2,9,0,0,1,0,0,3,4,8,7,6,1,4,6,1
n23,2,7,7,7,2,10,7,5,2,9,0,2,2,4,8,7,3,4,4,10,6,10,10,0,7,1,6,10,3,6,8,5,10,6,2,9,2,0,1,0,0,3,4,8,7,6,1,4,6,1
n30,2,7,7,7,2,10,7,5,0,0,10,2,4,0,0,0,3,4,4,10,6,10,2,0,8,1,6,10,3,0,0,5,10,6,2,9,3,6,1,0,0,3,4,8,7,6,1,4,0,0
n29,2,7,7,7,2,10,7,5,0,0,0,2,4,0,3,0,3,4,4,10,6,10,2,0,8,1,6,10,3,0,0,5,10,6,2,9,3,6,1,0,0,3,4,8,7,6,1,4,0,0
n32,2,7,7,7,2,10,7,5,0,0,0,2,4,0,0,0,3,4,4,10,6,10,0,0,0,1,6,10,3,8,4,5,10,6,2,9,3,6,1,1,0,3,4,8,7,6,1,4,0,0
n31,2,7,7,7,2,10,7,5,0,0,0,2,4,0,0,0,3,4,4,10,6,10,0,7,7,1,6,10,3,8,4,5,10,6,2,9,3,6,1,1,9,3,4,8,7,6,1,4,0,0
n36,2,7,7,7,2,10,7,5,0,6,0,2,4,9,0,5,3,4,4,10,6,10,8,5,8,1,6,10,3,0,8,5,10,6,2,9,3,6,1,0,0,3,4,8,7,6,1,4,3,10
n35,2,7,7,7,2,10,7,5,0,0,0,2,4,0,0,5,3,4,4,10,6,10,0,2,0,1,6,10,3,9,8,5,10,6,2,9,3,0,1,0,5,3,4,8,7,6,1,4,3,10
n38,2,7,7,7,2,10,7,5,0,8,1,2,4,0,0,0,3,4,4,10,6,10,0,6,0,1,6,10,3,0,7,5,10,6,2,9,3,0,1,3,3,3,4,8,7,6,1,4,3,10
n37,2,7,7,7,2,10,7,5,0,8,0,2,4,0,3,0,3,4,4,10,6,10,5,0,0,1,6,10,3,0,7,5,10,6,2,9,3,0,1,0,3,3,4,8,7,6,1,4,3,10
n46,2,7,7,7,2,10,7,0,1,0,9,0,8,0,1,6,9,4,5,10,6,10,0,0,10,1,6,10,3,9,5,5,10,6,2,9,0,4,1,0,1,3,4,8,7,6,1,4,10,9
n45,2,7,7,7,2,10,7,0,9,0,9,0,8,0,1,6,9,4,5,10,6,10,0,0,10,1,6,10,3,9,5,5,10,6,2,9,0,4,1,0,1,3,4,8,7,6,1,4,10,9
n48,2,7,7,7,2,10,7,1,7,0,9,0,8,0,1,6,9,4,5,10,6,10,2,9,9,1,6,10,3,9,5,5,10,6,2,9,0,0,1,7,1,3,4,8,7,6,1,4,8,9
n47,2,7,7,7,2,10,7,9,7,0,9,3,8,0,1,6,9,4,5,10,6,10,0,9,0,1,6,10,3,9,5,5,10,6,2,9,0,0,1,0,1,3,4,8,7,6,1,4,0,9
n52,2,7,7,7,2,10,7,0,1,0,9,0,8,0,1,0,9,4,5,10,6,10,0,6,0,1,6,10,3,9,5,5,10,6,2,9,0,9,1,1,1,3,4,8,7,6,1,4,6,0
n51,2,7,7,7,2,10,7,2,0,0,9,0,8,0,1,5,9,4,5,10,6,10,6,6,9,1,6,10,3,9,5,5,10,6,2,9,6,9,1,1,1,3,4,8,7,6,1,4,6,10
n54,2,7,7,7,2,10,7,0,6,0,9,0,8,0,1,0,9,4,5,10,6,10,0,6,0,1,6,10,3,9,5,5,10,6,2,9,5,9,1,1,1,3,4,8,7,6,1,4,6,4
n53,2,7,7,7,2,10,7,0,6,0,9,0,8,0,1,0,9,4,5,10,6,10,0,6,0,1,6,10,3,9,5,5,10,6,2,9,5,9,1,1,1,3,4,8,7,6,1,4,6,4
n60,2,7,7,7,2,10,7,3,0,2,3,0,8,5,1,7,9,4,4,10,6,10,0,1,8,1,6,10,3,4,5,5,10,6,2,9,0,0,1,0,0,3,4,8,7,6,1,4,2,9
n59,2,7,7,7,2,10,7,0,0,2,3,0,8,5,1,7,9,4,4,10,6,10,0,5,8,1,6,10,3,4,5,5,10,6,2,9,0,0,1,0,0,3,4,8,7,6,1,4,0,9
n62,2,7,7,7,2,10,7,0,0,2,10,0,8,1,1,0,3,4,4,10,6,10,0,0,8,1,6,10,3,4,5,5,10,6,2,9,0,0,1,6,0,3,4,8,7,6,1,4,8,9
n61,2,7,7,7,2,10,7,0,1,2,0,0,8,0,1,0,3,4,4,10,6,10,0,0,8,1,6,10,3,4,5,5,10,6,2,9,3,9,1,6,6,3,4,8,7,6,1,4,4,9
n66,2,7,7,7,2,10,7,0,0,2,0,0,8,9,1,2,3,4,1,10,6,10,2,0,6,1,6,10,3,4,5,5,10,6,2,9,7,0,1,0,0,3,4,8,7,6,1,4,10,9
n65,2,7,7,7,2,10,7,0,0,2,0,0,8,9,1,2,3,4,1,10,6,10,2,0,6,1,6,10,3,4,5,5,10,6,2,9,7,0,1,0,0,3,4,8,7,6,1,4,10,9
n68,2,7,7,7,2,10,7,7,0,2,0,0,8,0,1,2,3,4,1,10,6,10,2,0,4,1,6,10,3,4,5,5,10,6,2,9,0,0,1,0,10,3,4,8,7,6,1,4,0,9
n67,2,7,7,7,2,10,7,1,0,2,0,0,8,0,1,2,3,4,1,10,6,10,2,0,4,1,6,10,3,4,5,5,10,6,2,9,0,0,1,0,7,3,4,8,7,6,1,4,0,9
n78,0,3,7,7,2,10,7,0,8,7,2,0,10,0,0,5,1,6,1,7,6,10,2,10,6,1,6,9,3,3,1,5,10,6,2,9,0,1,1,10,0,3,4,8,7,6,1,0,0,7
n77,5,3,7,7,2,10,7,0,8,7,2,0,10,0,4,5,1,6,1,7,6,10,2,10,6,1,6,9,3,3,1,5,10,6,2,9,1,1,1,10,9,3,4,8,7,6,1,4,0,7
n80,5,1,7,7,2,10,7,7,8,7,2,0,10,0,0,5,0,6,1,2,6,10,2,10,6,1,6,10,3,3,10,5,10,6,2,9,0,1,1,10,6,3,4,8,7,6,1,3,5,7
n79,0,1,7,7,2,10,7,0,8,7,2,0,10,10,0,5,0,6,1,0,6,10,2,10,6,1,6,4,3,3,10,5,10,6,2,9,0,1,1,10,0,3,4,8,7,6,1,0,0,7
n84,3,0,7,7,2,10,7,6,8,7,2,0,10,0,0,5,5,8,1,1,6,10,2,10,6,1,6,0,3,9,0,5,10,6,2,9,3,1,1,10,0,3,4,8,7,6,1,1,3,7
n83,3,0,7,7,2,10,7,0,8,7,2,0,10,0,0,5,5,8,1,1,6,10,2,10,6,1,6,0,3,9,0,5,10,6,2,9,0,1,1,10,0,3,4,8,7,6,1,1,10,7
n86,3,0,7,7,2,10,7,2,8,7,2,5,10,0,0,5,1,8,1,0,6,10,2,10,6,1,6,10,3,9,0,5,10,6,2,9,5,1,1,10,0,3,4,8,7,6,1,1,9,7
n85,3,5,7,7,2,10,7,0,8,7,2,8,10,0,0,5,1,8,1,1,6,10,2,10,6,1,6,0,3,9,0,5,10,6,2,9,5,1,1,10,0,3,4,8,7,6,1,1,0,7
n92,0,5,7,7,2,10,7,8,8,7,10,4,10,5,7,5,7,3,0,10,6,10,2,10,6,1,6,10,3,0,0,5,10,6,2,9,7,1,1,9,4,3,4,8,7,6,1,0,4,7
n91,0,5,7,7,2,10,7,8,8,7,10,4,10,0,7,5,7,3,0,10,6,10,2,10,6,1,6,10,3,0,0,5,10,6,2,9,7,1,1,9,4,3,4,8,7,6,1,0,4,7
n94,0,5,7,7,2,10,7,8,8,7,10,4,10,0,7,5,0,3,8,10,6,10,2,10,6,1,6,10,3,1,1,5,10,6,2,9,7,1,1,9,4,3,4,8,7,6,1,0,4,7
n93,0,5,7,7,2,10,7,8,8,7,10,4,10,0,7,5,0,3,4,10,6,10,2,10,6,1,6,10,3,1,1,5,10,6,2,9,7,1,1,9,4,3,4,8,7,6,1,0,4,7
n98,3,5,7,7,2,10,7,0,8,7,0,3,10,5,7,5,0,0,0,10,6,10,2,10,6,1,6,10,3,0,9,5,10,6,2,9,7,1,1,0,4,3,4,8,7,6,1,1,1,7
n97,3,5,7,7,2,10,7,0,8,7,1,3,10,5,7,5,3,0,0,10,6,10,2,10,6,1,6,10,3,3,9,5,10,6,2,9,7,1,1,0,4,3,4,8,7,6,1,1,1,7
n100,3,5,7,7,2,10,7,0,8,7,0,3,10,5,7,5,0,7,5,10,6,10,2,10,6,1,6,10,3,5,9,5,10,6,2,9,7,1,1,1,4,3,4,8,7,6,1,1,0,7
n99,3,5,7,7,2,10,7,0,8,7,0,3,10,5,7,5,0,0,5,10,6,10,2,10,6,1,6,10,3,5,9,5,10,6,2,9,7,1,1,1,4,3,4,8,7,6,1,1,0,7
n108,0,5,7,7,2,10,7,1,0,7,6,7,10,10,4,8,1,0,0,4,6,10,2,0,6,1,6,6,3,1,2,5,10,6,2,9,6,1,1,2,10,3,4,8,7,6,1,0,2,7
n107,0,5,7,7,2,10,7,1,0,7,6,7,0,10,4,8,1,0,0,4,6,10,2,0,6,1,6,6,3,1,0,5,10,6,2,9,6,1,1,2,10,3,4,8,7,6,1,0,2,7
n110,6,5,7,7,2,10,7,1,9,7,6,7,0,10,0,0,1,1,10,4,6,10,2,0,6,1,6,6,3,0,4,5,10,6,2,9,6,1,1,2,9,3,4,8,7,6,1,0,7,7
n109,6,5,7,7,2,10,7,1,9,7,6,7,0,10,0,0,1,1,10,4,6,10,2,0,6,1,6,6,3,0,0,5,10,6,2,9,6,1,1,2,0,3,4,8,7,6,1,4,7,7
n114,5,9,7,7,2,10,7,1,2,7,6,7,0,10,5,7,0,3,0,4,6,10,2,0,6,1,6,2,3,0,10,5,10,6,2,9,6,1,1,2,7,3,4,8,7,6,1,0,0,7
n113,5,9,7,7,2,10,7,1,2,7,6,7,0,10,5,7,8,3,0,4,6,10,2,0,6,1,6,0,3,0,10,5,10,6,2,9,6,1,1,2,7,3,4,8,7,6,1,0,6,7
n116,5,0,7,7,2,10,7,1,0,7,6,7,0,10,5,7,7,3,0,4,6,10,2,5,6,1,6,0,3,0,10,5,10,6,2,9,6,1,1,2,7,3,4,8,7,6,1,6,0,7
n115,5,0,7,7,2,10,7,1,3,7,6,7,0,10,5,7,7,3,5,4,6,10,2,5,6,1,6,0,3,10,10,5,10,6,2,9,6,1,1,2,7,3,4,8,7,6,1,6,7,7
n122,8,10,7,7,2,10,7,0,5,7,6,7,0,10,6,0,9,0,0,0,6,10,2,0,6,1,6,0,3,9,10,5,10,6,2,9,6,1,1,2,1,3,4,8,7,6,1,2,9,7
n121,8,10,7,7,2,10,7,0,5,7,6,7,0,10,6,0,9,0,0,0,6,10,2,0,6,1,6,0,3,9,10,5,10,6,2,9,6,1,1,2,1,3,4,8,7,6,1,0,9,7
n124,0,10,7,7,2,10,7,0,5,7,6,7,0,10,6,0,0,0,0,7,6,10,2,0,6,1,6,2,3,9,10,5,10,6,2,9,6,1,1,2,1,3,4,8,7,6,1,0,3,7
n123,0,10,7,7,2,10,7,4,5,7,6,7,0,10,6,0,7,0,0,0,6,10,2,0,6,1,6,0,3,9,10,5,10,6,2,9,6,1,1,2,1,3,4,8,7,6,1,7,0,7
n128,4,10,7,7,2,10,7,0,5,7,6,7,0,10,0,0,0,5,0,0,6,10,2,0,6,1,6,0,3,2,10,5,10,6,2,9,6,1,1,2,1,3,4,8,7,6,1,0,0,7
n127,4,10,7,7,2,10,7,0,5,7,6,7,0,10,0,0,0,0,0,8,6,10,2,0,6,1,6,6,3,2,10,5,10,6,2,9,6,1,1,2,1,3,4,8,7,6,1,0,8,7
n130,4,10,7,7,2,10,7,4,5,7,6,7,0,10,0,0,0,0,0,0,6,10,2,0,6,1,6,0,3,5,10,5,10,6,2,9,6,1,1,2,1,3,4,8,7,6,1,10,6,7
n129,4,10,7,7,2,10,7,4,5,7,6,7,10,10,8,0,2,0,0,0,6,10,2,0,6,1,6,0,3,5,10,5,10,6,2,9,6,1,1,2,1,3,4,8,7,6,1,10,0,7
n142,2,4,7,0,0,10,7,0,10,0,9,6,1,6,3,8,7,1,0,3,6,4,7,7,0,1,6,6,1,4,8,5,10,6,2,9,5,2,8,4,3,3,4,8,7,7,1,8,6,6
n141,2,4,7,10,0,10,7,0,10,0,9,0,1,6,3,8,7,1,0,3,6,0,7,7,1,1,6,6,1,6,8,5,10,6,2,9,5,2,8,0,3,3,4,8,7,7,1,8,6,6
n144,2,4,7,0,0,10,7,5,10,3,9,0,1,6,3,8,7,1,0,3,6,0,7,7,8,1,6,6,1,0,8,5,10,6,2,9,5,2,8,3,0,3,4,8,7,4,1,8,6,6
n143,2,4,7,0,0,10,7,5,10,3,9,0,1,6,3,8,7,1,0,3,6,0,7,7,8,1,6,6,1,0,8,5,10,6,2,9,5,2,8,0,0,3,4,8,7,4,1,8,6,6
n148,2,4,7,0,3,10,7,5,10,0,9,1,1,4,0,8,7,1,0,3,6,0,7,7,3,1,6,6,1,0,8,5,10,6,2,9,0,2,8,0,0,3,4,8,7,6,1,8,6,6
n147,2,4,7,0,3,10,7,5,10,0,9,1,1,4,0,8,7,1,0,3,6,9,7,7,0,1,6,6,1,0,8,5,10,6,2,9,0,2,8,0,1,3,4,8,7,6,1,8,6,6
n150,2,4,7,5,3,10,7,4,10,0,9,3,1,0,0,8,7,1,0,3,6,0,7,7,4,1,6,6,1,0,8,5,10,6,2,9,1,2,8,0,2,3,4,8,7,8,1,8,6,6
n149,2,4,7,5,3,10,7,0,10,0,9,0,1,6,0,8,7,1,0,3,6,2,7,7,0,1,6,6,1,0,8,5,10,6,2,9,7,2,8,0,2,3,4,8,7,0,1,8,6,6
n156,2,4,7,10,6,10,7,3,10,0,9,1,1,4,5,8,7,1,0,3,6,7,10,7,9,1,6,6,1,1,8,5,10,6,2,9,0,0,8,2,0,3,4,8,7,1,1,0,6,6
n155,2,4,7,10,6,10,7,3,10,0,9,1,1,4,5,8,7,1,0,3,6,7,10,7,0,1,6,6,1,1,8,5,10,6,2,9,0,0,8,2,0,3,4,8,7,1,1,0,6,6
n158,2,4,7,10,6,10,7,1,10,0,9,1,1,4,5,8,7,1,0,3,6,7,10,7,0,1,6,6,1,1,8,5,10,6,2,9,0,0,8,0,5,3,4,8,7,1,1,2,6,6
n157,2,4,7,10,6,10,7,1,10,0,9,1,1,4,5,8,7,1,0,3,6,7,10,7,0,1,6,6,1,1,8,5,10,6,2,9,0,0,8,0,0,3,4,8,7,1,1,2,6,6
n162,2,4,7,0,10,10,7,0,10,3,9,6,1,4,0,8,7,1,0,3,6,7,0,0,0,1,6,6,1,0,8,5,10,6,2,9,0,4,8,4,0,3,4,8,7,4,1,10,6,6
n161,2,4,7,0,10,10,7,8,10,3,9,6,1,1,0,8,7,1,0,3,6,7,0,0,0,1,6,6,1,0,8,5,10,6,2,9,0,0,8,4,0,3,4,8,7,0,1,0,6,6
n164,2,4,7,0,10,10,7,0,10,3,9,6,1,3,5,8,7,1,0,3,6,7,0,0,0,1,6,6,1,0,8,5,10,6,2,9,8,9,8,4,0,3,4,8,7,0,1,0,6,6
n163,2,4,7,0,10,10,7,7,10,3,9,6,1,3,0,8,7,1,1,3,6,7,6,0,0,1,6,6,1,0,8,5,10,6,2,9,8,9,8,4,0,3,4,8,7,0,1,0,6,6
n172,0,4,7,4,0,10,7,9,10,2,5,7,1,4,0,8,8,1,0,3,6,5,7,0,1,1,6,6,7,1,0,5,10,6,2,9,3,6,8,0,8,3,4,8,7,6,1,4,5,6
n171,4,4,7,4,4,10,7,0,10,2,5,7,1,4,10,8,8,1,0,3,6,5,7,0,1,1,6,6,5,1,0,5,10,6,2,9,3,6,8,0,8,3,4,8,7,6,1,1,5,6
n174,0,4,7,0,0,10,7,7,10,2,5,7,1,4,0,8,9,1,0,3,6,5,0,0,1,1,6,6,0,1,4,5,10,6,2,9,3,6,8,0,8,3,4,8,7,6,1,0,5,6
n173,1,4,7,0,9,10,7,7,10,2,5,7,1,4,0,8,0,1,0,3,6,5,0,0,1,1,6,6,0,0,0,5,10,6,2,9,3,6,8,0,8,3,4,8,7,6,1,0,5,6
n178,1,4,7,9,0,10,7,0,10,2,5,7,1,5,1,8,7,1,0,3,6,5,0,3,1,1,6,6,0,0,0,5,10,6,2,9,3,1,8,6,8,3,4,8,7,8,1,3,5,6
n177,0,4,7,9,0,10,7,0,10,2,5,7,1,5,1,8,0,1,0,3,6,5,5,3,1,1,6,6,0,7,0,5,10,6,2,9,3,1,8,6,8,3,4,8,7,8,1,3,5,6
n180,0,4,7,0,0,10,7,0,10,2,5,7,1,5,1,8,0,1,0,3,6,5,0,0,1,1,6,6,0,9,0,5,10,6,2,9,3,1,8,0,8,3,4,8,7,0,1,0,5,6
n179,0,4,7,0,0,10,7,0,10,2,5,7,1,5,1,8,0,1,0,3,6,5,0,0,1,1,6,6,0,0,5,5,10,6,2,9,3,1,8,3,8,3,4,8,7,0,1,0,5,6
n186,5,4,7,1,9,10,7,0,10,9,5,3,1,3,5,8,0,1,0,3,6,5,0,2,1,1,6,6,9,4,5,5,10,6,2,9,3,4,8,0,0,3,4,8,7,4,1,0,0,6
n185,0,4,7,1,9,10,7,0,10,9,5,3,1,3,5,8,0,1,0,3,6,5,0,0,1,1,6,6,9,4,5,5,10,6,2,9,3,4,8,3,0,3,4,8,7,4,1,0,0,6
n188,6,4,7,1,0,10,7,0,10,0,5,3,1,3,5,8,0,1,0,3,6,5,0,0,1,1,6,6,9,6,5,5,10,6,2,9,3,4,8,0,0,3,4,8,7,4,1,10,0,6
n187,5,4,7,1,0,10,7,3,10,0,5,3,1,3,5,8,0,1,0,3,6,5,0,0,1,1,6,6,9,6,5,5,10,6,2,9,3,4,8,0,0,3,4,8,7,4,1,0,0,6
n192,1,4,7,1,0,10,7,0,10,2,5,0,1,3,5,8,0,1,0,3,6,5,0,8,1,1,6,6,9,4,5,5,10,6,2,9,3,4,8,0,7,3,4,8,7,6,1,0,3,6
n191,1,4,7,1,0,10,7,0,10,2,5,0,1,3,5,8,0,1,0,3,6,5,3,8,1,1,6,6,9,4,5,5,10,6,2,9,3,4,8,0,7,3,4,8,7,6,1,0,1,6
n194,1,4,7,1,0,10,7,4,10,0,5,0,1,3,5,8,0,1,4,3,6,5,0,0,1,1,6,6,9,4,5,5,10,6,2,9,3,4,8,0,7,3,4,8,7,6,1,0,0,6
n193,1,4,7,1,0,10,7,0,10,0,5,0,1,3,5,8,0,1,0,3,6,5,0,9,1,1,6,6,9,4,5,5,10,6,2,9,3,4,8,0,7,3,4,8,7,6,1,0,0,6
n204,4,4,7,8,0,10,7,0,0,9,9,0,1,10,0,4,1,1,0,7,6,7,2,5,6,1,6,6,3,0,0,5,10,6,2,9,3,0,9,2,10,3,4,8,7,6,1,3,1,6
n203,4,4,7,0,9,10,7,0,9,9,9,0,1,10,0,4,1,1,0,7,6,7,2,5,6,1,6,6,3,0,0,5,10,6,2,9,3,0,9,2,10,3,4,8,7,6,1,3,1,6
n206,4,4,7,0,0,10,7,0,3,9,9,9,1,10,0,4,1,1,7,7,6,7,2,5,6,1,6,6,3,0,0,5,10,6,2,9,3,0,9,2,0,3,4,8,7,6,1,3,1,6
n205,4,4,7,0,0,10,7,0,3,9,9,9,1,10,0,4,1,1,0,7,6,7,2,5,6,1,6,6,3,0,0,5,10,6,2,9,3,0,9,2,0,3,4,8,7,6,1,3,1,6
n210,4,4,7,0,0,10,7,2,0,9,9,6,1,10,10,4,1,1,1,7,6,7,2,5,6,1,6,6,3,0,0,5,10,6,2,9,3,4,9,2,8,3,4,8,7,6,1,3,1,6
n209,4,4,7,0,6,10,7,2,0,9,9,6,1,10,0,4,1,1,1,7,6,7,2,5,6,1,6,6,3,0,0,5,10,6,2,9,3,4,9,2,8,3,4,8,7,6,1,3,1,6
n212,4,4,7,8,0,10,7,2,0,9,9,6,1,10,10,4,1,1,1,7,6,7,2,5,6,1,6,6,3,0,0,5,10,6,2,9,3,4,9,2,8,3,4,8,7,6,1,3,1,6
n211,4,4,7,8,0,10,7,2,0,9,9,6,1,10,0,4,1,1,1,7,6,7,2,5,6,1,6,6,3,8,5,5,10,6,2,9,3,4,9,2,8,3,4,8,7,6,1,3,1,6
n218,4,4,7,3,10,10,7,7,0,9,9,0,1,10,8,4,4,1,7,7,6,7,0,5,6,1,6,6,3,0,8,5,10,6,2,9,3,4,9,2,1,3,4,8,7,6,1,3,1,6
n217,4,4,7,3,10,10,7,7,0,9,9,5,1,10,5,4,4,1,7,7,6,7,8,5,6,1,6,6,3,0,8,5,10,6,2,9,3,0,9,2,1,3,4,8,7,6,1,3,1,6
n220,4,4,7,3,10,10,7,7,6,9,9,10,1,10,0,4,4,1,0,7,6,7,0,5,6,1,6,6,3,0,8,5,10,6,2,9,3,9,9,2,0,3,4,8,7,6,1,3,1,6
n219,4,4,7,3,10,10,7,7,6,9,9,10,1,10,0,4,4,1,6,7,6,7,3,5,6,1,6,6,3,0,8,5,10,6,2,9,3,0,9,2,0,3,4,8,7,6,1,3,1,6
n224,4,4,7,3,10,10,7,0,6,9,9,1,1,10,0,4,4,1,4,7,6,7,0,5,6,1,6,6,3,0,8,5,10,6,2,9,3,8,9,2,0,3,4,8,7,6,1,3,1,6
n223,4,4,7,3,10,10,7,5,6,9,9,1,1,10,0,4,4,1,4,7,6,7,0,5,6,1,6,6,3,1,8,5,10,6,2,9,3,5,9,2,0,3,4,8,7,6,1,3,1,6
n226,4,4,7,3,10,10,7,0,0,9,9,1,1,10,0,4,4,1,3,7,6,7,0,5,6,1,6,6,3,5,8,5,10,6,2,9,3,0,9,2,8,3,4,8,7,6,1,3,1,6
n225,4,4,7,3,10,10,7,0,0,9,9,1,1,10,0,4,4,1,0,7,6,7,0,5,6,1,6,6,3,5,8,5,10,6,2,9,3,0,9,2,8,3,4,8,7,6,1,3,1,6
n234,10,4,7,2,0,10,7,4,0,9,9,6,1,6,0,4,3,1,2,7,6,7,0,5,8,1,6,6,0,6,0,5,10,6,2,9,7,10,7,2,4,3,4,8,7,5,1,3,0,6
n233,10,4,7,2,0,10,7,4,0,9,9,6,1,0,2,4,3,1,2,7,6,7,3,5,8,1,6,6,0,6,9,5,10,6,2,9,7,10,7,2,7,3,4,8,7,5,1,3,0,6
n236,10,4,7,2,6,10,7,4,2,9,9,8,1,0,0,4,3,1,2,7,6,0,0,5,8,1,6,6,3,6,0,5,10,6,2,9,7,10,7,2,7,3,4,8,7,5,1,3,4,6
n235,10,4,7,2,6,10,7,4,0,9,9,0,1,1,0,4,3,1,2,7,6,0,0,5,8,1,6,6,0,6,9,5,10,6,2,9,7,10,7,2,7,3,4,8,7,5,1,3,4,6
n240,10,4,7,2,0,10,7,0,0,9,9,8,1,2,0,4,3,1,1,7,6,4,8,5,8,1,6,6,0,6,3,5,10,6,2,9,7,10,10,2,0,3,4,8,7,5,1,3,3,6
n239,10,4,7,2,0,10,7,0,0,9,9,8,1,2,0,4,3,1,1,7,6,4,8,5,8,1,6,6,7,6,0,5,10,6,2,9,7,10,0,2,0,3,4,8,7,5,1,3,3,6
n242,10,4,7,2,5,10,7,0,6,9,9,8,1,2,0,4,3,1,0,7,6,4,0,5,8,1,6,6,0,6,0,5,10,6,2,9,7,10,0,2,2,3,4,8,7,5,1,3,3,6
n241,10,4,7,2,0,10,7,0,6,9,9,8,1,2,0,4,3,1,0,7,6,4,10,5,8,1,6,6,0,6,0,5,10,6,2,9,7,10,0,2,0,3,4,8,7,5,1,3,3,6
n248,3,4,7,2,0,10,7,2,9,9,9,8,1,9,0,4,3,1,0,7,6,0,2,5,3,1,6,6,0,6,0,5,10,6,2,9,7,10,7,2,6,3,4,8,7,9,1,3,0,6
n247,3,4,7,2,2,10,7,2,9,9,9,8,1,9,0,4,3,1,9,7,6,0,2,5,3,1,6,6,0,6,0,5,10,6,2,9,7,10,7,2,6,3,4,8,7,9,1,3,0,6
n250,3,4,7,2,6,10,7,2,0,9,9,6,1,9,5,4,3,1,0,7,6,0,2,5,0,1,6,6,3,6,0,5,10,6,2,9,7,10,7,2,6,3,4,8,7,9,1,3,7,6
n249,3,4,7,2,0,10,7,2,0,9,9,6,1,9,0,4,3,1,6,7,6,0,2,5,0,1,6,6,3,6,0,5,10,6,2,9,7,10,7,2,6,3,4,8,7,9,1,3,5,6
n254,1,4,7,2,7,10,7,0,0,9,9,0,1,0,0,4,3,1,10,7,6,2,2,5,3,1,6,6,0,6,6,5,10,6,2,9,7,10,7,2,6,3,4,8,7,9,1,3,0,6
n253,1,4,7,2,7,10,7,0,0,9,9,0,1,0,0,4,3,1,10,7,6,2,2,5,3,1,6,6,0,6,6,5,10,6,2,9,7,10,7,2,6,3,4,8,7,0,1,3,0,6
n256,7,4,7,2,7,10,7,0,3,9,9,0,1,0,4,4,3,1,0,7,6,2,2,5,10,1,6,6,6,6,6,5,10,6,2,9,7,10,7,2,6,3,4,8,7,0,1,3,8,6
n255,9,4,7,2,7,10,7,0,0,9,9,0,1,0,4,4,3,1,0,7,6,2,2,5,10,1,6,6,6,6,6,5,10,6,2,9,7,10,7,2,6,3,4,8,7,0,1,3,0,6
n270,10,3,1,7,9,3,7,1,6,10,10,0,0,7,6,9,7,0,10,9,9,7,9,6,3,1,6,3,7,1,0,5,9,6,2,9,6,8,3,10,10,3,1,10,2,0,1,0,4,7
n269,10,3,1,7,9,3,7,1,6,10,10,0,0,7,0,9,7,0,10,9,9,7,9,6,3,1,6,3,7,1,0,5,9,6,2,9,6,8,3,10,10,3,1,10,2,0,1,0,4,7
n272,0,3,1,7,9,3,7,1,0,10,10,10,10,7,0,9,7,0,10,9,9,7,9,6,3,1,6,3,7,1,0,5,9,6,2,9,6,8,3,10,10,3,1,10,2,0,1,0,4,7
n271,0,3,1,7,9,3,7,1,0,10,10,0,10,7,0,9,7,0,10,9,9,7,9,6,3,1,6,3,7,1,0,5,9,6,2,9,6,8,3,10,10,3,1,10,2,0,1,0,4,7
n276,0,3,1,7,9,3,7,1,6,10,10,0,0,7,0,9,6,0,10,9,9,10,9,6,3,1,6,3,7,0,5,5,9,6,2,9,6,8,3,10,10,3,1,10,2,0,1,0,4,7
n275,0,3,1,7,9,3,7,1,6,10,10,0,1,7,1,9,6,0,10,9,9,10,9,6,3,1,6,3,7,0,5,5,9,6,2,9,6,8,3,10,10,3,1,10,2,0,1,0,4,7
n278,0,3,1,7,9,3,7,1,4,10,10,10,1,7,0,9,6,0,10,9,9,7,9,6,3,1,6,3,7,0,10,5,9,6,2,9,6,8,3,10,10,3,1,10,2,10,1,0,4,7
n277,10,3,1,7,9,3,7,1,4,10,10,0,1,7,0,9,6,0,10,9,9,7,9,6,3,1,6,3,7,0,10,5,9,6,2,9,6,8,3,10,10,3,1,10,2,0,1,0,4,7
n284,5,3,1,7,9,3,7,1,6,10,10,5,0,7,0,9,0,0,0,9,9,5,9,6,3,1,6,7,7,6,4,5,9,6,2,9,6,8,3,10,10,3,1,10,2,0,1,9,0,7
n283,5,3,1,7,9,3,7,1,6,10,10,0,0,7,0,9,0,10,0,9,9,5,9,6,3,1,6,7,7,0,4,5,9,6,2,9,6,8,3,10,10,3,1,10,2,0,1,9,0,7
n286,5,3,1,7,9,3,7,1,6,10,10,0,0,7,5,9,0,0,0,9,9,5,9,6,3,1,6,7,7,0,8,5,9,6,2,9,6,8,3,10,10,3,1,10,2,0,1,9,0,7
n285,5,3,1,7,9,3,7,1,6,10,10,0,0,7,5,9,9,0,0,9,9,5,9,6,3,1,6,7,7,0,8,5,9,6,2,9,6,8,3,10,10,3,1,10,2,0,1,9,0,7
n290,5,3,1,7,9,3,7,1,6,10,10,3,2,7,6,9,0,0,10,9,9,5,9,6,3,1,6,0,7,0,0,5,9,6,2,9,6,8,3,10,10,3,1,10,2,0,1,0,0,7
n289,5,3,1,7,9,3,7,1,6,10,10,3,2,7,0,9,0,0,10,9,9,5,9,6,3,1,6,0,7,0,0,5,9,6,2,9,6,8,3,10,10,3,1,10,2,0,1,0,1,7
n292,5,3,1,7,9,3,7,1,6,10,10,3,0,7,1,9,0,0,10,9,9,5,9,6,3,1,6,0,7,0,3,5,9,6,2,9,6,8,3,10,10,3,1,10,2,0,1,0,7,7
n291,5,3,1,7,9,3,7,1,6,10,10,3,0,7,1,9,0,0,10,9,9,5,9,6,3,1,6,0,7,9,5,5,9,6,2,9,6,8,3,10,10,3,1,10,2,0,1,0,7,7
n300,8,3,1,7,9,3,7,9,7,10,10,2,0,7,9,9,0,0,1,9,9,0,0,8,1,1,6,0,7,0,1,5,2,6,2,9,6,4,3,10,10,3,1,10,2,0,1,0,0,7
n299,8,3,1,7,9,3,7,9,7,10,10,2,0,7,9,9,0,0,1,9,9,8,0,8,1,1,6,0,7,0,0,5,2,6,2,9,6,4,3,10,10,3,1,10,2,0,1,0,0,7
n302,8,3,1,7,9,3,7,9,7,10,10,2,2,7,7,9,0,10,1,9,9,0,0,8,1,1,6,10,7,5,0,5,0,6,2,9,6,0,3,10,10,3,1,10,2,0,1,0,0,7
n301,8,3,1,7,9,3,7,9,7,10,10,2,0,7,7,9,9,9,1,9,9,0,8,8,1,1,6,5,7,0,6,5,0,6,2,9,6,0,3,10,10,3,1,10,2,0,1,0,0,7
n306,8,3,1,7,9,3,7,9,7,10,10,2,0,7,5,9,0,0,1,9,9,0,0,8,1,1,6,0,7,3,5,5,1,6,2,9,6,6,3,10,10,3,1,10,2,2,1,0,0,7
n305,8,3,1,7,9,3,7,9,7,10,10,2,0,7,5,9,0,0,1,9,9,0,0,8,1,1,6,0,7,3,2,5,0,6,2,9,6,0,3,10,10,3,1,10,2,0,1,0,0,7
n308,8,3,1,7,9,3,7,9,7,10,10,2,9,7,5,9,0,6,1,9,9,4,0,8,1,1,6,8,7,3,0,5,9,6,2,9,6,0,3,10,10,3,1,10,2,0,1,0,0,7
n307,8,3,1,7,9,3,7,9,7,10,10,2,0,7,5,9,0,0,1,9,9,4,0,8,1,1,6,0,7,3,0,5,9,6,2,9,6,0,3,10,10,3,1,10,2,0,1,0,0,7
n314,8,3,1,7,9,3,7,1,7,10,10,0,8,7,0,9,10,0,1,9,9,6,0,8,0,1,6,4,7,7,7,5,0,6,2,9,6,0,3,10,10,3,1,10,2,1,1,7,4,7
n313,8,3,1,7,9,3,7,1,7,10,10,10,8,7,0,9,10,0,1,9,9,6,0,8,0,1,6,4,7,7,7,5,0,6,2,9,6,3,3,10,10,3,1,10,2,1,1,7,4,7
n316,8,3,1,7,9,3,7,1,7,10,10,6,8,7,1,9,10,0,1,9,9,6,0,8,0,1,6,3,7,7,0,5,0,6,2,9,6,0,3,10,10,3,1,10,2,1,1,1,4,7
n315,8,3,1,7,9,3,7,1,7,10,10,6,8,7,0,9,10,0,1,9,9,6,0,8,0,1,6,9,7,7,0,5,2,6,2,9,6,4,3,10,10,3,1,10,2,1,1,6,4,7
n320,8,3,1,7,9,3,7,1,7,10,10,10,8,7,4,9,0,0,1,9,9,6,6,8,9,1,6,5,7,1,0,5,5,6,2,9,6,0,3,10,10,3,1,10,2,1,1,7,4,7
n319,8,3,1,7,9,3,7,1,7,10,10,10,8,7,4,9,0,0,1,9,9,6,0,8,9,1,6,5,7,1,0,5,5,6,2,9,6,0,3,10,10,3,1,10,2,1,1,7,4,7
n322,8,3,1,7,9,3,7,1,7,10,10,10,8,7,5,9,4,0,1,9,9,6,0,8,0,1,6,5,7,1,0,5,5,6,2,9,6,8,3,10,10,3,1,10,2,1,1,9,4,7
n321,8,3,1,7,9,3,7,1,7,10,10,10,8,7,0,9,4,0,1,9,9,6,0,8,0,1,6,5,7,1,0,5,5,6,2,9,6,8,3,10,10,3,1,10,2,1,1,9,4,7
n332,0,3,1,7,9,0,7,0,8,0,10,5,1,3,0,9,0,6,5,9,10,5,8,0,0,1,6,6,2,9,0,5,3,6,2,9,6,6,4,10,10,3,1,10,9,3,1,0,3,7
n331,3,3,1,7,9,0,7,0,8,0,10,5,1,0,7,9,0,6,5,9,10,0,8,0,0,1,6,6,2,9,0,5,3,6,2,9,6,6,4,10,10,3,1,10,9,3,1,0,3,7
n334,5,3,1,7,9,8,7,0,8,3,10,5,1,0,0,9,4,6,0,9,10,0,8,0,0,1,6,6,2,9,10,5,3,6,2,9,6,6,4,10,10,3,1,10,9,3,1,1,3,7
n333,0,3,1,7,9,0,7,0,8,3,10,5,1,0,0,9,0,6,0,9,10,0,8,0,4,1,6,6,2,9,0,5,3,6,2,9,6,6,4,10,10,3,1,10,9,3,1,0,3,7
n338,0,3,1,7,9,1,7,1,0,2,10,5,1,9,0,9,0,6,0,9,10,9,0,0,1,1,6,6,2,9,4,5,3,6,2,9,6,6,4,10,10,3,1,10,9,3,1,8,3,7
n337,10,3,1,7,9,1,7,0,0,3,10,5,1,9,7,9,0,6,0,9,10,9,0,0,1,1,6,6,2,9,4,5,3,6,2,9,6,6,4,10,10,3,1,10,9,3,1,8,3,7
n340,0,3,1,7,9,1,7,0,0,0,10,5,1,9,0,9,1,6,0,9,10,9,0,0,1,1,6,6,2,9,0,5,3,6,2,9,6,6,4,10,10,3,1,10,9,3,1,4,3,7
n339,0,3,1,7,9,1,7,0,0,0,10,5,1,9,0,9,0,6,0,9,10,9,0,0,1,1,6,6,2,9,0,5,3,6,2,9,6,6,4,10,10,3,1,10,9,3,1,4,3,7
n346,3,3,1,7,9,8,7,0,5,9,10,5,1,1,9,9,10,6,8,9,10,1,0,0,0,1,6,6,2,9,0,5,3,6,2,9,6,6,4,10,10,3,1,10,9,3,1,3,3,7
n345,3,3,1,7,9,0,7,0,5,0,10,5,1,0,9,9,10,6,8,9,10,1,1,0,0,1,6,6,2,9,0,5,3,6,2,9,6,6,4,10,10,3,1,10,9,3,1,3,3,7
n348,1,3,1,7,9,0,7,0,5,0,10,5,1,0,9,9,9,6,8,9,10,1,0,0,2,1,6,6,2,9,5,5,3,6,2,9,6,6,4,10,10,3,1,10,9,3,1,3,3,7
n347,0,3,1,7,9,8,7,0,5,0,10,5,1,0,9,9,10,6,1,9,10,1,0,0,0,1,6,6,2,9,5,5,3,6,2,9,6,6,4,10,10,3,1,10,9,3,1,3,3,7
n352,1,3,1,7,9,0,7,3,6,0,10,5,1,8,9,9,3,6,0,9,10,0,0,0,0,1,6,6,2,9,0,5,3,6,2,9,6,6,4,10,10,3,1,10,9,3,1,3,3,7
n351,1,3,1,7,9,0,7,3,6,0,10,5,1,8,9,9,3,6,0,9,10,0,0,0,1,1,6,6,2,9,0,5,3,6,2,9,6,6,4,10,10,3,1,10,9,3,1,3,3,7
n354,1,3,1,7,9,0,7,0,8,0,10,5,1,8,9,9,3,6,0,9,10,3,0,0,10,1,6,6,2,9,0,5,3,6,2,9,6,6,4,10,10,3,1,10,9,3,1,3,3,7
n353,1,3,1,7,9,0,7,6,8,0,10,5,1,8,9,9,3,6,0,9,10,3,0,0,10,1,6,6,2,9,0,5,3,6,2,9,6,6,4,10,10,3,1,10,9,3,1,3,3,7
n362,0,3,1,7,9,4,7,5,4,0,10,5,0,0,8,9,5,6,10,9,7,8,6,0,7,1,6,6,2,3,0,5,10,6,2,9,6,0,4,10,10,3,1,10,3,3,1,7,0,7
n361,0,3,1,7,9,4,7,5,0,0,10,5,0,3,8,9,5,6,10,9,7,8,6,5,7,1,6,6,2,3,0,5,10,6,2,9,6,0,4,10,10,3,1,10,3,3,1,7,0,7
n364,0,3,1,7,9,4,7,5,10,0,10,5,2,0,8,9,5,6,10,9,7,8,6,0,7,1,6,6,2,3,0,5,10,6,2,9,6,0,4,10,10,3,1,10,3,3,1,7,0,7
n363,0,3,1,7,9,4,7,5,10,0,10,5,2,0,0,9,5,6,10,9,7,8,6,0,7,1,6,6,2,3,0,5,10,6,2,9,6,0,4,10,10,3,1,10,3,3,1,7,0,7
n368,7,3,1,7,9,9,7,5,9,2,10,5,0,5,0,9,5,6,10,9,7,8,0,0,7,1,6,6,2,3,9,5,10,6,2,9,6,0,4,10,10,3,1,10,0,3,1,7,0,7
n367,7,3,1,7,9,9,7,5,9,2,10,5,0,5,0,9,5,6,10,9,7,8,0,0,7,1,6,6,2,3,0,5,10,6,2,9,6,0,4,10,10,3,1,10,0,3,1,7,0,7
n370,7,3,1,7,9,9,7,5,9,6,10,5,0,5,0,9,5,6,10,9,7,8,0,0,7,1,6,6,2,3,0,5,10,6,2,9,6,5,4,10,10,3,1,10,3,3,1,7,0,7
n369,7,3,1,7,9,9,7,5,9,0,10,5,0,5,0,9,5,6,10,9,7,8,0,0,7,1,6,6,2,3,0,5,10,6,2,9,6,5,4,10,10,3,1,10,3,3,1,7,2,7
n376,0,3,1,7,9,8,7,0,0,7,10,5,0,0,4,9,5,6,10,9,9,8,0,0,7,1,6,6,2,3,9,5,0,6,2,9,6,0,4,10,10,3,1,10,0,3,1,8,6,7
n375,0,3,1,7,9,8,7,0,5,7,10,5,0,0,4,9,5,6,10,9,9,8,0,0,7,1,6,6,2,3,9,5,0,6,2,9,6,0,4,10,10,3,1,10,8,3,1,0,6,7
n378,0,3,1,7,9,10,7,0,6,7,10,5,0,6,4,9,5,6,10,9,9,8,0,0,7,1,6,6,2,3,5,5,8,6,2,9,6,0,4,10,10,3,1,10,0,3,1,7,6,7
n377,0,3,1,7,9,10,7,0,0,7,10,5,0,3,4,9,5,6,10,9,9,8,0,6,7,1,6,6,2,3,5,5,0,6,2,9,6,0,4,10,10,3,1,10,6,3,1,0,6,7
n382,2,3,1,7,9,4,7,0,7,0,10,5,0,0,0,9,5,6,10,9,9,8,9,3,7,1,6,6,2,3,6,5,0,6,2,9,6,0,4,10,10,3,1,10,0,3,1,5,0,7
n381,2,3,1,7,9,10,7,0,7,3,10,5,1,0,0,9,5,6,10,9,9,8,0,3,7,1,6,6,2,3,7,5,0,6,2,9,6,0,4,10,10,3,1,10,2,3,1,0,0,7
n384,0,3,1,7,9,0,7,0,0,0,10,5,9,0,0,9,5,6,10,9,9,8,3,3,7,1,6,6,2,3,9,5,0,6,2,9,6,0,4,10,10,3,1,10,0,3,1,0,0,7
n383,0,3,1,7,9,0,7,0,0,0,10,5,9,0,0,9,5,6,10,9,9,8,3,3,7,1,6,6,2,3,9,5,0,6,2,9,6,0,4,10,10,3,1,10,0,3,1,0,0,7
n396,10,3,1,0,9,2,7,0,0,10,10,6,1,0,7,0,0,0,0,9,1,2,0,0,10,1,6,0,4,1,0,5,4,6,2,9,6,7,7,10,6,3,0,3,4,0,1,6,9,7
n395,10,3,1,7,9,2,7,0,0,10,10,6,1,0,7,0,10,3,0,9,1,2,0,0,10,1,6,0,4,1,0,5,4,6,2,9,6,7,7,10,6,3,0,3,4,0,1,6,9,7
n398,10,3,1,2,9,0,7,0,8,10,10,6,1,0,7,3,0,0,7,9,1,2,0,0,10,1,6,0,0,1,0,5,4,6,2,9,6,7,7,10,9,3,0,3,4,0,1,6,9,7
n397,10,3,1,2,9,0,7,0,8,10,10,6,1,2,7,3,0,0,0,9,1,2,0,0,10,1,6,0,0,1,0,5,4,6,2,9,6,7,7,10,9,3,0,3,4,0,1,6,9,7
n402,0,3,1,4,9,0,7,8,2,10,10,6,4,0,7,0,0,1,0,9,1,2,0,7,10,1,6,0,10,1,9,5,4,6,2,9,6,7,7,10,1,3,1,3,4,5,1,0,9,7
n401,0,3,1,4,9,0,7,8,2,10,10,6,4,0,7,0,0,0,0,9,1,2,0,7,10,1,6,1,10,1,9,5,4,6,2,9,6,7,7,10,1,3,1,3,4,5,1,0,9,7
n404,0,3,1,4,9,0,7,8,2,10,10,6,0,8,7,0,0,0,3,9,1,2,0,0,10,1,6,0,10,1,9,5,4,6,2,9,6,7,7,10,1,3,0,3,4,5,1,6,9,7
n403,1,3,1,4,9,0,7,8,2,10,10,6,9,8,7,0,0,0,5,9,1,2,0,0,10,1,6,0,10,1,9,5,4,6,2,9,6,7,7,10,1,3,0,3,4,5,1,6,9,7
n410,6,3,1,0,9,10,7,7,6,10,10,6,10,0,7,1,9,0,0,9,1,2,0,0,10,1,6,6,9,1,10,5,0,6,2,9,6,7,7,10,0,3,0,3,4,9,1,0,9,7
n409,6,3,1,0,9,10,7,7,6,10,10,6,10,0,7,0,9,5,0,9,1,2,1,7,10,1,6,0,0,1,10,5,0,6,2,9,6,7,7,10,0,3,0,3,4,9,1,0,9,7
n412,6,3,1,0,9,10,7,7,6,10,10,6,10,0,7,0,9,0,0,9,1,2,0,0,10,1,6,4,5,1,0,5,0,6,2,9,6,7,7,10,9,3,0,3,4,0,1,7,9,7
n411,6,3,1,2,9,10,7,7,6,10,10,6,10,0,7,0,9,0,2,9,1,2,0,0,10,1,6,4,5,1,0,5,0,6,2,9,6,7,7,10,4,3,0,3,4,4,1,0,9,7
n416,6,3,1,0,9,0,7,7,6,10,10,6,10,0,7,0,9,0,0,9,1,2,1,2,10,1,6,0,0,1,0,5,0,6,2,9,6,7,7,10,0,3,9,3,4,0,1,0,9,7
n415,6,3,1,0,9,0,7,7,6,10,10,6,10,8,7,0,9,10,0,9,1,2,1,2,10,1,6,0,0,1,0,5,0,6,2,9,6,7,7,10,0,3,9,3,4,0,1,0,9,7
n418,6,3,1,2,9,0,7,7,6,10,10,6,10,0,7,0,9,0,0,9,1,2,0,2,10,1,6,7,6,1,0,5,0,6,2,9,6,7,7,10,0,3,0,3,4,3,1,0,9,7
n417,6,3,1,2,9,0,7,7,6,10,10,6,10,1,7,0,9,0,0,9,1,2,0,2,10,1,6,0,6,1,0,5,10,6,2,9,6,7,7,10,3,3,3,3,4,3,1,0,9,7
n426,7,3,1,0,9,0,7,0,6,10,10,7,0,6,10,10,6,0,1,9,1,2,9,0,10,1,6,7,0,1,0,5,0,6,2,9,6,4,7,10,0,3,0,3,4,0,1,2,9,7
n425,7,3,1,0,9,0,7,0,9,10,10,7,0,6,10,10,6,0,1,9,1,2,9,0,10,1,6,7,9,1,3,5,0,6,2,9,6,4,7,10,0,3,0,3,4,0,1,2,9,7
n428,7,3,1,0,9,0,7,1,0,10,10,7,0,6,10,10,6,0,0,9,1,2,0,4,10,1,6,7,0,1,5,5,0,6,2,9,6,4,7,10,6,3,0,3,4,0,1,2,9,7
n427,7,3,1,0,9,0,7,0,0,10,10,7,0,6,10,10,6,0,0,9,1,2,0,7,10,1,6,7,0,1,5,5,0,6,2,9,6,4,7,10,0,3,0,3,4,0,1,2,9,7
n432,7,3,1,9,9,0,7,0,3,10,10,7,0,3,10,3,6,8,0,9,1,2,5,8,10,1,6,0,0,1,0,5,2,6,2,9,6,4,7,10,0,3,1,3,4,0,1,2,9,7
n431,7,3,1,9,9,0,7,4,0,10,10,7,0,3,10,3,6,8,8,9,1,2,0,8,10,1,6,0,3,1,0,5,2,6,2,9,6,4,7,10,0,3,1,3,4,0,1,2,9,7
n434,7,3,1,0,9,0,7,0,0,10,10,7,6,3,10,0,6,1,0,9,1,2,0,0,10,1,6,0,6,1,0,5,2,6,2,9,6,4,7,10,0,3,1,3,4,1,1,2,9,7
n433,7,3,1,0,9,0,7,0,0,10,10,7,6,3,10,0,6,1,0,9,1,2,0,0,10,1,6,0,5,1,0,5,2,6,2,9,6,4,7,10,6,3,1,3,4,1,1,2,9,7
n440,7,3,1,6,9,8,7,0,4,10,10,6,3,0,7,5,0,0,9,9,1,2,0,5,10,1,6,6,6,1,0,5,9,6,2,9,6,1,7,10,8,3,0,3,4,0,1,2,9,7
n439,7,3,1,6,9,8,7,0,4,10,10,6,3,2,7,5,0,0,9,9,1,2,0,5,10,1,6,0,0,1,0,5,9,6,2,9,6,1,7,10,8,3,0,3,4,0,1,2,9,7
n442,7,3,1,6,9,8,7,5,4,10,10,6,3,5,0,5,0,0,9,9,1,2,7,5,10,1,6,0,1,1,0,5,0,6,2,9,6,1,7,10,8,3,0,3,4,0,1,2,9,7
n441,7,3,1,6,9,8,7,5,4,10,10,6,3,0,0,5,9,7,9,9,1,2,6,5,10,1,6,0,1,1,2,5,1,6,2,9,6,1,7,10,8,3,7,3,4,0,1,2,9,7
n446,7,3,1,0,9,0,7,8,0,10,10,0,3,0,4,5,9,7,0,9,1,2,7,0,10,1,6,7,2,1,1,5,10,6,2,9,6,0,7,10,8,3,7,3,4,0,1,2,9,7
n445,7,3,1,5,9,0,7,8,0,10,10,1,3,2,4,5,9,7,0,9,1,2,7,0,10,1,6,0,0,1,1,5,10,6,2,9,6,0,7,10,8,3,0,3,4,0,1,2,9,7
n448,7,3,1,0,9,0,7,8,0,10,10,0,3,2,4,0,0,0,0,9,1,2,7,0,10,1,6,0,5,1,1,5,0,6,2,9,6,0,7,10,8,3,9,3,4,0,1,2,9,7
n447,7,3,1,0,9,0,7,8,9,10,10,10,3,2,4,0,0,0,0,9,1,2,7,0,10,1,6,0,5,1,1,5,4,6,2,9,6,0,7,10,8,3,9,3,4,0,1,2,9,7
n458,6,3,1,7,9,1,7,5,2,10,10,6,10,4,1,9,4,6,7,9,7,2,4,0,10,1,6,3,0,9,4,5,4,6,2,9,6,2,7,10,7,3,9,0,4,10,1,10,0,7
n457,6,3,1,7,9,1,7,5,2,10,10,6,10,4,1,9,4,6,7,9,7,2,4,0,10,1,6,0,2,9,4,5,4,6,2,9,6,2,7,10,7,3,0,8,4,10,1,0,0,7
n460,6,3,1,1,9,1,7,5,2,10,10,6,10,4,1,9,4,0,7,9,7,2,1,0,10,1,6,0,5,9,4,5,4,6,2,9,6,2,7,10,7,3,0,0,4,10,1,0,0,7
n459,6,3,1,0,9,1,7,5,2,10,10,6,10,4,1,9,4,0,7,9,7,2,0,0,10,1,6,9,5,9,4,5,4,6,2,9,6,2,7,10,7,3,2,0,4,10,1,7,0,7
n464,6,3,1,10,9,1,7,5,2,10,10,0,10,0,1,2,4,0,7,9,0,2,8,0,2,1,6,8,0,9,4,5,0,6,2,9,6,2,7,10,7,3,0,7,4,10,1,9,0,7
n463,6,3,1,0,9,1,7,5,2,10,10,0,10,7,1,2,4,7,7,9,0,2,8,0,2,1,6,8,1,9,4,5,0,6,2,9,6,2,7,10,7,3,0,7,4,10,1,9,0,7
n466,6,3,1,0,9,1,7,5,2,10,10,7,10,0,1,0,4,0,7,9,0,2,3,0,0,1,6,8,0,9,4,5,0,6,2,9,6,2,7,10,7,3,8,0,4,10,1,0,0,7
n465,6,3,1,7,9,1,7,5,2,10,10,0,10,0,1,0,4,0,7,9,0,2,3,0,0,1,6,8,0,9,4,5,0,6,2,9,6,2,7,10,7,3,0,5,4,10,1,0,0,7
n472,0,3,1,0,9,0,7,5,2,10,10,6,10,8,1,0,5,10,0,9,2,2,0,4,0,1,6,9,2,9,3,5,1,6,2,9,6,9,7,10,7,3,7,0,4,10,1,8,0,7
n471,0,3,1,0,9,0,7,5,2,10,10,6,10,8,1,0,5,9,0,9,8,2,10,4,0,1,6,6,2,9,9,5,0,6,2,9,6,9,7,10,7,3,0,0,4,10,1,0,0,7
n474,0,3,1,2,9,0,7,5,2,10,10,6,10,8,1,0,5,0,5,9,1,2,0,4,0,1,6,10,2,9,3,5,0,6,2,9,6,9,7,10,7,3,0,7,4,10,1,3,0,7
n473,0,3,1,0,9,0,7,5,2,10,10,6,10,8,1,0,5,0,5,9,10,2,0,4,0,1,6,10,2,9,0,5,3,6,2,9,6,9,7,10,7,3,0,7,4,10,1,3,0,7
n478,0,3,1,0,9,1,7,5,2,10,10,6,10,8,1,6,8,1,0,9,7,2,0,4,0,1,6,0,2,9,8,5,5,6,2,9,6,9,7,10,7,3,0,7,4,10,1,1,0,7
n477,0,3,1,1,9,1,7,5,2,10,10,6,10,8,1,6,0,1,3,9,7,2,0,4,0,1,6,0,2,9,8,5,5,6,2,9,6,9,7,10,7,3,0,0,4,10,1,1,0,7
n480,6,3,1,0,9,6,7,5,2,10,10,6,10,8,1,0,0,1,0,9,7,2,0,4,0,1,6,3,2,9,8,5,5,6,2,9,6,9,7,10,7,3,9,7,4,10,1,0,6,7
n479,6,3,1,0,9,0,7,5,2,10,10,6,10,8,1,0,0,1,0,9,7,2,0,4,0,1,6,3,2,9,8,5,5,6,2,9,6,9,7,10,7,3,9,7,4,10,1,0,0,7
n488,0,3,1,5,9,0,7,5,2,10,10,1,8,1,7,1,6,0,3,9,8,2,0,9,9,1,6,0,2,9,7,5,9,6,2,9,6,10,7,10,7,3,0,0,4,6,1,4,7,7
n487,2,3,1,0,9,10,7,5,2,10,10,1,8,1,7,1,6,0,0,9,8,2,0,9,9,1,6,0,2,9,7,5,9,6,2,9,6,10,7,10,7,3,0,0,4,6,1,6,0,7
n490,0,3,1,0,9,0,7,5,8,10,10,1,8,7,0,0,6,0,10,9,8,2,5,9,9,1,6,0,2,9,7,5,9,6,2,9,6,10,7,10,7,3,0,0,4,6,1,0,0,7
n489,0,3,1,0,9,0,7,5,8,10,10,1,8,0,1,0,6,0,0,9,8,2,0,9,9,1,6,0,2,9,7,5,9,6,2,9,6,10,7,10,7,3,0,0,4,6,1,0,4,7
n494,9,3,1,0,9,8,7,5,0,10,10,1,0,9,7,0,6,0,7,9,8,2,8,9,9,1,6,8,6,9,7,5,9,6,2,9,6,10,7,10,7,3,7,7,4,0,1,3,3,7
n493,9,3,1,0,9,8,7,5,0,10,10,1,0,9,7,0,6,0,7,9,8,2,8,9,9,1,6,0,6,9,7,5,9,6,2,9,6,10,7,10,7,3,0,7,4,0,1,0,0,7
n496,9,3,1,0,9,8,7,5,0,10,10,1,8,7,7,9,6,0,0,9,8,2,0,9,9,1,6,0,6,9,7,5,9,6,2,9,6,10,7,10,7,3,0,7,4,5,1,9,0,7
n495,9,3,1,7,9,8,7,5,0,10,10,1,8,0,7,10,6,0,0,9,8,2,8,9,9,1,6,0,6,9,7,5,9,6,2,9,6,10,7,10,7,3,1,7,4,0,1,5,0,7
n502,0,3,1,1,9,6,7,5,7,10,10,0,0,5,0,0,6,0,9,9,4,2,2,9,0,1,6,8,3,9,6,5,9,6,2,9,6,10,7,10,7,3,0,0,4,7,1,1,4,7
n501,0,3,1,1,9,6,7,5,0,10,10,5,0,0,0,7,6,0,9,9,4,2,2,9,0,1,6,8,3,9,6,5,9,6,2,9,6,10,7,10,7,3,0,4,4,7,1,1,4,7
n504,1,3,1,1,9,0,7,5,0,10,10,6,0,0,0,0,6,3,9,9,4,2,2,9,0,1,6,8,3,9,0,5,9,6,2,9,6,10,7,10,7,3,0,0,4,3,1,1,4,7
n503,1,3,1,1,9,6,7,5,1,10,10,0,10,0,0,0,6,3,9,9,4,2,2,9,0,1,6,8,3,9,0,5,9,6,2,9,6,10,7,10,7,3,0,0,4,0,1,1,4,7
n508,2,3,1,1,9,0,7,5,2,10,10,0,0,9,0,0,6,5,9,9,4,2,5,9,0,1,6,0,4,9,0,5,9,6,2,9,6,10,7,10,7,3,0,2,4,0,1,1,4,7
n507,2,3,1,1,9,0,7,5,2,10,10,5,0,9,3,3,6,5,9,9,4,2,5,9,0,1,6,0,4,9,0,5,9,6,2,9,6,10,7,10,7,3,0,2,4,0,1,1,4,7
n510,2,3,1,1,9,0,7,5,2,10,10,0,0,3,0,3,6,5,9,9,4,2,5,9,0,1,6,8,4,9,0,5,9,6,2,9,6,10,7,10,7,3,0,0,4,0,1,1,0,7
n509,2,3,1,1,9,0,7,5,2,10,10,0,0,3,0,6,6,5,9,9,4,2,5,9,0,1,6,8,4,9,0,5,9,6,2,9,6,10,7,10,7,3,0,0,4,0,1,1,1,7
