cell,r1,r2,r3,r4,r5,r6,r7,r8,r9,r10,r11,r12,r13,r14,r15,r16,r17,r18,r19,r20,r21,r22,r23,r24,r25,r26,r27,r28,r29,r30,r31,r32,r33,r34,r35,r36,r37,r38,r39,r40,r41,r42,r43,r44,r45,r46,r47,r48,r49,r50,r51,r52,r53,r54,r55,r56,r57,r58,r59,r60,r61,r62,r63,r64,r65,r66,r67,r68,r69,r70
n16,6,3,3,4,3,6,7,9,4,3,8,0,3,3,3,1,0,4,0,0,4,0,1,0,1,2,3,4,0,7,2,0,5,2,1,10,7,4,0,8,6,8,10,0,9,10,8,10,1,9,10,10,10,2,7,1,1,5,7,5,7,9,2,10,3,8,6,3,6,6
n15,6,3,3,4,3,6,7,9,4,3,8,0,3,3,3,1,0,4,0,3,4,0,1,0,1,2,3,4,0,7,2,0,5,2,1,10,7,4,0,8,6,8,10,6,9,10,8,10,1,9,10,10,10,2,7,1,1,5,7,5,7,9,2,10,3,8,6,3,6,6
n18,6,0,3,4,3,6,7,9,4,3,8,6,3,3,0,1,0,4,0,0,4,6,1,9,1,2,3,4,0,0,2,0,5,2,1,10,7,4,10,8,6,8,10,0,9,10,8,10,1,9,10,10,10,2,7,1,1,5,7,5,7,9,2,10,3,8,6,1,6,6
n17,6,0,3,4,3,6,7,9,4,3,8,0,3,3,0,1,0,4,0,0,4,6,1,9,1,2,3,4,0,6,2,0,5,2,1,10,7,4,10,8,6,8,10,0,9,10,8,10,1,9,10,10,10,2,7,1,1,5,7,5,7,9,2,10,3,8,6,7,6,6
n22,6,0,3,4,3,6,7,9,4,0,8,3,3,3,0,1,7,4,0,0,4,0,1,0,1,2,3,4,0,3,2,0,5,2,1,10,4,4,0,8,6,8,10,0,9,10,8,10,1,9,10,10,0,2,7,1,1,0,7,5,7,9,2,10,3,8,6,2,6,6
n21,6,0,3,4,3,6,7,9,4,0,8,3,3,3,1,1,7,4,0,0,4,0,1,4,1,2,3,4,0,3,2,0,5,2,1,10,4,4,0,8,6,8,10,5,9,10,8,10,1,9,10,10,0,2,7,1,1,5,7,5,7,9,2,10,3,8,6,2,6,6
n24,6,0,3,4,3,6,7,9,4,7,8,0,3,3,0,1,7,4,0,0,4,0,1,3,1,2,3,4,0,0,2,3,5,2,1,10,0,4,0,8,6,8,10,8,9,10,8,10,1,9,10,10,2,2,7,1,1,0,7,5,7,9,2,10,3,8,6,2,6,6
n23,6,0,3,4,3,6,7,9,4,0,8,0,3,3,0,1,7,4,0,6,4,8,1,3,1,2,3,4,10,0,2,0,5,2,1,10,0,4,0,8,6,8,10,8,9,10,8,10,1,9,10,10,2,2,7,1,1,0,7,5,7,9,2,10,3,8,6,2,6,6
n30,6,0,3,4,3,6,7,9,8,0,0,4,3,4,9,1,9,4,0,10,4,7,1,2,1,2,3,4,9,0,2,0,0,2,1,10,8,4,0,8,0,8,10,9,9,10,8,10,1,9,10,10,0,2,7,2,1,5,7,5,7,9,2,10,3,8,6,0,6,1
n29,6,5,3,4,3,6,7,9,8,0,0,4,3,4,9,1,9,4,0,10,4,7,1,0,1,2,3,4,9,4,2,0,0,2,1,10,3,4,0,8,0,8,10,9,9,10,8,10,1,9,10,10,0,2,7,0,1,5,7,5,7,9,2,10,3,8,6,3,6,1
n32,6,0,3,4,3,6,7,9,0,0,0,0,3,5,9,1,6,4,0,10,4,7,1,0,1,2,3,4,9,0,2,0,3,2,1,10,0,4,2,8,0,8,10,0,9,10,8,10,1,9,10,10,10,2,7,5,1,5,7,5,7,9,2,10,3,8,6,0,6,1
n31,6,0,3,4,3,6,7,9,0,3,0,0,3,5,9,1,0,4,0,10,4,7,1,4,1,2,3,4,9,9,2,0,3,2,1,10,0,4,2,8,0,8,10,0,9,10,8,10,1,9,10,10,0,2,7,5,1,5,7,5,7,9,2,10,3,8,6,0,6,1
n36,6,0,3,4,3,6,7,9,4,4,0,5,3,5,7,1,0,4,5,2,4,7,1,7,1,2,3,4,9,0,2,0,0,2,1,10,0,4,0,8,0,8,10,0,9,10,8,10,1,9,10,10,0,2,7,0,1,5,7,5,7,9,2,10,3,8,6,1,6,1
n35,6,0,3,4,3,6,7,9,4,4,0,5,3,0,7,1,0,4,5,0,4,7,1,7,1,2,3,4,9,0,2,0,0,2,1,10,0,4,0,8,0,8,10,0,9,10,8,10,1,9,10,10,0,2,7,0,1,5,7,5,7,9,2,10,3,8,6,1,6,1
n38,6,0,3,4,3,6,7,9,4,0,1,5,3,0,7,1,0,4,5,7,4,7,1,3,1,2,3,4,9,5,2,5,9,2,1,10,0,4,0,8,0,8,10,7,9,10,8,10,1,9,10,10,0,2,7,0,1,5,7,5,7,9,2,10,3,8,6,1,6,1
n37,6,0,3,4,3,6,7,9,4,0,0,5,3,0,7,1,0,4,5,7,4,7,1,3,1,2,3,4,9,5,2,0,9,2,1,10,0,4,0,8,0,8,10,7,9,10,8,10,1,9,10,10,0,2,7,0,1,5,7,5,7,9,2,10,3,8,6,1,6,1
n46,6,0,3,4,3,6,3,9,1,3,0,0,3,7,0,1,10,4,2,6,4,0,1,10,1,2,3,4,5,2,2,1,0,2,1,10,0,4,10,8,10,8,10,3,9,10,8,10,1,9,10,10,5,2,7,5,1,5,7,5,7,9,2,10,3,8,6,2,6,0
n45,6,0,3,4,3,6,3,9,1,3,0,0,3,7,1,1,10,4,2,6,4,6,1,10,1,2,3,4,5,2,2,1,0,2,1,10,1,4,10,8,10,8,10,3,9,10,8,10,1,9,10,10,5,2,7,5,1,5,7,5,7,9,2,10,3,8,6,2,6,0
n48,6,0,3,4,3,6,4,9,1,3,0,0,3,7,0,1,10,4,10,6,4,0,1,10,1,2,3,4,5,2,2,1,0,2,1,10,0,4,10,8,10,8,10,3,9,10,8,10,1,9,10,10,8,2,7,5,1,5,7,5,7,9,2,10,3,8,6,2,6,0
n47,6,0,3,4,3,6,4,9,1,3,0,0,3,7,0,1,10,4,10,6,4,0,1,10,1,2,3,4,5,2,2,1,0,2,1,10,0,4,10,8,10,8,10,3,9,10,8,10,1,9,10,10,0,2,7,5,1,5,7,5,7,9,2,10,3,8,6,2,6,0
n52,6,0,3,4,3,6,0,9,10,0,0,8,3,7,0,1,10,4,9,6,4,0,1,0,1,2,3,4,7,2,2,0,1,2,1,10,0,4,10,8,10,8,10,3,9,10,8,10,1,9,10,10,0,2,7,5,1,9,7,5,7,9,2,10,3,8,6,2,6,6
n51,6,0,3,4,3,6,0,9,10,0,8,0,3,7,10,1,10,4,9,6,4,8,1,0,1,2,3,4,0,2,2,0,1,2,1,10,0,4,10,8,10,8,10,3,9,10,8,10,1,9,10,10,6,2,7,5,1,5,7,5,7,9,2,10,3,8,6,2,6,6
n54,6,0,3,4,3,6,1,9,10,0,10,2,3,7,0,1,10,4,0,6,4,0,1,0,1,2,3,4,6,2,2,0,0,2,1,10,0,4,10,8,10,8,10,3,9,10,8,10,1,9,10,10,0,2,7,5,1,0,7,5,7,9,2,10,3,8,6,2,6,0
n53,6,0,3,4,3,6,0,9,10,5,10,0,3,7,0,1,10,4,1,6,4,0,1,0,1,2,3,4,6,2,2,9,0,2,1,10,0,4,10,8,10,8,10,3,9,10,8,10,1,9,10,10,1,2,7,5,1,5,7,5,7,9,2,10,3,8,6,2,6,0
n60,6,4,3,4,3,6,0,9,4,9,0,0,3,7,6,1,10,4,6,7,4,0,1,9,1,2,3,4,8,2,2,4,0,2,1,10,1,4,2,8,0,8,10,7,9,10,8,10,1,9,10,10,7,2,7,9,1,6,7,5,7,9,2,10,3,8,6,6,6,5
n59,6,4,3,4,3,6,0,9,4,9,0,0,3,7,6,1,10,4,6,7,4,0,1,9,1,2,3,4,8,2,2,9,0,2,1,10,1,4,2,8,0,8,10,7,9,10,8,10,1,9,10,10,7,2,7,9,1,6,7,5,7,9,2,10,3,8,6,6,6,5
n62,6,4,3,4,3,6,8,9,4,9,4,5,3,7,6,1,10,4,3,0,4,9,1,9,1,2,3,4,8,2,2,0,0,2,1,10,1,4,2,8,0,8,10,7,9,10,8,10,1,9,10,10,7,2,7,9,1,6,7,5,7,9,2,10,3,8,6,6,6,5
n61,6,4,3,4,3,6,0,9,4,9,4,5,3,7,6,1,10,4,3,7,4,9,1,9,1,2,3,4,8,2,2,0,0,2,1,10,1,4,2,8,0,8,10,7,9,10,8,10,1,9,10,10,7,2,7,9,1,6,7,5,7,9,2,10,3,8,6,6,6,5
n66,6,4,3,4,3,6,10,9,4,0,0,7,3,7,6,1,10,4,4,2,4,4,1,9,1,2,3,4,8,2,2,0,0,2,1,10,0,4,2,8,0,8,10,8,9,10,8,10,1,9,10,10,1,2,7,9,1,6,7,5,7,9,2,10,3,8,6,6,6,5
n65,6,4,3,4,3,6,10,9,4,0,0,0,3,7,6,1,10,4,4,0,4,4,1,9,1,2,3,4,8,2,2,0,0,2,1,10,0,4,2,8,0,8,10,8,9,10,8,10,1,9,10,10,0,2,7,9,1,6,7,5,7,9,2,10,3,8,6,6,6,5
n68,6,4,3,4,3,6,0,9,4,0,7,0,3,7,6,1,10,4,4,0,4,4,1,9,1,2,3,4,8,2,2,0,4,2,1,10,0,4,2,8,0,8,10,8,9,10,8,10,1,9,10,10,0,2,7,9,1,6,7,5,7,9,2,10,3,8,6,6,6,5
n67,6,4,3,4,3,6,0,9,4,0,0,4,3,7,6,1,10,4,4,3,4,4,1,9,1,2,3,4,8,2,2,0,4,2,1,10,0,4,2,8,0,8,10,8,9,10,8,10,1,9,10,10,0,2,7,9,1,6,7,5,7,9,2,10,3,8,6,6,6,5
n78,6,5,3,7,3,6,7,9,4,2,8,2,3,0,8,2,4,4,0,0,4,0,1,0,1,2,3,5,6,4,2,0,10,2,3,9,2,0,0,8,0,8,10,8,9,10,8,10,1,9,10,10,10,2,7,0,1,0,7,5,7,9,2,10,3,8,6,9,6,10
n77,6,5,3,7,3,6,7,9,4,0,8,2,3,0,8,2,4,4,0,0,4,0,1,0,1,2,3,5,6,4,2,0,10,2,3,9,2,0,0,8,0,8,10,0,9,10,8,10,1,9,10,10,10,2,7,0,1,0,7,5,7,9,2,10,3,8,6,9,6,0
n80,6,5,3,7,3,6,7,9,4,7,8,2,3,0,8,2,4,4,1,0,4,0,1,0,1,2,3,5,6,4,2,0,10,2,3,9,2,0,7,8,0,8,10,0,9,10,8,10,1,9,10,10,10,2,7,0,1,6,7,5,7,9,2,10,3,8,6,9,6,5
n79,6,5,3,7,3,6,7,9,4,7,8,2,3,0,8,2,4,4,1,1,4,0,1,0,1,2,3,5,6,4,2,0,10,2,3,9,2,0,0,8,0,8,10,0,9,10,8,10,1,9,10,10,10,2,7,0,1,6,7,5,7,9,2,10,3,8,6,9,6,7
n84,6,5,3,7,3,6,10,9,4,8,8,2,3,0,8,2,4,4,0,4,4,4,1,0,1,2,3,5,6,4,2,0,10,2,2,9,7,0,10,8,8,8,10,5,9,10,8,10,1,9,10,10,10,2,7,8,1,7,7,5,7,9,2,10,3,8,6,9,6,0
n83,6,5,3,7,3,6,10,9,4,0,8,2,3,0,8,2,4,4,0,4,4,4,1,0,1,2,3,5,6,4,2,0,10,2,2,9,7,0,10,8,8,8,10,5,9,10,8,10,1,9,10,10,10,2,7,8,1,7,7,5,7,9,2,10,3,8,6,9,6,5
n86,6,5,3,7,3,6,0,9,4,0,8,2,3,0,8,2,4,4,0,4,4,3,1,0,1,2,3,5,6,4,2,0,10,2,0,9,7,0,10,8,8,8,10,0,9,10,8,10,1,9,10,10,10,2,7,3,1,7,7,5,7,9,2,10,3,8,6,9,6,0
n85,6,5,3,7,3,6,6,9,4,0,8,2,3,7,8,2,4,4,0,4,4,3,1,0,1,2,3,5,6,4,2,0,10,2,0,9,7,0,10,8,8,8,10,0,9,10,8,10,1,9,10,10,10,2,7,3,1,7,7,5,7,9,2,10,3,8,6,9,6,2
n92,6,5,3,7,3,6,9,9,0,10,8,2,3,0,8,2,4,4,8,9,4,0,1,0,1,2,3,5,0,4,2,0,10,2,1,9,0,0,5,8,6,8,10,2,9,10,8,10,1,9,10,10,8,2,7,5,1,0,7,5,7,9,2,10,3,8,6,9,6,7
n91,6,5,3,7,3,6,9,9,0,0,8,2,3,0,8,2,4,4,8,0,4,0,1,0,1,2,3,5,5,4,2,0,10,2,1,9,0,0,5,8,6,8,10,0,9,10,8,10,1,9,10,10,8,2,7,0,1,0,7,5,7,9,2,10,3,8,6,9,6,7
n94,6,5,3,7,3,6,10,9,0,0,8,2,3,0,8,2,4,4,8,0,4,0,1,0,1,2,3,5,0,4,2,0,10,2,0,9,0,4,0,8,6,8,10,0,9,10,8,10,1,9,10,10,8,2,7,0,1,0,7,5,7,9,2,10,3,8,6,9,6,7
n93,6,5,3,7,3,6,0,9,0,0,8,2,3,0,8,2,4,4,8,10,4,0,1,9,1,2,3,5,9,4,2,0,10,2,0,9,0,2,0,8,6,8,10,0,9,10,8,10,1,9,10,10,8,2,7,4,1,0,7,5,7,9,2,10,3,8,6,9,6,7
n98,6,5,3,7,3,6,8,9,0,0,8,2,3,0,8,2,4,4,8,5,4,0,1,0,1,2,3,5,0,4,2,6,10,2,0,9,0,0,2,8,0,8,10,10,9,10,8,10,1,9,10,10,8,2,7,0,1,0,7,5,7,9,2,10,3,8,6,9,6,4
n97,6,5,3,7,3,6,0,9,0,0,8,2,3,8,8,2,4,4,8,0,4,0,1,0,1,2,3,5,5,4,2,6,10,2,0,9,5,0,2,8,1,8,10,0,9,10,8,10,1,9,10,10,8,2,7,7,1,0,7,5,7,9,2,10,3,8,6,9,6,4
n100,6,5,3,7,3,6,4,9,0,6,8,2,3,0,8,2,4,4,8,0,4,2,1,0,1,2,3,5,4,4,2,6,10,2,10,9,0,0,2,8,0,8,10,0,9,10,8,10,1,9,10,10,8,2,7,0,1,0,7,5,7,9,2,10,3,8,6,9,6,0
n99,6,5,3,7,3,6,4,9,0,0,8,2,3,0,8,2,4,4,8,0,4,0,1,0,1,2,3,5,4,4,2,6,10,2,0,9,0,1,2,8,0,8,10,0,9,10,8,10,1,9,10,10,8,2,7,3,1,0,7,5,7,9,2,10,3,8,6,9,6,0
n108,6,0,3,7,3,6,5,9,9,0,8,2,3,0,8,2,9,4,3,0,4,1,1,0,1,2,3,0,0,4,2,9,10,2,6,0,0,4,9,8,9,8,10,7,9,10,8,10,1,9,10,10,0,2,7,0,1,0,7,5,7,9,2,10,3,8,6,0,6,1
n107,6,0,3,7,3,6,5,9,9,0,8,2,3,0,8,2,9,4,3,0,4,0,1,0,1,2,3,6,0,4,2,9,10,2,0,0,0,0,9,8,9,8,10,7,9,10,8,10,1,9,10,10,0,2,7,0,1,0,7,5,7,9,2,10,3,8,6,0,6,1
n110,6,0,3,7,3,6,5,9,0,7,8,2,3,8,8,2,9,4,3,0,4,0,1,0,1,2,3,0,8,4,2,9,10,2,0,0,0,0,9,8,9,8,10,0,9,10,8,10,1,9,10,10,0,2,7,10,1,0,7,5,7,9,2,10,3,8,6,0,6,1
n109,6,0,3,7,3,6,5,9,0,7,8,2,3,0,8,2,9,4,3,0,4,5,1,10,1,2,3,0,0,4,2,9,10,2,0,0,0,0,9,8,9,8,10,0,9,10,8,10,1,9,10,10,0,2,7,10,1,0,7,5,7,9,2,10,3,8,6,0,6,1
n114,6,1,3,7,3,6,5,9,0,5,8,2,3,10,8,2,9,4,3,3,4,0,1,9,1,2,3,3,0,4,2,1,10,2,4,0,10,0,9,8,0,8,10,8,9,10,8,10,1,9,10,10,0,2,7,0,1,1,7,5,7,9,2,10,3,8,6,0,6,1
n113,6,0,3,7,3,6,5,9,0,5,8,2,3,0,8,2,9,4,3,3,4,0,1,9,1,2,3,3,0,4,2,1,10,2,4,0,0,0,9,8,0,8,10,8,9,10,8,10,1,9,10,10,0,2,7,0,1,1,7,5,7,9,2,10,3,8,6,6,6,1
n116,6,0,3,7,3,6,5,9,0,0,8,2,3,1,8,2,9,4,3,3,4,8,1,9,1,2,3,0,0,4,2,0,10,2,4,0,0,0,9,8,7,8,10,0,9,10,8,10,1,9,10,10,2,2,7,2,1,1,7,5,7,9,2,10,3,8,6,0,6,1
n115,6,0,3,7,3,6,5,9,0,0,8,2,3,1,8,2,9,4,3,3,4,8,1,9,1,2,3,0,0,4,2,0,10,2,4,0,9,0,9,8,0,8,10,0,9,10,8,10,1,9,10,10,8,2,7,2,1,1,7,5,7,9,2,10,3,8,6,0,6,1
n122,6,0,3,7,3,6,5,9,0,0,8,2,3,0,8,2,2,4,6,0,4,3,1,7,1,2,3,5,0,4,2,8,10,2,0,1,0,0,9,8,6,8,10,0,9,10,8,10,1,9,10,10,0,2,7,7,1,0,7,5,7,9,2,10,3,8,6,0,6,1
n121,6,0,3,7,3,6,5,9,0,0,8,2,3,0,8,2,2,4,6,0,4,3,1,0,1,2,3,0,0,4,2,8,10,2,0,1,0,1,9,8,6,8,10,0,9,10,8,10,1,9,10,10,0,2,7,7,1,0,7,5,7,9,2,10,3,8,6,0,6,1
n124,6,5,3,7,3,6,5,9,0,0,8,2,3,6,8,2,2,4,6,0,4,3,1,0,1,2,3,0,0,4,2,8,10,2,0,1,0,0,9,8,6,8,10,6,9,10,8,10,1,9,10,10,0,2,7,7,1,1,7,5,7,9,2,10,3,8,6,0,6,1
n123,6,0,3,7,3,6,5,9,0,0,8,2,3,6,8,2,2,4,6,3,4,3,1,0,1,2,3,0,0,4,2,8,10,2,0,1,0,4,9,8,6,8,10,6,9,10,8,10,1,9,10,10,0,2,7,7,1,0,7,5,7,9,2,10,3,8,6,3,6,1
n128,6,0,3,7,3,6,5,9,7,1,8,2,3,0,8,2,2,4,0,0,4,0,1,0,1,2,3,10,2,4,2,0,10,2,2,0,0,2,9,8,6,8,10,9,9,10,8,10,1,9,10,10,10,2,7,0,1,6,7,5,7,9,2,10,3,8,6,0,6,1
n127,6,0,3,7,3,6,5,9,7,0,8,2,3,0,8,2,2,4,0,0,4,1,1,4,1,2,3,10,2,4,2,5,10,2,2,0,0,2,9,8,6,8,10,9,9,10,8,10,1,9,10,10,0,2,7,2,1,6,7,5,7,9,2,10,3,8,6,0,6,1
n130,6,0,3,7,3,6,5,9,7,0,8,2,3,2,8,2,2,4,0,0,4,0,1,0,1,2,3,10,5,4,2,8,10,2,2,0,0,0,9,8,6,8,10,9,9,10,8,10,1,9,10,10,0,2,7,0,1,6,7,5,7,9,2,10,3,8,6,0,6,1
n129,6,8,3,7,3,6,5,9,7,0,8,2,3,2,8,2,2,4,0,0,4,0,1,0,1,2,3,10,0,4,2,0,10,2,2,0,0,0,9,8,6,8,10,9,9,10,8,10,1,9,10,10,0,2,7,0,1,6,7,5,7,9,2,10,3,8,6,0,6,1
n142,6,6,3,3,3,6,10,7,10,1,0,0,3,0,4,9,0,4,5,0,4,8,2,9,1,2,0,2,4,9,2,6,5,2,0,7,8,6,7,8,8,8,10,4,9,10,8,10,7,0,0,6,1,0,6,5,8,5,7,5,7,1,2,10,3,0,0,4,6,5
n141,6,6,3,3,3,6,0,7,10,1,0,0,3,0,4,9,0,4,5,0,4,8,2,9,1,2,0,2,4,9,2,6,5,2,8,7,8,6,7,8,8,8,10,4,9,10,8,10,7,0,0,6,1,4,6,5,8,5,7,5,7,1,2,10,3,0,0,4,6,5
n144,6,6,3,3,3,6,0,7,10,8,2,0,3,1,4,9,7,4,5,0,4,8,2,9,1,2,0,2,4,9,2,6,5,2,0,7,8,6,3,8,8,8,10,4,9,10,8,10,7,0,0,6,1,0,6,5,8,5,7,5,7,1,2,10,3,0,0,4,6,5
n143,6,6,3,3,3,6,0,7,10,8,2,0,3,1,4,9,7,4,5,0,4,8,2,9,1,2,0,2,4,9,2,6,5,2,0,7,8,6,3,8,8,8,10,4,9,10,8,10,7,0,0,6,1,4,6,5,8,5,7,5,7,1,2,10,3,0,4,4,6,5
n148,6,6,3,3,3,6,0,7,10,0,0,0,3,3,4,9,0,4,5,0,4,8,2,9,1,2,2,2,4,0,2,6,5,2,6,7,8,6,8,8,8,8,10,4,9,10,8,10,7,5,0,6,1,0,6,5,8,5,7,5,7,1,2,10,3,2,8,4,6,5
n147,6,6,3,3,3,6,0,7,10,6,0,0,3,3,4,9,0,4,5,0,4,8,2,9,1,2,2,2,4,0,2,6,5,2,6,7,8,6,8,8,8,8,10,4,9,10,8,10,7,5,0,6,1,0,6,5,8,5,7,5,7,1,2,10,3,2,8,4,6,5
n150,6,6,3,3,3,6,0,7,10,0,2,0,3,3,4,9,0,4,5,0,4,8,2,9,1,2,2,2,4,2,2,6,5,2,6,7,8,6,8,8,8,8,10,4,9,10,8,10,7,5,0,6,1,0,6,5,8,5,7,5,7,1,2,10,3,0,8,4,6,5
n149,6,6,3,3,3,6,0,7,10,9,2,0,3,3,4,9,0,4,5,0,4,8,2,9,1,2,2,2,4,2,2,6,5,2,6,7,8,6,8,8,8,8,10,4,9,10,8,10,7,5,0,6,1,0,6,5,8,5,7,5,7,1,2,10,3,0,8,4,6,5
n156,6,6,3,3,3,6,2,7,10,0,0,4,3,10,4,9,8,4,5,8,4,8,2,9,1,2,5,0,4,0,2,8,0,2,6,7,8,6,5,8,8,8,10,4,9,10,8,10,7,1,9,6,6,0,0,0,8,5,7,5,7,1,2,10,3,0,0,4,6,5
n155,6,6,3,3,3,6,2,7,10,0,1,4,3,10,4,9,0,4,5,8,4,8,2,9,1,2,0,1,4,0,2,0,0,2,6,7,8,6,5,8,8,8,10,4,9,10,8,10,7,1,9,6,6,4,0,0,8,5,7,5,7,1,2,10,3,0,0,4,6,5
n158,6,6,3,3,3,6,10,7,10,0,0,8,3,10,4,9,0,4,5,8,4,8,2,9,1,2,0,0,4,0,2,0,0,2,6,7,8,6,5,8,8,8,10,4,9,10,8,10,7,1,0,6,6,4,0,2,8,5,7,5,7,1,2,10,3,0,0,4,6,5
n157,6,6,3,3,3,6,10,7,10,0,0,0,3,10,4,9,0,4,5,8,4,8,2,9,1,2,0,0,4,0,2,0,0,2,6,7,8,6,5,8,8,8,10,4,9,10,8,10,7,1,0,6,6,4,0,0,8,5,7,5,7,1,2,10,3,0,3,4,6,5
n162,6,6,3,3,3,6,0,7,10,0,5,0,3,8,4,9,0,4,5,8,4,8,2,9,1,2,0,6,4,2,2,7,0,2,6,7,8,6,6,8,8,8,10,4,9,10,8,10,7,1,0,6,0,0,0,4,8,5,7,5,7,1,2,10,3,0,5,4,6,5
n161,6,6,3,3,3,6,0,7,10,0,5,0,3,8,4,9,0,4,5,8,4,8,2,9,1,2,0,6,4,2,2,7,3,2,6,7,8,6,0,8,8,8,10,4,9,10,8,10,7,1,0,6,0,0,2,4,8,5,7,5,7,1,2,10,3,0,0,4,6,5
n164,6,6,3,3,3,6,0,7,10,0,8,0,3,8,4,9,0,4,5,8,4,8,2,9,1,2,0,6,4,2,2,10,8,2,6,7,8,6,0,8,8,8,10,4,9,10,8,10,7,1,3,6,0,0,0,4,8,5,7,5,7,1,2,10,3,0,4,4,6,5
n163,6,6,3,3,3,6,0,7,10,2,8,0,3,8,4,9,0,4,5,8,4,8,2,9,1,2,0,6,4,2,2,10,0,2,6,7,8,6,3,8,8,8,10,4,9,10,8,10,7,1,3,6,0,0,0,4,8,5,7,5,7,1,2,10,3,0,4,4,6,5
n172,6,6,3,3,3,6,0,0,0,0,4,0,3,0,4,9,7,4,5,0,4,8,0,9,1,2,0,0,4,7,2,6,3,2,0,8,8,6,3,8,8,8,10,4,9,10,8,10,7,10,3,6,2,5,0,0,6,5,7,5,7,1,2,10,3,4,0,9,6,5
n171,6,6,3,3,3,6,9,0,0,0,4,0,3,0,4,9,7,4,5,0,4,8,0,9,1,2,0,6,4,7,2,6,3,2,0,8,8,6,3,8,8,8,10,4,9,10,8,10,7,10,3,6,6,5,0,0,6,5,7,5,7,1,2,10,3,4,2,9,6,5
n174,6,6,3,3,3,6,0,3,0,0,4,2,3,9,4,9,7,4,5,7,4,8,7,9,1,2,10,0,4,7,2,6,0,2,0,0,8,6,3,8,8,8,10,4,9,10,8,10,7,10,4,6,0,5,4,6,7,5,7,5,7,1,2,10,3,4,0,9,6,5
n173,6,6,3,3,3,6,0,3,0,0,4,2,3,9,4,9,7,4,5,7,4,8,7,9,1,2,10,0,4,7,2,6,10,2,0,0,8,6,3,8,8,8,10,4,9,10,8,10,7,10,4,6,0,5,4,6,7,5,7,5,7,1,2,10,3,4,0,9,6,5
n178,6,6,3,3,3,6,6,1,0,5,4,9,3,7,4,9,7,4,5,0,4,8,0,9,1,2,3,0,4,7,2,6,1,2,0,2,8,6,3,8,8,8,10,4,9,10,8,10,7,10,0,6,0,5,7,3,0,5,7,5,7,1,2,10,3,0,0,9,6,5
n177,6,6,3,3,3,6,6,1,2,5,4,0,3,0,4,9,7,4,5,5,4,8,0,9,1,2,3,0,4,7,2,6,1,2,0,2,8,6,3,8,8,8,10,4,9,10,8,10,7,10,6,6,0,5,7,3,10,5,7,5,7,1,2,10,3,2,0,9,6,5
n180,6,6,3,3,3,6,0,0,6,5,4,0,3,5,4,9,7,4,5,0,4,8,0,9,1,2,5,0,4,7,2,6,1,2,0,0,8,6,3,8,8,8,10,4,9,10,8,10,7,10,0,6,0,5,7,3,0,5,7,5,7,1,2,10,3,0,2,9,6,5
n179,6,6,3,3,3,6,3,0,0,5,4,0,3,5,4,9,7,4,5,0,4,8,0,9,1,2,5,0,4,7,2,6,1,2,9,0,8,6,3,8,8,8,10,4,9,10,8,10,7,10,0,6,0,5,7,3,0,5,7,5,7,1,2,10,3,0,0,9,6,5
n186,6,6,3,3,3,6,6,6,1,0,0,2,3,7,4,9,0,4,5,0,4,8,7,9,1,2,0,4,4,0,2,6,0,2,0,4,8,6,0,8,8,8,10,4,9,10,8,10,7,5,5,6,0,5,8,0,0,5,7,5,7,1,2,10,3,0,0,3,6,5
n185,6,6,3,3,3,6,6,9,0,0,0,2,3,7,4,9,0,4,5,0,4,8,7,9,1,2,0,0,4,0,2,6,0,2,0,4,8,6,0,8,8,8,10,4,9,10,8,10,7,5,5,6,2,5,8,0,0,5,7,5,7,1,2,10,3,0,0,3,6,5
n188,6,6,3,3,3,6,6,0,0,4,0,2,3,0,4,9,0,4,5,0,4,8,7,9,1,2,0,7,4,9,2,6,0,2,0,4,8,6,0,8,8,8,10,4,9,10,8,10,7,5,0,6,0,5,8,0,6,5,7,5,7,1,2,10,3,0,7,7,6,5
n187,6,6,3,3,3,6,6,5,0,4,0,2,3,0,4,9,0,4,5,0,4,8,7,9,1,2,3,7,4,0,2,6,0,2,2,4,8,6,0,8,8,8,10,4,9,10,8,10,7,5,0,6,0,5,8,3,6,5,7,5,7,1,2,10,3,10,0,7,6,5
n192,6,6,3,3,3,6,3,10,0,4,0,0,3,0,4,9,0,4,5,3,4,8,7,9,1,2,0,0,4,0,2,6,1,2,6,0,8,6,0,8,8,8,10,4,9,10,8,10,7,5,0,6,0,5,8,6,1,5,7,5,7,1,2,10,3,2,6,0,6,5
n191,6,6,3,3,3,6,3,10,0,4,0,0,3,0,4,9,0,4,5,3,4,8,7,9,1,2,0,0,4,0,2,6,1,2,6,0,8,6,5,8,8,8,10,4,9,10,8,10,7,5,0,6,0,5,8,6,1,5,7,5,7,1,2,10,3,2,6,4,6,5
n194,6,6,3,3,3,6,3,10,0,4,0,7,3,0,4,9,0,4,5,0,4,8,7,9,1,2,3,0,4,0,2,6,7,2,6,8,8,6,0,8,8,8,10,4,9,10,8,10,7,5,2,6,2,5,8,0,1,5,7,5,7,1,2,10,3,3,6,0,6,5
n193,6,6,3,3,3,6,3,10,0,4,0,2,3,0,4,9,0,4,5,0,4,8,7,9,1,2,0,0,4,4,2,6,0,2,6,8,8,6,0,8,8,8,10,4,9,10,8,10,7,5,2,6,2,5,8,0,1,5,7,5,7,1,2,10,3,3,6,5,6,5
n204,6,6,3,2,3,6,0,0,5,7,1,0,3,4,4,1,0,4,5,0,4,8,2,4,1,2,0,2,4,7,2,8,9,2,10,7,8,6,5,8,8,8,10,4,9,10,8,10,2,0,0,4,9,0,0,2,5,5,7,5,7,1,2,10,3,3,1,10,6,5
n203,6,6,3,2,3,6,0,4,5,7,1,0,3,4,4,1,0,4,5,0,4,8,2,4,1,2,0,2,4,7,2,8,9,2,10,7,8,6,5,8,8,8,10,4,9,10,8,10,2,0,0,4,9,0,0,2,5,5,7,5,7,1,2,10,3,3,1,10,6,5
n206,6,6,3,0,3,6,0,5,5,7,1,0,3,4,4,1,5,4,5,10,4,8,10,4,1,2,0,2,4,7,2,8,0,2,10,0,8,6,5,8,8,8,10,4,9,10,8,10,2,0,0,0,9,0,8,2,5,5,7,5,7,1,2,10,3,0,1,1,6,5
n205,6,6,3,6,3,6,1,5,5,7,1,0,3,4,4,1,0,4,5,10,4,8,0,4,1,2,0,2,4,7,2,8,0,2,10,0,8,6,5,8,8,8,10,4,9,10,8,10,2,0,0,0,9,0,0,2,5,5,7,5,7,1,2,10,3,0,1,1,6,5
n210,6,6,3,1,3,6,0,8,5,3,10,9,3,1,4,1,1,4,5,6,4,8,0,4,1,2,0,2,4,7,2,8,2,2,10,9,8,6,5,8,8,8,10,4,9,10,8,10,2,0,0,0,0,4,0,2,0,5,7,5,7,1,2,10,3,0,2,6,6,5
n209,6,6,3,0,3,6,0,8,5,3,3,9,3,1,4,1,1,4,5,6,4,8,0,4,1,2,9,2,4,7,2,8,2,2,10,0,8,6,5,8,8,8,10,4,9,10,8,10,2,0,0,0,0,4,7,2,0,5,7,5,7,1,2,10,3,0,2,0,6,5
n212,6,6,3,9,3,6,0,0,5,0,7,9,3,1,4,1,1,4,5,6,4,8,2,4,1,2,0,2,4,7,2,8,2,2,10,0,8,6,5,8,8,8,10,4,9,10,8,10,2,2,0,0,0,4,6,2,10,5,7,5,7,1,2,10,3,0,0,0,6,5
n211,6,6,3,0,3,6,5,0,5,0,7,9,3,1,4,1,1,4,5,6,4,8,0,4,1,2,0,2,4,7,2,8,2,2,10,0,8,6,5,8,8,8,10,4,9,10,8,10,2,2,0,9,0,4,6,2,10,5,7,5,7,1,2,10,3,7,5,0,6,5
n218,6,6,3,0,3,6,0,9,5,9,1,0,3,0,4,0,0,4,5,1,4,8,0,4,1,2,0,2,4,7,2,8,4,2,10,1,8,6,5,8,8,8,10,4,9,10,8,10,2,6,0,0,7,8,1,2,10,5,7,5,7,1,2,10,3,0,5,0,6,5
n217,6,6,3,3,3,6,0,9,5,9,0,0,3,0,4,0,5,4,5,0,4,8,0,4,1,2,0,2,4,7,2,8,4,2,10,0,8,6,5,8,8,8,10,4,9,10,8,10,2,6,0,8,7,8,1,2,10,5,7,5,7,1,2,10,3,0,5,0,6,5
n220,6,6,3,3,3,6,0,9,5,9,6,0,3,0,4,0,3,4,5,0,4,8,6,4,1,2,0,2,4,7,2,8,0,2,10,0,8,6,5,8,8,8,10,4,9,10,8,10,2,0,0,2,5,8,1,2,10,5,7,5,7,1,2,10,3,6,5,6,6,5
n219,6,6,3,3,3,6,0,9,5,9,6,0,3,0,4,0,3,4,5,0,4,8,0,4,1,2,0,2,4,7,2,8,0,2,10,0,8,6,5,8,8,8,10,4,9,10,8,10,2,4,0,0,0,8,1,2,10,5,7,5,7,1,2,10,3,6,5,6,6,5
n224,6,6,3,0,3,6,0,0,5,0,0,0,3,4,4,0,8,4,5,10,4,8,6,4,1,2,10,2,4,7,2,8,8,2,10,0,8,6,5,8,8,8,10,4,9,10,8,10,2,0,0,3,1,8,1,2,10,5,7,5,7,1,2,10,3,5,0,0,6,5
n223,6,6,3,0,3,6,2,0,5,0,0,0,3,4,4,3,8,4,5,10,4,8,0,4,1,2,10,2,4,7,2,8,8,2,10,0,8,6,5,8,8,8,10,4,9,10,8,10,2,10,0,3,1,8,1,2,10,5,7,5,7,1,2,10,3,5,0,0,6,5
n226,6,6,3,0,3,6,4,5,5,9,0,0,3,4,4,0,0,4,5,10,4,8,7,4,1,2,0,2,4,7,2,8,0,2,10,0,8,6,5,8,8,8,10,4,9,10,8,10,2,0,8,3,1,8,1,2,10,5,7,5,7,1,2,10,3,5,8,10,6,5
n225,6,6,3,0,3,6,4,5,5,9,0,0,3,4,4,0,0,4,5,10,4,8,7,4,1,2,0,2,4,7,2,8,0,2,10,0,8,6,5,8,8,8,10,4,9,10,8,10,2,0,0,3,1,8,1,2,10,5,7,5,7,1,2,10,3,5,8,10,6,5
n234,6,6,3,10,3,6,8,0,5,2,0,6,3,0,4,0,0,4,5,7,4,8,7,0,1,2,0,4,4,7,2,8,0,2,10,0,8,6,0,8,8,8,10,4,9,10,8,10,0,0,4,0,0,4,1,0,0,5,7,5,7,1,2,10,3,0,0,1,6,5
n233,6,6,3,10,3,6,8,0,5,2,0,6,3,0,4,0,0,4,5,7,4,8,7,0,1,2,0,4,4,7,2,8,0,2,10,1,8,6,0,8,8,8,10,4,9,10,8,10,0,7,4,0,0,4,1,0,0,5,7,5,7,1,2,10,3,0,5,1,6,5
n236,6,6,3,10,3,6,8,0,5,2,0,6,3,6,4,0,3,4,5,3,4,8,0,0,1,2,8,4,4,7,2,8,0,2,10,0,8,6,0,8,8,8,10,4,9,10,8,10,1,3,4,0,7,4,1,0,0,5,7,5,7,1,2,10,3,0,0,0,6,5
n235,6,6,3,10,3,6,8,2,5,2,0,6,3,6,4,10,3,4,5,3,4,8,0,0,1,2,0,4,4,7,2,8,3,2,10,0,8,6,0,8,8,8,10,4,9,10,8,10,1,4,4,0,7,4,1,0,0,5,7,5,7,1,2,10,3,5,0,0,6,5
n240,6,6,3,0,3,6,0,6,5,2,0,6,3,2,4,0,0,4,5,0,4,8,0,0,1,2,0,0,4,7,2,8,4,2,10,0,8,6,5,8,8,8,10,4,9,10,8,10,0,2,4,9,3,4,1,0,6,5,7,5,7,1,2,10,3,0,0,6,6,5
n239,6,6,3,0,3,6,0,6,5,2,0,6,3,2,4,0,0,4,5,1,4,8,5,0,1,2,0,3,4,7,2,8,4,2,10,0,8,6,0,8,8,8,10,4,9,10,8,10,0,2,4,9,3,4,1,0,6,5,7,5,7,1,2,10,3,0,7,0,6,5
n242,6,6,3,0,3,6,0,6,5,2,0,6,3,0,4,0,0,4,5,6,4,8,0,0,1,2,0,2,4,7,2,8,4,2,10,0,8,6,4,8,8,8,10,4,9,10,8,10,9,2,4,9,5,4,1,0,0,5,7,5,7,1,2,10,3,0,4,0,6,5
n241,6,6,3,0,3,6,2,6,5,2,0,6,3,0,4,0,0,4,5,0,4,8,0,0,1,2,0,0,4,7,2,8,4,2,10,0,8,6,4,8,8,8,10,4,9,10,8,10,9,2,4,9,5,4,1,0,0,5,7,5,7,1,2,10,3,2,7,0,6,5
n248,6,6,3,0,3,6,6,0,5,0,3,2,3,0,4,2,0,4,5,5,4,8,0,8,1,2,9,0,4,7,2,8,9,2,10,9,8,6,0,8,8,8,10,4,9,10,8,10,7,8,0,0,7,4,1,0,0,5,7,5,7,1,2,10,3,8,5,3,6,5
n247,6,6,3,0,3,6,6,0,5,0,3,2,3,0,4,2,0,4,5,5,4,8,0,8,1,2,0,0,4,7,2,8,9,2,10,9,8,6,0,8,8,8,10,4,9,10,8,10,7,8,8,0,7,4,1,0,0,5,7,5,7,1,2,10,3,8,5,3,6,5
n250,6,6,3,2,3,6,6,0,5,0,3,2,3,0,4,2,0,4,5,4,4,8,2,8,1,2,0,5,4,7,2,8,3,2,10,9,8,6,0,8,8,8,10,4,9,10,8,10,7,8,0,6,7,4,1,0,5,5,7,5,7,1,2,10,3,8,5,5,6,5
n249,6,6,3,0,3,6,6,0,5,0,3,2,3,10,4,2,1,4,5,0,4,8,0,8,1,2,0,5,4,7,2,8,0,2,10,9,8,6,0,8,8,8,10,4,9,10,8,10,7,8,0,6,7,4,1,0,5,5,7,5,7,1,2,10,3,8,5,5,6,5
n254,6,6,3,5,3,6,6,2,5,0,0,2,3,0,4,0,3,4,5,4,4,8,0,5,1,2,0,7,4,7,2,8,0,2,10,7,8,6,7,8,8,8,10,4,9,10,8,10,7,0,0,0,10,4,1,5,6,5,7,5,7,1,2,10,3,8,0,5,6,5
n253,6,6,3,5,3,6,6,2,5,0,10,2,3,0,4,0,3,4,5,4,4,8,0,5,1,2,0,7,4,7,2,8,0,2,10,0,8,6,7,8,8,8,10,4,9,10,8,10,7,3,0,0,0,4,1,0,6,5,7,5,7,1,2,10,3,8,4,0,6,5
n256,6,6,3,0,3,6,6,2,5,2,0,2,3,0,4,5,3,4,5,6,4,8,0,5,1,2,0,8,4,7,2,8,0,2,10,0,8,6,7,8,8,8,10,4,9,10,8,10,7,0,0,0,0,4,1,0,6,5,7,5,7,1,2,10,3,8,9,0,6,5
n255,6,6,3,0,3,6,6,2,5,2,0,2,3,7,4,0,3,4,5,6,4,8,0,5,1,2,0,0,4,7,2,8,0,2,10,0,8,6,7,8,8,8,10,4,9,10,8,10,7,0,0,0,0,4,1,0,6,5,7,5,7,1,2,10,3,8,9,0,6,5
n270,6,2,7,6,3,2,9,8,9,0,5,5,6,6,7,0,1,4,0,9,8,3,1,0,1,8,1,3,0,0,3,7,1,2,5,1,10,0,3,5,8,9,0,1,0,10,8,10,0,8,10,1,0,1,1,5,0,9,7,4,7,1,3,10,0,0,10,8,8,0
n269,6,2,7,6,3,2,9,8,9,0,5,5,6,6,7,0,1,4,0,9,8,3,1,0,1,8,1,3,0,7,3,7,1,2,5,1,10,2,3,5,8,9,0,1,0,10,8,10,0,8,10,1,9,1,1,5,4,9,7,4,7,1,3,10,0,0,10,8,8,0
n272,6,2,7,0,3,10,9,0,9,0,5,5,6,6,7,7,1,4,0,9,8,9,1,0,1,8,1,3,0,0,3,7,1,2,5,1,10,8,3,5,8,9,0,1,0,10,8,10,8,8,10,1,0,1,1,5,9,9,7,4,7,1,3,10,0,0,10,8,8,0
n271,6,2,7,0,3,10,9,0,9,0,5,5,6,6,7,0,1,4,0,9,8,0,1,0,1,8,1,3,10,0,3,7,1,2,5,1,10,8,3,5,8,9,0,1,0,10,8,10,8,8,10,1,0,1,1,5,9,9,7,4,7,1,3,10,0,0,10,8,8,0
n276,6,2,7,0,3,6,9,0,9,2,5,5,6,6,3,0,1,4,10,9,8,9,7,1,1,8,1,3,7,4,3,0,0,2,5,1,10,10,9,5,8,9,0,1,0,10,8,10,0,8,0,1,0,1,1,5,0,0,7,4,7,1,3,10,6,0,10,0,8,1
n275,6,2,7,0,3,6,9,0,9,2,5,5,6,6,3,0,1,4,10,9,8,9,7,1,1,8,1,3,0,4,3,0,0,2,5,1,10,10,9,5,8,9,0,1,7,10,8,10,0,8,0,1,9,1,1,5,0,0,7,4,7,1,3,10,0,0,10,0,8,1
n278,6,2,7,0,3,6,9,6,9,2,5,5,6,6,3,6,1,4,10,9,8,0,6,1,1,8,1,3,0,0,3,0,0,2,5,1,10,10,9,5,8,9,0,1,4,10,8,10,4,8,0,1,0,1,1,5,0,3,7,4,7,1,3,10,0,0,10,0,8,0
n277,6,2,7,0,3,6,9,6,9,5,5,5,6,6,3,0,1,4,10,9,8,0,0,1,1,8,1,3,0,10,3,0,0,2,5,1,10,0,9,5,8,9,0,1,4,10,8,10,4,8,0,1,0,1,1,5,0,3,7,4,7,1,3,10,8,0,10,0,8,0
n284,6,2,7,2,3,8,5,0,9,0,0,5,6,6,0,4,1,4,0,9,8,0,9,0,1,8,1,3,6,3,3,0,6,2,5,1,10,0,0,5,8,9,7,1,4,10,8,10,5,8,4,1,7,0,1,5,1,4,7,4,7,1,3,10,8,0,10,8,8,0
n283,6,2,7,2,3,8,5,0,9,0,0,5,6,6,0,4,1,4,0,9,8,0,9,0,1,8,1,0,6,3,3,1,6,2,5,1,10,0,0,5,8,9,7,1,4,10,8,10,5,8,4,1,7,0,1,5,1,4,7,4,7,1,3,10,8,0,10,0,8,0
n286,6,2,7,2,3,8,5,0,9,0,0,5,6,6,7,4,1,4,0,9,8,0,9,0,1,8,1,0,6,3,3,0,6,2,5,1,10,0,0,5,8,9,7,1,0,10,8,10,5,8,4,1,7,8,1,5,1,4,7,4,7,1,3,10,0,0,10,7,8,0
n285,6,2,7,2,3,8,5,0,9,0,0,5,6,6,0,4,1,4,0,9,8,0,9,0,1,8,1,0,6,3,3,9,6,2,5,1,10,0,0,5,8,9,7,1,0,10,8,10,5,8,4,1,7,8,1,5,1,4,7,4,7,1,3,10,0,0,10,0,8,0
n290,6,2,7,0,3,0,5,0,9,6,0,5,6,6,0,4,1,4,7,9,8,0,9,0,1,8,1,0,6,0,3,0,6,2,5,1,10,0,2,5,8,9,7,1,3,10,8,10,1,8,0,1,7,8,1,5,1,2,7,4,7,1,3,10,0,10,10,5,8,0
n289,6,2,7,0,3,0,5,0,9,6,0,5,6,6,0,4,1,4,0,9,8,0,9,8,1,8,1,0,6,0,3,9,6,2,5,1,10,0,2,5,8,9,7,1,3,10,8,10,1,8,1,1,7,8,1,5,1,2,7,4,7,1,3,10,6,10,10,5,8,0
n292,6,2,7,0,3,1,5,10,9,6,0,5,6,6,6,4,1,4,2,9,8,0,9,0,1,8,1,0,6,0,3,4,6,2,5,1,10,0,2,5,8,9,7,1,3,10,8,10,0,8,2,1,7,8,1,5,1,7,7,4,7,1,3,10,0,10,10,0,8,10
n291,6,2,7,0,3,8,5,1,9,6,5,5,6,6,6,4,1,4,2,9,8,4,9,0,1,8,1,0,6,0,3,0,6,2,5,1,10,0,2,5,8,9,7,1,3,10,8,10,0,8,2,1,7,8,1,5,1,7,7,4,7,1,3,10,0,10,10,0,8,10
n300,6,2,7,6,3,5,3,9,9,0,6,5,0,6,0,5,1,4,0,9,8,0,0,2,1,3,1,0,0,8,3,0,0,2,7,3,10,0,8,5,8,9,0,1,4,10,8,10,4,8,0,2,0,2,1,0,0,5,7,4,7,1,3,10,4,0,10,9,8,3
n299,6,2,7,6,3,0,3,9,9,4,6,5,0,6,0,5,1,4,1,9,8,0,0,2,1,3,1,0,0,8,3,0,0,2,7,3,10,0,8,5,8,9,0,1,4,10,8,10,0,8,0,2,0,2,1,0,0,5,7,4,7,1,3,10,4,0,10,9,8,3
n302,6,2,7,6,3,0,3,9,9,7,6,5,0,6,0,0,1,4,0,9,8,1,0,2,1,0,1,0,0,0,3,0,3,2,5,3,10,0,8,5,8,9,0,1,3,10,8,10,0,8,0,2,0,2,1,2,0,1,7,4,7,1,3,10,4,1,10,9,8,3
n301,6,2,7,6,3,0,3,9,9,7,6,5,0,6,0,0,1,4,0,9,8,1,0,2,1,9,1,0,0,5,3,5,3,2,0,3,10,3,8,5,8,9,0,1,3,10,8,10,0,8,0,2,0,2,1,2,9,1,7,4,7,1,3,10,4,0,10,9,8,3
n306,6,2,7,6,3,0,3,0,9,0,6,5,5,6,0,0,1,4,4,9,8,8,0,2,1,0,1,8,2,10,3,0,0,2,0,8,10,0,8,5,8,9,0,0,0,10,8,10,0,8,5,0,0,2,1,7,0,5,7,4,7,1,3,10,8,0,10,9,8,3
n305,6,2,7,6,3,7,3,0,9,0,6,5,0,6,0,0,1,4,4,9,8,8,3,2,1,0,1,8,0,0,3,0,0,2,9,0,10,0,8,5,8,9,0,0,0,10,8,10,0,8,5,0,0,2,1,7,3,9,7,4,7,1,3,10,8,0,10,9,8,3
n308,6,2,7,6,3,0,3,0,9,0,6,5,7,6,9,0,1,4,4,9,8,8,0,2,1,0,1,8,0,0,3,0,10,2,0,5,10,0,8,5,8,9,8,0,0,10,8,10,8,8,5,0,1,2,1,0,0,0,7,4,7,1,3,10,0,0,10,9,8,3
n307,6,2,7,6,3,0,3,7,9,0,6,5,0,6,0,0,1,4,4,9,8,8,0,2,1,0,1,8,6,0,3,0,10,2,0,0,10,0,8,5,8,9,8,0,0,10,8,10,8,8,5,0,0,2,1,0,0,0,7,4,7,1,3,10,0,8,10,9,8,3
n314,6,2,7,8,3,8,2,7,9,0,6,5,0,6,0,5,1,4,0,9,8,1,0,2,1,1,1,0,0,0,3,5,0,2,4,0,10,10,1,5,8,9,0,0,0,10,8,10,2,8,0,3,0,10,1,8,0,4,7,4,7,1,3,10,9,5,10,9,8,3
n313,6,2,7,8,3,8,2,7,9,0,6,5,0,6,0,5,1,4,0,9,8,1,0,2,1,1,1,0,8,0,3,5,0,2,4,0,10,10,1,5,8,9,0,0,0,10,8,10,2,8,0,3,0,10,1,8,9,4,7,4,7,1,3,10,9,5,10,9,8,3
n316,6,2,7,8,3,8,2,4,9,0,6,5,0,6,0,5,1,4,9,9,8,1,0,2,1,1,1,0,4,0,3,5,1,2,4,0,10,10,1,5,8,9,0,9,0,10,8,10,2,8,1,0,0,10,1,8,1,4,7,4,7,1,3,10,9,0,10,9,8,3
n315,6,2,7,8,3,8,2,0,9,9,6,5,0,6,0,5,1,4,9,9,8,1,10,2,1,1,1,0,4,0,3,5,0,2,4,0,10,10,1,5,8,9,1,9,0,10,8,10,2,8,6,0,7,10,1,8,1,4,7,4,7,1,3,10,9,0,10,9,8,3
n320,6,2,7,8,3,8,2,6,9,2,0,5,0,6,0,5,1,4,0,9,8,1,0,2,1,1,1,0,0,0,3,2,8,2,4,9,10,0,1,5,8,9,0,7,0,10,8,10,0,8,10,7,0,10,1,8,10,0,7,4,7,1,3,10,9,0,10,9,8,3
n319,6,2,7,8,3,8,2,0,9,6,0,5,0,6,0,5,1,4,0,9,8,1,0,2,1,1,1,8,5,10,3,2,8,2,4,9,10,0,1,5,8,9,8,7,0,10,8,10,0,8,0,0,8,10,1,8,0,0,7,4,7,1,3,10,9,0,10,9,8,3
n322,6,2,7,8,3,8,2,0,9,0,3,5,0,6,0,5,1,4,0,9,8,1,0,2,1,1,1,0,0,0,3,2,8,2,4,9,10,0,1,5,8,9,0,7,0,10,8,10,0,8,0,0,3,10,1,8,0,0,7,4,7,1,3,10,9,0,10,9,8,3
n321,6,2,7,8,3,8,2,1,9,2,0,5,0,6,0,5,1,4,0,9,8,1,6,2,1,1,1,10,9,0,3,2,8,2,4,9,10,0,1,5,8,9,2,7,0,10,8,10,0,8,0,0,3,10,1,8,0,0,7,4,7,1,3,10,9,0,10,9,8,3
n332,6,2,7,0,3,6,0,1,9,0,9,5,0,0,0,7,1,4,0,8,0,10,0,7,1,2,1,4,0,0,10,5,9,2,1,10,10,10,2,4,8,7,6,0,10,10,8,10,10,8,6,1,5,0,1,0,6,8,7,4,7,1,3,10,0,0,10,4,8,6
n331,6,2,7,0,3,6,0,1,9,0,9,5,0,0,0,7,1,4,0,8,0,10,4,0,1,2,1,4,0,0,10,10,9,2,1,10,10,10,2,4,8,7,6,0,10,10,8,10,10,8,6,1,5,0,1,0,6,8,7,4,7,1,3,10,0,0,10,4,8,6
n334,6,2,7,0,3,6,0,1,9,0,9,5,0,0,0,7,1,4,3,8,0,10,0,0,1,2,1,4,7,3,10,0,2,2,1,0,10,10,2,0,8,7,4,10,0,10,8,10,10,8,6,1,5,0,1,0,6,8,7,4,7,1,3,10,8,5,10,4,8,6
n333,6,2,7,0,3,6,0,1,9,0,9,5,0,0,0,7,1,4,0,8,0,10,0,0,1,2,1,4,7,3,10,0,3,2,1,0,10,10,2,0,8,7,4,10,0,10,8,10,10,8,6,1,5,0,1,7,6,8,7,4,7,1,3,10,8,0,10,4,8,6
n338,6,2,7,8,3,0,0,1,9,0,9,5,3,0,0,0,1,4,2,8,0,0,0,2,1,2,1,4,8,10,10,0,0,2,1,0,10,10,2,0,8,7,0,5,0,10,8,10,10,8,6,2,0,4,1,0,6,8,7,4,7,1,3,10,0,0,10,4,8,6
n337,6,2,7,8,3,3,0,1,9,0,9,5,3,0,0,0,1,4,2,8,0,0,10,2,1,2,1,4,0,10,10,0,0,2,1,0,10,10,2,0,8,7,0,5,0,10,8,10,10,8,6,5,0,0,1,0,6,8,7,4,7,1,3,10,0,0,10,4,8,6
n340,6,2,7,8,3,6,0,1,9,0,9,5,3,0,0,0,1,4,2,8,0,8,9,2,1,2,1,4,0,10,10,7,0,2,1,0,10,10,2,4,8,7,10,5,0,10,8,10,10,8,6,0,0,6,1,7,6,8,7,4,7,1,3,10,0,0,10,4,8,6
n339,6,2,7,8,3,6,0,1,9,0,9,5,3,0,0,0,1,4,2,8,0,0,0,2,1,2,1,4,0,10,10,7,0,2,1,0,10,10,2,4,8,7,0,5,0,10,8,10,10,8,6,0,8,6,1,7,6,8,7,4,7,1,3,10,0,0,10,4,8,6
n346,6,2,7,0,3,5,6,1,9,0,9,5,0,0,0,4,1,4,0,8,7,0,1,2,1,2,1,4,0,5,10,8,4,2,1,0,10,10,4,5,8,7,2,0,1,10,8,10,10,8,7,0,0,2,1,0,3,8,7,4,7,1,3,10,0,10,10,4,8,6
n345,6,2,7,0,3,5,6,1,9,0,9,5,0,0,0,4,1,4,0,8,7,0,0,2,1,2,1,4,0,5,10,8,4,2,1,0,10,10,1,5,8,7,2,0,1,10,8,10,10,8,7,0,0,2,1,0,3,8,7,4,7,1,3,10,9,10,10,4,8,6
n348,6,2,7,0,3,0,6,1,9,0,9,5,0,0,3,4,1,4,0,8,0,0,0,2,1,2,1,4,0,5,10,8,0,2,1,0,10,10,0,0,8,7,2,0,1,10,8,10,10,8,7,0,0,2,1,4,3,8,7,4,7,1,3,10,0,10,10,4,8,6
n347,6,2,7,7,3,6,6,1,9,0,9,5,8,0,3,4,1,4,0,8,0,0,2,2,1,2,1,4,0,5,10,8,9,2,1,0,10,10,0,0,8,7,2,0,1,10,8,10,10,8,7,7,0,2,1,4,3,8,7,4,7,1,3,10,0,10,10,4,8,6
n352,6,2,7,0,3,7,6,1,9,0,9,5,0,0,0,3,1,4,0,8,0,0,0,7,1,2,1,4,0,5,10,8,0,2,1,0,10,10,8,7,8,7,0,0,0,10,8,10,10,8,7,6,0,4,1,0,5,8,7,4,7,1,3,10,0,10,10,4,8,6
n351,6,2,7,0,3,0,6,1,9,10,9,5,0,0,0,3,1,4,0,8,0,0,0,7,1,2,1,4,0,5,10,8,9,2,1,0,10,10,8,7,8,7,0,0,0,10,8,10,10,8,7,6,0,4,1,0,5,8,7,4,7,1,3,10,6,10,10,4,8,6
n354,6,2,7,4,3,0,6,1,9,10,9,5,0,0,0,0,1,4,0,8,9,0,0,0,1,2,1,4,0,5,10,8,0,2,1,9,10,10,0,3,8,7,5,0,4,10,8,10,10,8,7,6,0,0,1,0,0,8,7,4,7,1,3,10,0,10,10,4,8,6
n353,6,2,7,4,3,0,6,1,9,10,9,5,0,0,0,0,1,4,0,8,0,0,0,0,1,2,1,4,0,5,10,8,0,2,1,0,10,10,0,0,8,7,0,0,0,10,8,10,10,8,7,6,0,0,1,6,0,8,7,4,7,1,3,10,0,10,10,4,8,6
n362,6,2,7,4,3,4,0,0,9,4,0,5,0,7,1,4,1,4,7,8,4,10,0,8,1,0,1,4,4,0,10,4,0,2,0,0,10,4,10,8,8,9,9,6,9,10,8,10,0,8,0,10,10,0,1,1,5,0,7,4,7,1,3,10,1,10,10,1,8,6
n361,6,2,7,4,3,4,4,7,9,4,0,5,0,7,1,4,1,4,7,8,4,10,0,8,1,0,1,4,4,0,10,4,0,2,0,0,10,4,10,3,8,9,9,6,9,10,8,10,0,8,0,10,10,0,1,1,5,0,7,4,7,1,3,10,1,10,10,1,8,6
n364,6,2,7,4,3,0,0,0,9,0,4,5,0,7,1,4,1,4,7,8,4,0,10,8,1,0,1,4,4,1,10,4,0,2,0,0,10,4,10,6,8,9,3,6,9,10,8,10,9,8,0,0,0,0,1,1,5,9,7,4,7,1,3,10,1,10,10,1,8,6
n363,6,2,7,4,3,0,0,0,9,0,4,5,9,7,1,4,1,4,7,8,4,0,0,8,1,0,1,4,4,1,10,4,0,2,10,0,10,4,10,0,8,9,3,6,9,10,8,10,0,8,0,0,6,0,1,1,5,9,7,4,7,1,3,10,1,10,10,1,8,6
n368,6,2,7,4,3,8,6,0,9,0,9,5,4,7,1,0,1,4,7,8,4,0,0,8,1,6,1,4,4,9,10,4,0,2,0,0,10,4,9,0,8,9,0,6,8,10,8,10,10,8,0,5,0,7,1,5,5,5,7,4,7,1,3,10,1,10,10,1,8,6
n367,6,2,7,4,3,8,6,0,9,0,9,5,0,7,1,0,1,4,7,8,4,0,0,8,1,6,1,4,4,0,10,4,0,2,0,0,10,4,9,0,8,9,0,6,8,10,8,10,10,8,0,0,7,7,1,5,5,5,7,4,7,1,3,10,1,10,10,1,8,6
n370,6,2,7,4,3,8,6,5,9,0,9,5,0,7,1,7,1,4,7,8,4,0,0,8,1,0,1,4,4,0,10,4,0,2,0,8,10,4,0,0,8,9,0,6,8,10,8,10,10,8,0,0,0,0,1,0,5,5,7,4,7,1,3,10,1,10,10,1,8,6
n369,6,2,7,4,3,8,6,5,9,6,9,5,0,7,1,0,1,4,7,8,4,0,0,8,1,0,1,4,4,0,10,4,0,2,2,8,10,4,0,2,8,9,0,6,8,10,8,10,10,8,0,0,0,0,1,0,5,5,7,4,7,1,3,10,1,10,10,1,8,6
n376,6,2,7,4,3,0,0,9,9,0,2,5,6,7,1,0,1,4,7,8,10,1,0,8,1,0,1,4,4,0,10,4,0,2,9,0,10,0,0,0,8,9,0,9,3,10,8,10,0,8,0,0,7,0,1,10,5,0,7,4,7,1,3,10,1,7,10,10,8,6
n375,6,2,7,4,3,10,0,0,9,0,2,5,6,7,1,7,1,4,7,8,0,0,0,8,1,0,1,4,4,0,10,4,0,2,9,0,10,0,3,9,8,9,0,9,3,10,8,10,0,8,0,0,7,0,1,10,5,0,7,4,7,1,3,10,1,7,10,10,8,6
n378,6,2,7,4,3,0,0,10,9,0,0,5,6,7,1,0,1,4,7,8,0,0,0,8,1,0,1,4,4,0,10,4,0,2,0,0,10,0,0,1,8,9,7,1,0,10,8,10,7,8,6,0,8,0,1,10,5,0,7,4,7,1,3,10,1,7,10,10,8,6
n377,6,2,7,4,3,0,0,4,9,0,0,5,6,7,1,0,1,4,7,8,0,0,0,8,1,0,1,4,4,0,10,4,0,2,0,7,10,0,0,1,8,9,0,1,10,10,8,10,7,8,0,0,8,8,1,10,5,0,7,4,7,1,3,10,1,7,10,10,8,6
n382,6,2,7,4,3,0,0,5,9,0,2,5,8,7,1,2,1,4,7,8,0,0,3,8,1,0,1,4,4,8,10,4,5,2,0,0,10,0,8,10,8,9,0,0,0,10,8,10,0,8,10,2,0,0,1,2,5,0,7,4,7,1,3,10,1,7,10,10,8,6
n381,6,2,7,4,3,0,0,5,9,0,2,5,8,7,1,0,1,4,7,8,0,0,3,8,1,0,1,4,4,8,10,4,0,2,8,0,10,0,6,10,8,9,0,0,0,10,8,10,0,8,10,2,0,10,1,2,5,0,7,4,7,1,3,10,1,7,10,10,8,6
n384,6,2,7,4,3,0,0,0,9,0,2,5,8,7,1,0,1,4,7,8,0,0,3,8,1,0,1,4,4,8,10,4,1,2,0,0,10,0,0,0,8,9,0,0,2,10,8,10,0,8,10,2,0,4,1,2,5,0,7,4,7,1,3,10,1,7,10,10,8,6
n383,6,2,7,4,3,3,0,9,9,0,2,5,8,7,1,0,1,4,7,8,0,0,3,8,1,0,1,4,4,8,10,4,0,2,5,0,10,0,0,0,8,9,2,0,2,10,8,10,6,8,10,2,0,4,1,2,5,0,7,4,7,1,3,10,1,7,10,10,8,6
n396,6,6,7,2,3,6,1,6,8,2,2,5,7,4,0,5,6,4,9,4,9,0,5,1,1,0,2,5,10,5,0,9,5,2,9,6,1,7,10,7,3,9,1,1,0,10,8,10,7,0,5,6,4,6,9,0,10,10,7,4,7,1,3,10,10,9,5,3,8,1
n395,6,6,7,2,3,6,1,6,8,2,2,5,7,4,0,5,6,4,9,4,9,0,5,1,1,0,2,5,10,5,0,0,5,2,9,6,1,7,10,7,3,9,1,1,0,10,8,10,7,0,5,6,4,6,9,0,10,10,7,4,7,1,3,10,10,9,5,3,8,1
n398,6,6,7,2,3,1,1,6,8,0,2,5,7,4,8,5,6,4,9,4,9,0,5,1,1,2,2,5,10,5,0,9,5,2,9,6,1,7,10,7,3,9,1,1,0,10,8,10,7,0,5,6,4,6,9,7,0,10,7,4,7,1,3,10,0,9,4,3,8,1
n397,6,6,7,2,3,1,1,6,8,2,2,5,7,4,8,5,6,4,9,4,9,0,5,1,1,0,2,5,10,5,0,9,5,2,9,6,1,7,10,7,3,9,1,1,0,10,8,10,7,0,5,6,4,6,9,0,0,10,7,4,7,1,3,10,0,9,4,3,8,1
n402,6,6,7,2,3,0,9,6,8,0,2,5,7,4,0,5,6,4,9,4,9,0,5,1,1,8,2,5,10,5,0,0,5,2,9,6,0,7,10,7,3,9,1,1,0,10,8,10,7,10,5,6,4,6,9,0,0,10,7,4,7,1,3,10,0,9,4,3,8,8
n401,6,6,7,2,3,2,9,6,8,0,2,5,7,4,0,5,6,4,9,4,9,10,5,1,1,8,2,5,10,5,0,0,5,2,9,6,8,7,10,7,3,9,1,1,0,10,8,10,7,10,5,6,4,6,9,0,0,10,7,4,7,1,3,10,6,9,4,3,8,8
n404,6,6,7,2,3,0,9,6,8,9,2,5,7,4,3,5,6,4,9,4,9,9,5,1,1,8,2,5,10,5,0,0,5,2,9,6,0,7,10,7,3,9,1,1,0,10,8,10,7,10,5,6,4,6,9,0,9,10,7,4,7,1,3,10,0,9,4,3,8,8
n403,6,6,7,2,3,0,9,6,8,9,2,5,7,4,3,5,6,4,9,4,9,0,5,1,1,8,2,5,10,5,0,0,5,2,9,6,0,7,10,7,3,9,1,1,0,10,8,10,7,10,5,6,4,6,9,0,0,10,7,4,7,1,3,10,0,9,8,3,8,8
n410,6,6,7,2,3,0,8,6,8,0,2,5,7,4,2,5,6,4,9,4,9,0,5,1,1,0,2,6,10,5,0,0,5,2,9,6,3,7,10,7,3,3,0,1,0,10,8,10,7,9,5,6,4,0,9,6,6,10,7,4,7,1,3,10,0,9,0,3,8,0
n409,6,6,7,2,3,0,8,6,8,0,2,5,7,4,2,5,6,4,9,4,9,0,5,1,1,1,2,6,10,5,10,0,5,2,9,6,0,7,10,7,3,3,0,1,0,10,8,10,7,0,5,6,4,0,9,6,6,10,7,4,7,1,3,10,0,9,1,3,8,0
n412,6,6,7,2,3,0,8,6,8,0,2,5,7,4,2,5,6,4,9,4,9,8,5,1,1,0,2,6,10,5,0,0,5,2,9,6,0,7,10,7,3,3,0,1,0,10,8,10,7,0,5,6,4,0,9,6,6,10,7,4,7,1,3,10,4,9,0,3,8,0
n411,6,6,7,2,3,0,8,6,8,0,2,5,7,4,2,5,6,4,9,4,9,8,5,1,1,0,2,6,10,5,6,0,5,2,9,6,0,7,10,7,3,3,0,1,0,10,8,10,7,0,5,6,4,3,9,6,6,10,7,4,7,1,3,10,4,9,0,3,8,1
n416,6,6,7,2,3,0,0,6,8,7,2,5,7,4,2,5,6,4,9,4,9,5,5,1,1,0,2,0,10,5,10,1,5,2,9,6,0,7,10,7,3,4,4,1,0,10,8,10,7,0,5,6,4,0,9,6,6,10,7,4,7,1,3,10,9,9,3,3,8,0
n415,6,6,7,2,3,8,0,6,8,1,2,5,7,4,2,5,6,4,9,4,9,5,5,1,1,0,2,0,10,5,10,1,5,2,9,6,0,7,10,7,3,4,1,1,0,10,8,10,7,0,5,6,4,0,9,6,6,10,7,4,7,1,3,10,0,9,3,3,8,0
n418,6,6,7,2,3,5,0,6,8,0,2,5,7,4,2,5,6,4,9,4,9,5,5,1,1,0,2,0,10,5,10,0,5,2,9,6,0,7,10,7,3,4,7,1,1,10,8,10,7,0,5,6,4,0,9,6,6,10,7,4,7,1,3,10,0,9,3,3,8,3
n417,6,6,7,2,3,5,0,6,8,0,2,5,7,4,2,5,6,4,9,4,9,5,5,1,1,0,2,0,10,5,10,0,5,2,9,6,0,7,10,7,3,4,0,1,1,10,8,10,7,0,5,6,4,0,9,6,6,10,7,4,7,1,3,10,0,9,3,3,8,0
n426,6,6,7,9,3,4,0,6,1,10,8,5,7,4,0,5,2,4,9,9,8,5,5,1,1,0,2,0,10,10,0,2,5,2,9,6,10,7,10,5,3,10,1,1,2,10,8,10,7,8,5,6,4,10,9,8,10,10,7,4,7,1,3,10,0,9,0,3,8,0
n425,6,6,7,0,3,4,0,6,1,10,8,5,7,4,0,5,2,4,9,0,8,5,5,1,1,0,2,0,10,0,0,2,5,2,9,6,10,7,10,5,3,0,1,1,0,10,8,10,7,8,5,6,4,10,9,8,10,10,7,4,7,1,3,10,10,9,0,3,8,2
n428,6,6,7,0,3,4,0,6,1,10,8,5,7,4,0,5,2,4,9,0,8,0,5,1,1,0,2,0,10,0,4,2,5,2,9,6,10,0,10,5,3,4,1,1,0,10,8,10,7,8,5,6,4,10,9,0,0,10,7,4,7,1,3,10,0,9,0,3,8,0
n427,6,6,7,3,3,4,5,6,1,10,8,5,7,4,0,5,2,4,9,5,8,9,5,1,1,0,2,0,10,0,4,2,5,2,9,6,10,0,10,5,3,0,1,1,9,10,8,10,7,8,5,6,4,10,9,0,0,10,7,4,7,1,3,10,0,9,0,3,8,0
n432,6,6,7,0,3,4,0,6,1,10,8,5,7,4,0,5,2,4,9,2,8,0,5,1,1,2,2,1,10,3,2,2,5,2,9,6,8,0,10,5,3,9,1,1,6,10,8,10,7,0,5,6,4,10,9,0,0,10,7,4,7,1,3,10,3,9,0,3,8,0
n431,6,6,7,5,3,4,0,6,1,10,8,5,7,4,0,5,2,4,9,2,8,0,5,1,1,2,2,1,10,3,2,2,5,2,9,6,8,0,10,5,3,9,1,1,0,10,8,10,7,0,5,6,4,10,9,0,9,10,7,4,7,1,3,10,3,9,4,3,8,0
n434,6,6,7,0,3,4,0,6,1,10,8,5,7,4,4,5,2,4,9,2,8,0,5,1,1,2,2,0,10,9,0,2,5,2,9,6,8,0,10,5,3,9,1,1,0,10,8,10,7,0,5,6,4,10,9,0,1,10,7,4,7,1,3,10,3,9,2,3,8,0
n433,6,6,7,0,3,4,5,6,1,10,8,5,7,4,9,5,2,4,9,2,8,7,5,1,1,2,2,0,10,9,0,2,5,2,9,6,8,0,10,5,3,9,1,1,0,10,8,10,7,0,5,6,4,10,9,0,1,10,7,4,7,1,3,10,3,9,0,3,8,8
n440,6,6,7,1,3,0,4,6,0,5,8,5,7,4,1,5,2,4,9,8,0,0,5,1,1,4,2,0,10,0,0,2,5,2,9,6,1,3,10,4,3,4,4,1,0,10,8,10,7,1,5,6,4,4,9,9,0,10,7,4,7,1,3,10,3,9,0,3,8,9
n439,6,6,7,1,3,0,4,6,0,5,8,5,7,4,1,5,2,4,9,8,0,0,5,1,1,4,2,0,10,0,0,2,5,2,9,6,1,3,10,0,3,4,4,1,0,10,8,10,7,1,5,6,4,4,9,9,0,10,7,4,7,1,3,10,3,9,0,3,8,9
n442,6,6,7,1,3,5,4,6,0,5,8,5,7,4,1,5,2,4,9,8,4,0,5,1,1,9,2,0,10,0,0,2,5,2,9,6,0,0,10,0,3,0,4,1,9,10,8,10,7,1,5,6,4,4,9,3,0,10,7,4,7,1,3,10,3,9,0,3,8,9
n441,6,6,7,1,3,5,4,6,0,5,8,5,7,4,1,5,2,4,9,8,4,0,5,1,1,9,2,0,10,0,0,2,5,2,9,6,0,0,10,0,3,0,4,1,9,10,8,10,7,1,5,6,4,4,9,3,0,10,7,4,7,1,3,10,3,9,0,3,8,9
n446,6,6,7,1,3,4,0,6,10,5,8,5,7,4,0,5,2,4,9,8,3,3,5,1,1,0,2,9,10,0,6,2,5,2,9,6,9,0,10,9,3,0,10,1,0,10,8,10,7,1,5,6,4,0,9,0,10,10,7,4,7,1,3,10,0,9,0,3,8,0
n445,6,6,7,1,3,0,0,6,10,5,8,5,7,4,0,5,2,4,9,8,3,0,5,1,1,0,2,9,10,0,6,2,5,2,9,6,0,0,10,9,3,0,0,1,0,10,8,10,7,1,5,6,4,0,9,0,10,10,7,4,7,1,3,10,0,9,0,3,8,0
n448,6,6,7,1,3,0,0,6,0,5,8,5,7,4,0,5,2,4,9,8,0,0,5,1,1,6,2,1,10,9,6,2,5,2,9,6,10,5,10,9,3,0,5,1,0,10,8,10,7,1,5,6,4,8,9,0,0,10,7,4,7,1,3,10,0,9,0,3,8,0
n447,6,6,7,1,3,0,0,6,0,5,8,5,7,4,0,5,2,4,9,8,0,0,5,1,1,0,2,2,10,9,6,2,5,2,9,6,4,0,10,9,3,0,5,1,10,10,8,10,7,1,5,6,4,0,9,0,0,10,7,4,7,1,3,10,0,9,0,3,8,0
n458,6,3,7,2,3,0,1,6,6,7,10,5,7,4,1,5,1,4,9,7,0,4,7,1,1,9,7,0,10,3,7,3,3,2,9,6,0,0,0,10,9,1,8,1,3,10,8,10,3,0,5,6,4,9,9,0,0,6,7,4,7,1,3,10,0,9,0,0,8,8
n457,6,3,7,2,3,0,1,6,6,7,10,5,7,4,1,5,0,4,9,7,0,4,7,1,1,9,7,6,10,3,0,3,3,2,9,6,0,5,0,10,9,1,8,1,3,10,8,10,10,0,5,6,4,0,9,0,0,6,7,4,7,1,3,10,0,9,0,0,8,8
n460,6,3,7,2,3,0,1,6,6,7,10,5,7,4,4,5,2,4,9,7,0,4,7,1,1,9,7,0,10,3,0,3,3,2,9,6,0,0,0,10,9,1,8,1,3,10,8,10,0,10,5,6,4,6,9,0,0,6,7,4,7,1,3,10,3,9,0,4,8,8
n459,6,3,7,2,3,0,1,6,6,7,10,5,7,4,4,5,2,4,9,7,0,4,7,1,1,9,7,0,10,3,0,3,3,2,9,6,7,4,0,10,9,1,8,1,3,10,8,10,0,0,5,6,4,0,9,0,0,6,7,4,7,1,3,10,3,9,8,4,8,8
n464,6,3,7,2,3,6,1,6,6,0,10,5,7,4,1,5,0,4,9,7,0,4,7,1,1,10,7,7,10,0,2,3,3,2,9,6,7,0,0,0,9,1,8,1,0,10,8,10,0,7,5,6,4,6,9,0,0,6,7,4,7,1,3,10,0,9,10,0,8,8
n463,6,3,7,2,3,6,1,6,6,0,10,5,7,4,0,5,0,4,9,7,0,0,7,1,1,10,7,0,10,0,2,3,3,2,9,6,0,0,0,8,9,1,8,1,0,10,8,10,0,7,5,6,4,0,9,0,0,6,7,4,7,1,3,10,2,9,0,0,8,8
n466,6,3,7,2,3,10,1,6,6,0,10,5,7,4,2,5,0,4,9,7,5,5,7,1,1,0,7,6,10,7,0,3,3,2,9,6,3,3,8,8,9,1,8,1,0,10,8,10,0,0,5,6,4,0,9,0,0,6,7,4,7,1,3,10,0,9,0,0,8,8
n465,6,3,7,2,3,0,1,6,6,0,10,5,7,4,2,5,0,4,9,7,5,4,7,1,1,2,7,6,10,0,0,3,3,2,9,6,3,0,8,4,9,1,8,1,0,10,8,10,0,0,5,6,4,0,9,0,0,6,7,4,7,1,3,10,0,9,0,0,8,8
n472,6,3,7,2,3,0,9,6,6,0,10,5,7,4,2,5,5,4,9,7,0,4,7,1,1,2,7,5,10,9,0,0,3,2,9,6,0,9,0,8,0,1,8,1,4,10,8,10,3,2,5,6,4,6,9,8,6,6,7,4,7,1,3,10,0,9,0,0,8,8
n471,6,3,7,2,3,0,3,6,6,3,10,5,7,4,2,5,5,4,9,7,8,4,7,1,1,2,7,5,10,9,0,0,3,2,9,6,0,9,0,8,0,1,8,1,4,10,8,10,3,2,5,6,4,6,9,8,6,6,7,4,7,1,3,10,1,9,1,0,8,8
n474,6,3,7,2,3,0,1,6,6,0,10,5,7,4,0,5,5,4,9,7,0,4,7,1,1,2,7,0,10,9,0,0,3,2,9,6,7,9,3,8,0,1,8,1,0,10,8,10,3,2,5,6,4,6,9,8,6,6,7,4,7,1,3,10,0,9,0,9,8,8
n473,6,3,7,2,3,0,0,6,6,0,10,5,7,4,0,5,5,4,9,7,1,4,7,1,1,2,7,0,10,9,0,0,3,2,9,6,0,9,3,8,0,1,8,1,0,10,8,10,3,2,5,6,4,6,9,8,6,6,7,4,7,1,3,10,0,9,0,0,8,8
n478,6,3,7,2,3,1,0,6,6,10,10,5,7,4,5,5,5,4,9,7,10,0,7,1,1,8,7,7,10,0,0,5,3,2,9,6,5,0,0,0,6,1,8,1,1,10,8,10,3,2,5,6,4,6,9,0,6,6,7,4,7,1,3,10,3,9,0,0,8,8
n477,6,3,7,2,3,1,0,6,6,10,10,5,7,4,0,5,5,4,9,7,10,0,7,1,1,3,7,7,10,6,0,5,3,2,9,6,5,0,4,0,6,1,8,1,1,10,8,10,3,2,5,6,4,6,9,0,6,6,7,4,7,1,3,10,3,9,2,0,8,8
n480,6,3,7,2,3,1,0,6,6,0,10,5,7,4,0,5,5,4,9,7,10,0,7,1,1,0,7,5,10,0,0,9,3,2,9,6,5,0,0,5,0,1,8,1,1,10,8,10,3,2,5,6,4,6,9,4,6,6,7,4,7,1,3,10,3,9,0,2,8,8
n479,6,3,7,2,3,1,0,6,6,0,10,5,7,4,0,5,5,4,9,7,10,0,7,1,1,0,7,0,10,0,5,9,3,2,9,6,5,0,0,5,0,1,8,1,1,10,8,10,3,2,5,6,4,6,9,4,6,6,7,4,7,1,3,10,3,9,0,2,8,8
n488,6,3,7,2,3,7,0,6,0,0,2,5,7,4,9,5,9,4,9,7,0,2,7,1,1,7,7,5,10,2,3,1,0,2,9,6,4,3,1,8,0,1,8,1,0,10,8,10,1,9,5,6,4,9,9,0,3,6,7,4,7,1,3,10,0,9,5,0,8,8
n487,6,3,7,2,3,7,0,6,0,0,0,5,7,4,9,5,9,4,9,7,0,2,7,1,1,7,7,5,10,2,3,1,0,2,9,6,4,3,3,8,5,1,8,1,0,10,8,10,1,9,5,6,4,9,9,0,3,6,7,4,7,1,3,10,0,9,5,8,8,8
n490,6,3,7,2,3,7,0,6,0,0,0,5,7,4,3,5,9,4,9,7,0,2,7,1,1,7,7,5,10,2,0,1,0,2,9,6,0,0,0,8,0,1,8,1,3,10,8,10,1,9,5,6,4,9,9,6,3,6,7,4,7,1,3,10,0,9,5,10,8,8
n489,6,3,7,2,3,7,0,6,0,0,0,5,7,4,3,5,9,4,9,7,0,2,7,1,1,7,7,5,10,2,8,1,0,2,9,6,0,0,0,8,2,1,8,1,3,10,8,10,1,9,5,6,4,9,9,6,3,6,7,4,7,1,3,10,0,9,5,0,8,8
n494,6,3,7,2,3,7,4,6,0,0,5,5,7,4,0,5,0,4,9,7,3,2,7,1,1,7,7,5,10,2,0,1,9,2,9,6,0,3,6,8,0,1,8,1,4,10,8,10,1,9,5,6,4,9,9,0,9,6,7,4,7,1,3,10,5,9,5,0,8,8
n493,6,3,7,2,3,7,4,6,0,0,2,5,7,4,0,5,0,4,9,7,3,2,7,1,1,7,7,5,10,2,0,1,0,2,9,6,0,3,6,8,2,1,8,1,4,10,8,10,1,9,5,6,4,9,9,0,9,6,7,4,7,1,3,10,5,9,5,0,8,8
n496,6,3,7,2,3,7,4,6,0,0,0,5,7,4,10,5,4,4,9,7,3,2,7,1,1,7,7,5,10,2,0,1,0,2,9,6,0,3,6,8,4,1,8,1,4,10,8,10,1,9,5,6,4,9,9,0,1,6,7,4,7,1,3,10,9,9,5,0,8,8
n495,6,3,7,2,3,7,4,6,0,0,0,5,7,4,8,5,0,4,9,7,3,2,7,1,1,7,7,5,10,2,0,1,0,2,9,6,10,3,6,8,4,1,8,1,4,10,8,10,1,9,5,6,4,9,9,2,0,6,7,4,7,1,3,10,9,9,5,0,8,8
n502,6,3,7,2,3,7,1,6,0,4,5,5,7,4,8,5,8,4,9,7,0,2,7,1,1,3,7,2,10,2,0,6,10,2,9,6,5,9,6,0,0,1,8,1,8,10,8,10,1,10,5,6,4,9,9,2,0,6,7,4,7,1,3,10,10,9,5,9,8,8
n501,6,3,7,2,3,7,1,6,0,4,5,5,7,4,8,5,0,4,9,7,0,2,7,1,1,3,7,2,10,2,0,6,10,2,9,6,5,9,6,0,0,1,8,1,8,10,8,10,1,10,5,6,4,9,9,2,0,6,7,4,7,1,3,10,10,9,5,9,8,8
n504,6,3,7,2,3,7,1,6,0,4,5,5,7,4,8,5,0,4,9,7,2,2,7,1,1,3,7,0,10,2,0,6,10,2,9,6,0,9,6,0,0,1,8,1,8,10,8,10,1,10,5,6,4,9,9,2,0,6,7,4,7,1,3,10,10,9,5,9,8,8
n503,6,3,7,2,3,7,1,6,0,4,5,5,7,4,8,5,0,4,9,7,0,2,7,1,1,3,7,0,10,2,0,6,10,2,9,6,0,9,6,8,0,1,8,1,8,10,8,10,1,10,5,6,4,9,9,2,0,6,7,4,7,1,3,10,10,9,5,9,8,8
n508,6,3,7,2,3,7,1,6,4,4,5,5,7,4,0,5,0,4,9,7,4,2,7,1,1,3,7,5,10,2,6,0,0,2,9,6,0,10,9,0,0,1,8,1,6,10,8,10,1,10,5,6,4,9,9,0,7,6,7,4,7,1,3,10,0,9,5,9,8,8
n507,6,3,7,2,3,7,1,6,8,4,5,5,7,4,0,5,0,4,9,7,0,2,7,1,1,3,7,5,10,2,0,0,2,2,9,6,0,0,9,9,0,1,8,1,6,10,8,10,1,10,5,6,4,9,9,0,7,6,7,4,7,1,3,10,0,9,5,9,8,8
n510,6,3,7,2,3,7,1,6,3,4,5,5,7,4,0,5,0,4,9,7,0,2,7,1,1,3,7,5,10,2,9,0,0,2,9,6,0,0,9,0,0,1,8,1,6,10,8,10,1,10,5,6,4,9,9,1,10,6,7,4,7,1,3,10,0,9,5,9,8,8
n509,6,3,7,2,3,7,1,6,3,4,5,5,7,4,0,5,4,4,9,7,0,2,7,1,1,3,7,5,10,2,9,0,0,2,9,6,0,0,9,0,0,1,8,1,6,10,8,10,1,10,5,6,4,9,9,0,10,6,7,4,7,1,3,10,0,9,5,9,8,8
