(((((((64:2.07,65:3.07)I63:1.987,(70:0,71:1)I62:3.056)I61:0.952,((124:1,125:0)I60:0.001,(100:1.026,101:2.026)I59:2.976)I58:1.007)I57:3.033,(((74:1.009,75:1.009)I56:1.017,(94:0.001,95:2.001)I55:3.025)I54:0.998,((88:1,89:1)I53:0.002,(82:1.053,83:3.053)I52:3.949)I51:3.021)I50:2.018)I49:5.089,((((120:0,121:0)I48:2.038,(90:1,91:0)I47:2.037)I46:0.971,((112:1,113:0)I45:0,(108:1.01,109:1.01)I44:0.99)I43:1.008)I42:3.012,(((116:0,117:0)I41:0,(104:2,105:1)I40:0)I39:0.001,((126:0.001,127:2.001)I38:1.025,(122:1,123:0)I37:3.025)I36:1.975)I35:1.02)I34:5.11)I33:5.893,(((((102:1.024,103:3.024)I32:2.995,(118:1,119:0)I31:1.019)I30:3.03,((110:1,111:0)I29:1.012,(98:0.001,99:2.001)I28:2.012)I27:3.036)I26:2.979,(((96:1.017,97:2.017)I25:5.013,(106:0,107:1)I24:1.03)I23:3.016,((72:4.083,73:3.083)I22:1.965,(68:0,69:1)I21:4.048)I20:2.998)I19:1.982)I18:3.072,((((84:0.002,85:4.002)I17:3.042,(80:1.008,81:1.008)I16:2.036)I15:0.969,((76:2.017,77:1.017)I14:0.991,(78:2.001,79:0.001)I13:1.007)I12:2.006)I11:2.06,(((86:0,87:0)I10:1.013,(114:2.001,115:0.001)I9:1.012)I8:2.989,((66:1,67:2)I7:0,(92:1.01,93:1.01)I6:0.99)I5:0.001)I4:6.072)I3:8.026)I2:0.924)I1:3.976)I0;
I0,0,0,0,0,0,0,0,0,0,0,0,0,0,0,0,0,0,0,0,0,0,0,0,0,0,0,0,0,0,0
I1,0,0:0.01/6:0.99,0:0.01/7:0.99,0,0,0,0,0,0,0,0,0,0,0,0,0:0.01/2:0.99,0,0,0,0,0,0:0.01/6:0.99,0,0,0,0,0,0,0,0
I2,0,6,7,0,0,0,0,0,0,0,0,0,0,0,0,2,0,0,0,0,0,6,0,0,0,0,0,0,0:0.1/9:0.9,0
I3,0,6,7,0,0,0,0,0:0.01/10:0.99,0,0:0.01/4:0.99,0:0.01/9:0.99,0:0.01/8:0.99,0:0.01/1:0.99,0:0.01/6:0.99,0,2,0,0:0.01/6:0.99,0,0,0:0.01/8:0.99,6,0,0,0,0,0,0,9,0
I4,0,6,7,0,0,0,8,10,0,4,9,8,1,6,0,2,0,6,0,0,8,6,4,10,5,2,5,0,9,0
I5,0,6,7,0,0,0,8,10,0,4,9,8,1,6,0,2,0,6,0,0,8,6,4,10,5,2,5,0,9,0
I6,0,6,7,0,0,0,8,10,0,4,9,8,1,6,0,2,0,6,0,0,8,6,4,10,5,2,5,0:0.01/2:0.99,9,0
93,0,6,7,0,0,0,8,10,0,4,9,8,1,6,0,2,1,6,0,0,8,6,4,10,5,2,5,2,9,0
92,0,6,7,0,0,0,8,10,1,4,9,8,1,6,0,2,0,6,0,0,8,6,4,10,5,2,5,2,9,0
I7,0,6,7,0,0,0,8,10,0,4,9,8,1,6,0,2,0,6,0,0,8,6,4,10,5,2,5,0,9,0
67,0,6,7,10,0,0,8,10,0,4,9,8,1,6,0,2,0,6,0,0,8,6,4,10,5,2,5,9,9,0
66,0,6,7,0,0,0,8,10,0,4,9,8,1,6,5,2,0,6,0,0,8,6,4,10,5,2,5,0,9,0
I8,0,6,7,10,0,0,8,10,9,4,9,8,1,6,0,2,0,6,0,0,8,6,4,10,5,2,5,0,9,10
I9,0,6,7,10,1,0,8,10,9,4,9,8,1,6,0,2,0,6,0,0,8,6,4,10,5,2,5,0,9,10
115,0,6,7,10,1,0,8,10,9,4,9,8,1,6,0,2,0,6,0,0,8,6,4,10,5,2,5,0,9,10
114,0,6,7,10,1,0,8,10,9,4,9,8,1,6,0,2,10,6,0,5,8,6,4,10,5,2,5,0,9,10
I10,0,6,7,10,8,0,8,10,9,4,9,8,1,6,0,2,0,6,0,0,8,6,4,10,5,2,5,0,9,10
87,0,6,7,10,8,0,8,10,9,4,9,8,1,6,0,2,0,6,0,0,8,6,4,10,5,2,5,0,9,10
86,0,6,7,10,8,0,8,10,9,4,9,8,1,6,0,2,0,6,0,0,8,6,4,10,5,2,5,0,9,10
I11,0,6,7,0,0,0,0:0.01/1:0.99,10,0,4,9,8,1,6,0,2,0,6,0,0:0.01/4:0.99,8,6,0,0,0,0,0,0,9,0
I12,0,6,7,0,0,3,1,10,0,4,9,8,1,6,0,2,0,6,0,4,8,6,0,8,0,0,0,0,9,0
I13,0,6,7,0,0,3,1,10,0,4,9,8,1,6,0,2,0,6,0,4,8,6,0,8,0,0,0,4,9,0
79,0,6,7,0,0,3,1,10,0,4,9,8,1,6,0,2,0,6,0,4,8,6,0,8,0,0,0,4,9,0
78,0,6,7,7,5,3,1,10,0,4,9,8,1,6,0,2,0,6,0,4,8,6,0,8,0,0,0,4,9,0
I14,0:0.02/6:0.98,6,7,0,0,3,1,10,0,4,9,8,1,6,0,2,0,6,0,4,8,6,0,8,0,0,0,0,9,0
77,6,6,7,0,0,3,1,10,0,4,9,8,1,6,0,2,10,6,0,4,8,6,0,8,0,0,0,0,9,0
76,6,6,7,6,0,3,1,10,0,4,9,8,1,6,0,2,0,6,0,4,8,6,0,8,0,0,0,0,9,6
I15,0,6,7,0:0.04/2:0.96,0,0,1,10,0,4,9,8,1,6,0,2,0,6,0,4,8,6,0,0,0,0,0,0,9,0
I16,0,6,7,2,0,0,1,10,1,4,9,8,1,6,0,2,0,6,0,4,8,6,6,0,0,0,0,0,9,0
81,0,6,7,2,0,0,1,10,1,4,9,8,1,6,0,2,0,6,0,4,8,6,6,0,0,0,0,4,9,0
80,0,6,7,2,0,0,1,10,1,4,9,8,1,6,0,2,0,6,0,4,8,6,6,0,0,0,0,0,9,9
I17,0,6,7,2,0,0,1,10,0,4,9,8,1,6,9,2,9,6,0,4,8,6,3,0,0,0,0,0,9,0
85,6,6,7,2,9,0,1,10,0,4,9,8,1,6,9,2,9,6,8,4,8,6,3,0,0,0,0,9,9,0
84,0,6,7,2,0,0,1,10,0,4,9,8,1,6,9,2,9,6,0,4,8,6,3,0,0,0,0,0,9,0
I18,0,6,7,0,0,0,0:0.01/9:0.99,0,0,0,0:0.01/10:0.99,0,0,0,0,2,0,0,0,0,0,6,0,0,0,0:0.01/5:0.99,0,0,9,0
I19,0,6,7,0,0,0,9,0,0:0.02/7:0.98,0,10,0,0,0:0.02/10:0.98,0,2,0,0,0,0,0,6,0,0,0,5,0,0,9,0
I20,0,6,7,0:0.02/8:0.98,0,0,9,0,7,0,10,0,0,10,0,2,0:0.02/3:0.98,0,0,0,0,6,0,0,0,5,0,0,9,0:0.02/10:0.98
I21,1,6,7,8,0,0,9,0,7,9,10,9,0,10,0,2,3,0,0,0,0,6,0,0,0,5,8,0,9,10
69,1,6,7,8,0,0,9,0,7,9,10,9,0,10,0,2,3,0,0,5,0,6,0,0,0,5,8,0,9,10
68,1,6,7,8,0,0,9,0,7,9,10,9,0,10,0,2,3,0,0,0,0,6,0,0,0,5,8,0,9,10
I22,0,6,7,8,0,0,9,0:0.04/1:0.96,7,0,10,0,0,10,0,2,3,0,0,0,0:0.04/8:0.96,6,0,0,0,5,0,0,9,10
73,4,6,7,8,0,0,9,1,7,10,10,0,0,10,0,2,3,0,0,1,8,6,0,0,0,5,0,0,9,10
72,0,6,7,8,0,0,9,1,7,8,10,0,0,10,0,2,3,7,0,0,8,6,0,3,0,5,0,10,9,10
I23,0,6,7,0,0,0:0.01/6:0.99,9,0,7,0,10,0,0:0.01/8:0.99,10,0,2,0,0,0,0,0,6,0,0,0,5,0:0.01/1:0.99,0,9,0
I24,0,6,7,0,0,6,9,0,7,0,10,0,8,10,0,2,0,10,0,0,0,6,0,0,0,5,1,0,9,0
107,0,6,7,0,0,6,9,0,7,9,10,0,8,10,0,2,0,10,0,0,0,6,0,0,0,5,1,0,9,0
106,0,6,7,0,0,6,9,0,7,0,10,0,8,10,0,2,0,10,0,0,0,6,0,0,0,5,1,0,9,0
I25,0,6,7,0,0,6,9,9,7,0,10,0,8,10,4,2,0,0,2,4,0,6,0,0,0,5,1,10,9,0
97,0,6,7,0,1,6,9,9,7,0,10,0,8,10,4,2,0,0,2,4,0,6,0,10,0,5,1,10,9,0
96,0,6,7,0,0,6,9,9,7,0,10,0,8,10,4,2,0,7,2,4,0,6,0,0,0,5,1,10,9,0
I26,0,6,7,0,0,0,9,0,0,0,10,0,0:0.02/9:0.98,0,0,2,0:0.02/9:0.98,0,0,0:0.02/2:0.98,0,6,0,0,0,5,0,0,9,0
I27,0,6,7,0,0,0,9,0,0,0,10,0,9,8,0,2,9,0,0,2,0,6,8,0,0,5,7,0,9,0
I28,0,6,7,0,0,0,9,0,0,0,10,0,9,8,0,2,9,1,0,2,0,6,8,0,0,5,7,0,9,10
99,0,6,7,0,0,2,9,0,0,0,10,0,9,8,0,2,9,1,0,2,8,6,8,0,0,5,7,0,9,10
98,0,6,7,0,0,0,9,0,0,0,10,0,9,8,0,2,9,1,0,2,0,6,8,0,0,5,7,0,9,10
I29,0,6,7,0,0,0,9,0,0,0,10,0,9,8,0,2,9,0,0,2,0,6,8,0,0,5,7,1,9,0
111,0,6,7,0,0,0,9,0,0,0,10,0,9,8,0,2,9,0,0,2,0,6,8,0,0,5,7,1,9,0
110,0,6,7,0,0,0,9,0,0,0,10,0,9,8,0,2,9,0,2,2,0,6,8,0,0,5,7,1,9,0
I30,0,6,7,0,0,0,9,0,0:0.01/4:0.99,0,10,0:0.01/9:0.99,9,0,0,2,9,0,0,2,0,6,0,0,0,5,0,0:0.01/8:0.99,9,0
I31,0,6,7,0,0,0,9,0,4,0,10,9,9,0,0,2,9,4,0,2,0,6,0,0,0,5,0,8,9,0
119,0,6,7,0,0,0,9,0,4,0,10,9,9,0,0,2,9,4,0,2,0,6,0,0,0,5,0,8,9,0
118,0,6,7,0,0,0,9,0,4,10,10,9,9,0,0,2,9,4,0,2,0,6,0,0,0,5,0,8,9,0
I32,0,6,7,0,0,0,9,0:0.01/3:0.99,4,0,10,9,9,0,0,2,9,0,0,2,0,6,0:0.01/3:0.99,0,0,5,0,8,9,0:0.01/6:0.99
103,0,6,7,0,6,0,9,3,4,0,10,9,9,0,0,2,9,8,0,2,0,6,3,0,6,5,0,8,9,6
102,0,6,7,0,0,0,9,3,4,0,10,9,9,0,0,2,9,0,0,2,0,6,3,0,5,5,0,8,9,6
I33,0:0.02/10:0.98,6,7,0,0,0:0.02/1:0.98,0,0,0,0,0,0,0,0:0.02/10:0.98,0,2,0,0:0.02/1:0.98,0,0,0:0.02/3:0.98,6,0,0,0,0,0,0,0,0:0.02/6:0.98
I34,10,6,7,0,2,1,0,6,0,0,0,4,0,10,0,2,3,1,10,0,3,6,0,0,0,0,0,0,0,6
I35,10,6,7,0,2,1,0,6,0,0,10,4,0,10,0,2,3,1,10,0,3,6,0,0,0,0,0,0,0,6
I36,10,6,7,0,2,1,0,6,0,0:0.01/9:0.99,10,4,0,10,0,2,3,1,10,0,3,6,0:0.01/4:0.99,0,0,0,0,0,0,6
I37,10,6,7,7,2,1,0,6,0,9,10,4,0,10,9,2,3,1,10,0,3,6,4,0,0,0,5,0,0,6
123,10,6,7,7,2,1,0,6,0,9,10,4,0,10,9,2,3,1,10,0,3,6,4,0,0,0,5,0,0,6
122,10,6,7,7,2,1,0,6,0,9,10,4,8,10,9,2,3,1,10,0,3,6,4,0,0,0,5,0,0,6
I38,10,6,7,0,2,1,0,6,0,9,10,4,0,10,8,2,3,1,10,0,3,6,4,0,0,0,0,0,0,6
127,10,6,7,0,2,1,0,6,0,9,10,4,0,10,8,2,3,1,10,0,3,6,4,0,2,0,0,7,0,6
126,10,6,7,0,2,1,0,6,0,9,10,4,0,10,8,2,3,1,10,0,3,6,4,0,0,0,0,0,0,6
I39,10,6,7,0,2,1,0,6,0,0,10,4,0,10,0,2,3,1,10,0,3,6,0,0,0,0,0,0,0,6
I40,10,6,7,0,2,1,0,6,0,0,10,4,0,10,0,2,3,1,10,0,3,6,0,0,0,0,0,0,0,6
105,10,6,7,2,2,1,0,6,0,0,10,4,0,10,0,2,3,1,10,0,3,6,0,0,0,0,0,0,0,6
104,10,6,7,0,2,1,0,6,0,0,10,4,0,10,8,2,3,1,10,0,3,6,0,0,0,0,0,0,7,6
I41,10,6,7,0,2,1,0,6,0,0,10,4,0,10,0,2,3,1,10,0,3,6,0,0,0,0,0,0,0,6
117,10,6,7,0,2,1,0,6,0,0,10,4,0,10,0,2,3,1,10,0,3,6,0,0,0,0,0,0,0,6
116,10,6,7,0,2,1,0,6,0,0,10,4,0,10,0,2,3,1,10,0,3,6,0,0,0,0,0,0,0,6
I42,10,6,7,0,2,1,1,6,0,3,0,4,3,10,0,2,3,1,10,0,3,6,0,0,0,0,0,0,0,6
I43,10,6,7,0,2,1,1,6,0,3,7,4,3,10,0,2,3,1,10,0,3,6,0,0,0,0,0,0,0,6
I44,10,6,7,0,2,1,1,6,0,3,7,4,3,10,0,2,3,1,10,0,3,6,0,0,0,0,0,0:0.01/2:0.99,0,6
109,10,6,7,0,2,1,1,6,0,3,7,4,3,10,0,2,3,1,10,9,3,6,0,0,0,0,0,2,0,6
108,10,6,7,0,2,1,1,6,0,3,7,4,3,10,0,2,3,1,10,0,3,6,0,0,0,0,7,2,0,6
I45,10,6,7,0,2,1,1,6,0,3,7,4,3,10,0,2,3,1,10,0,3,6,0,0,0,0,0,0,0,6
113,10,6,7,0,2,1,1,6,0,3,7,4,3,10,0,2,3,1,10,0,3,6,0,0,0,0,0,0,0,6
112,10,6,7,0,2,1,1,6,0,3,7,4,3,10,0,2,3,1,10,0,3,6,7,0,0,0,0,0,0,6
I46,10,6,7,0,2,1,1,6,0,3,0,4,3,10,0,2,3,1,10,0,3,6,0,0,0,0:0.04/8:0.96,0,0,0,6
I47,10,6,7,0,2,1,1,6,0,3,3,4,3,10,1,2,3,1,10,0,3,6,0,0,0,8,0,0,0,6
91,10,6,7,0,2,1,1,6,0,3,3,4,3,10,1,2,3,1,10,0,3,6,0,0,0,8,0,0,0,6
90,10,6,7,0,2,1,1,6,10,3,3,4,3,10,1,2,3,1,10,0,3,6,0,0,0,8,0,0,0,6
I48,10,6,7,0,2,1,1,6,0,3,0,4,3,10,0,2,3,1,10,0,3,6,0,4,0,8,0,0,6,6
121,10,6,7,0,2,1,1,6,0,3,0,4,3,10,0,2,3,1,10,0,3,6,0,4,0,8,0,0,6,6
120,10,6,7,0,2,1,1,6,0,3,0,4,3,10,0,2,3,1,10,0,3,6,0,4,0,8,0,0,6,6
I49,10,6,7,0,0,1,0,0,0,0,0:0.01/5:0.99,0,0,10,0,2,0:0.01/1:0.99,1,0,0,3,6,0:0.01/7:0.99,0,0:0.01/3:0.99,0,0,0,0:0.01/6:0.99,6
I50,10,6,7,0,0:0.01/6:0.99,1,0,0,0,0,5,0,0,10,0:0.01/2:0.99,2,1,1,0,0,3,6,7,0,3,0,0,0,6,6
I51,10,6,7,1,6,1,3,0,0,0,5,1,0,10,2,2,1,1,0,0,3,6,7,0,3,0,0,0,6,6
I52,10,6,7,1,6,1,3,0:0.01/1:0.99,0:0.01/8:0.99,0,5,1,0:0.01/8:0.99,10,2,2,1,1,0,0,3,6,7,0,3,0,0,0:0.01/7:0.99,6,6
83,10,6,7,1,6,1,3,1,8,0,5,1,8,10,2,2,1,1,5,8,3,6,7,0,3,0,5,7,6,6
82,10,6,7,1,6,1,3,1,8,7,5,1,8,10,2,2,1,1,0,0,3,6,7,0,3,0,0,7,6,6
I53,10,6,7,1,6,1,3,0,0,0,5,1,0,10,2,2,1,1,0,0,3,6,7,0,3,0,0,0,6,6
89,10,6,7,1,6,1,3,0,0,0,5,1,0,10,2,2,1,1,0,0,3,6,7,0,3,0,2,0,6,6
88,10,6,7,1,6,1,3,0,0,0,5,1,0,10,2,2,1,1,0,10,3,6,7,0,3,0,0,0,6,6
I54,10,6,7,0,6,1,0,0,0,0,5,0,0,10,2,2,1,1,0,0,3,6,7,0,3,0,0:0.03/5:0.97,0,6,6
I55,10,6,7,8,6,1,0,0,0,0,5,0,0,10,2,2,1,1,8,6,3,6,7,0,3,0,5,0,6,6
95,10,6,7,8,6,1,0,0,0,7,5,0,4,10,2,2,1,1,8,6,3,6,7,0,3,0,5,0,6,6
94,10,6,7,8,6,1,0,0,0,0,5,0,0,10,2,2,1,1,8,6,3,6,7,0,3,0,5,0,6,6
I56,10,6,7,0,6,1,0,0,0,0,5,0:0.01/6:0.99,0,10,2,2,1,1,0,0,3,6,7,0,3,0,5,0,6,6
75,10,6,7,4,6,1,0,0,0,0,5,6,0,10,2,2,1,1,0,0,3,6,7,0,3,0,5,0,6,6
74,10,6,7,0,6,1,4,0,0,0,5,6,0,10,2,2,1,1,0,0,3,6,7,0,3,0,5,0,6,6
I57,10,6,7,8,0,1,0,0,0,0,5,0,0,10,0,2,1,1,4,0,3,6,7,0,3,0,0,2,6,6
I58,10,6,7,8,0,1,0,0,0,0,5,5,0,10,0,2,1,1,4,0,3,6,7,0,3,0,0,2,6,6
I59,10,6,7,8,0,1,0,0:0.01/2:0.99,0:0.01/10:0.99,0,5,5,0,10,0,2,1,1,4,0,3,6,7,0,3,0:0.01/7:0.99,0,2,6,6
101,10,6,7,8,0,1,0,2,10,7,5,5,0,10,3,2,1,1,4,0,3,6,7,0,3,7,0,2,6,6
100,10,6,7,8,0,1,0,2,10,0,5,5,0,10,10,2,1,1,4,0,3,6,7,0,3,7,0,2,6,6
I60,10,6,7,8,0,1,0,0,0,0,5,5,0,10,0,2,1,1,4,0,3,6,7,0,3,0,0,2,6,6
125,10,6,7,8,0,1,0,0,0,0,5,5,0,10,0,2,1,1,4,0,3,6,7,0,3,0,0,2,6,6
124,10,6,7,8,0,1,0,0,0,0,5,5,0,10,0,2,1,1,4,0,3,6,7,3,3,0,0,2,6,6
I61,10,6,7,8,0,1,0,0,0,0,5,0,0:0.06/8:0.94,10,0,2,1,1,4,0,3,6,7,0,3,0,0,2,6,6
I62,10,6,7,8,0,1,0,0,2,0,5,0,8,10,5,2,1,1,4,0,3,6,7,0,3,10,0,2,6,6
71,10,6,7,8,0,1,0,9,2,0,5,0,8,10,5,2,1,1,4,0,3,6,7,0,3,10,0,2,6,6
70,10,6,7,8,0,1,0,0,2,0,5,0,8,10,5,2,1,1,4,0,3,6,7,0,3,10,0,2,6,6
I63,10,6,7,8,0:0.03/5:0.97,1,0,0,0:0.03/4:0.97,0,5,0,8,10,0,2,1,1,4,0,3,6,7,0,3,0,0,2,6,6
65,10,6,7,8,5,1,0,0,4,0,5,0,8,10,7,2,1,1,4,0,3,6,7,7,3,1,0,2,6,6
64,10,6,7,8,5,1,0,0,4,0,5,0,8,10,0,2,1,1,4,6,3,6,7,0,3,5,0,2,6,6
