cell,r1,r2,r3,r4,r5,r6,r7,r8,r9,r10,r11,r12,r13,r14,r15,r16,r17,r18,r19,r20,r21,r22,r23,r24,r25,r26,r27,r28,r29,r30,r31,r32,r33,r34,r35,r36,r37,r38,r39,r40,r41,r42,r43,r44,r45,r46,r47,r48,r49,r50,r51,r52,r53,r54,r55,r56,r57,r58,r59,r60,r61,r62,r63,r64,r65,r66,r67,r68,r69,r70
n16,6,5,4,1,10,6,2,0,10,8,4,0,0,5,0,9,1,3,7,7,0,3,3,5,4,0,10,5,10,0,6,4,9,8,10,5,10,0,9,5,0,6,10,7,2,4,4,0,0,0,2,7,7,0,5,3,2,0,3,2,3,7,0,3,6,3,7,1,10,1
n15,6,5,3,1,10,6,2,7,10,8,4,0,5,5,0,9,1,3,7,7,10,3,3,5,4,0,10,0,10,0,6,4,9,8,0,5,10,0,9,5,0,6,10,7,2,4,0,0,0,0,2,7,7,0,5,3,2,0,3,2,3,7,0,3,6,3,7,1,10,1
n18,6,5,0,1,10,6,2,2,10,8,4,0,1,5,0,9,1,3,7,7,0,3,3,5,0,0,10,0,10,8,6,4,9,8,0,5,7,0,9,5,0,6,0,7,2,4,4,0,4,0,2,7,7,0,5,3,2,0,3,2,3,7,4,3,6,3,7,1,10,1
n17,6,5,0,1,10,6,2,0,10,8,4,0,1,5,0,9,1,3,7,7,0,3,3,5,0,0,10,0,10,8,6,4,9,8,0,5,0,0,9,5,0,6,0,7,2,4,4,1,4,0,2,7,7,3,5,3,2,0,3,2,3,7,4,3,6,3,7,1,10,1
n22,6,5,0,1,0,4,0,9,10,8,4,0,0,0,0,9,1,3,7,0,0,3,3,5,4,6,10,0,10,0,6,4,0,8,0,5,5,2,9,5,10,6,0,7,0,2,1,0,0,8,2,7,7,2,5,3,2,0,3,2,3,0,0,3,6,3,7,6,10,1
n21,6,5,0,1,0,4,0,4,10,8,4,0,0,0,0,9,1,3,7,0,0,3,3,5,4,6,10,0,10,3,6,4,0,8,9,5,0,2,9,5,10,6,0,7,7,2,10,1,6,8,2,7,7,2,5,3,2,0,3,2,3,0,0,3,6,3,7,6,10,1
n24,6,5,6,1,5,4,1,0,10,8,4,0,0,1,0,9,1,3,7,0,5,3,3,5,4,6,10,0,10,0,6,4,0,8,6,5,1,2,9,5,10,6,0,7,0,2,5,3,4,8,2,7,7,2,5,3,2,2,3,2,3,0,0,3,6,3,7,6,10,1
n23,6,5,0,1,5,4,2,0,10,8,4,0,0,1,0,9,1,3,7,0,0,3,3,5,4,6,10,0,10,9,6,4,0,8,6,5,1,2,9,5,10,6,0,7,7,2,5,3,0,8,2,7,7,2,5,3,2,0,3,2,3,0,0,3,6,3,7,6,10,1
n30,6,5,5,1,0,8,0,10,10,8,4,7,0,0,8,9,1,3,7,7,0,3,3,0,2,8,10,0,10,0,6,4,10,8,2,5,2,10,9,0,0,6,8,7,0,6,0,0,0,0,2,7,7,0,5,3,2,0,3,2,3,9,0,3,6,3,7,9,10,1
n29,6,5,5,1,0,8,3,10,10,8,4,7,0,0,0,9,1,3,7,7,0,3,3,0,2,8,10,0,10,0,6,4,10,8,2,5,0,10,9,0,1,6,0,7,0,6,7,0,0,0,2,7,7,7,5,3,2,0,3,2,3,0,0,3,6,3,7,9,10,1
n32,6,5,0,1,0,8,0,10,10,8,4,7,0,0,0,9,1,3,7,7,0,3,3,0,2,8,10,0,10,3,6,4,10,8,2,5,0,0,9,0,0,6,0,7,2,8,7,0,0,0,2,7,7,4,5,3,2,0,3,2,3,6,4,3,6,3,7,9,10,1
n31,6,5,0,1,0,8,0,10,10,8,4,7,0,0,0,9,1,3,7,7,3,3,3,0,2,8,10,0,10,3,6,4,10,8,2,5,0,0,9,0,0,6,9,7,0,0,7,0,0,0,2,7,7,4,5,3,2,0,3,2,3,6,0,3,6,3,7,9,10,1
n36,6,5,3,1,6,1,1,0,10,8,4,7,0,0,0,9,1,3,7,0,0,3,3,0,8,0,10,7,10,0,6,4,10,8,7,5,0,0,9,0,10,6,0,7,9,0,0,8,3,4,2,7,7,0,5,3,2,2,3,2,3,0,0,3,6,3,7,3,10,1
n35,6,5,3,1,6,1,1,0,10,8,4,7,0,0,0,9,1,3,7,0,0,3,3,0,8,4,10,7,10,0,6,4,10,8,0,5,0,0,9,0,0,6,0,7,4,0,0,8,3,2,2,7,7,0,5,3,2,2,3,2,3,0,0,3,6,3,7,3,10,1
n38,6,5,0,1,6,1,0,0,10,8,4,7,0,0,0,9,1,3,7,0,0,3,3,0,8,1,10,0,10,0,6,4,10,8,0,5,0,0,9,0,0,6,7,7,0,6,5,8,3,0,2,7,7,0,5,3,2,2,3,2,3,7,0,3,6,3,7,3,10,1
n37,6,5,0,1,6,1,0,0,10,8,4,7,0,5,0,9,1,3,7,0,0,3,3,0,8,1,10,8,10,0,6,4,10,8,3,5,0,0,9,0,0,6,7,7,0,0,0,8,3,1,2,7,7,0,5,3,2,2,3,2,3,7,0,3,6,3,7,3,10,1
n46,6,5,0,1,5,0,0,1,10,8,4,3,1,9,0,9,1,3,7,0,9,3,3,8,4,0,4,10,10,4,6,4,6,8,3,5,10,0,10,0,4,6,0,7,0,1,0,3,0,6,2,7,7,0,5,3,0,2,3,2,3,5,6,3,6,3,7,0,10,1
n45,6,5,0,1,0,0,0,1,10,8,4,7,1,9,0,9,1,3,7,9,9,3,3,8,4,0,4,0,10,4,6,4,6,8,3,5,10,0,10,3,4,6,0,7,0,1,0,3,4,6,2,7,7,0,5,3,0,2,3,2,3,5,6,3,6,3,7,0,10,1
n48,6,5,0,1,0,0,0,1,10,8,4,0,1,9,0,9,1,3,7,0,0,3,3,8,4,0,4,0,10,0,6,4,0,8,3,5,10,0,10,2,4,6,0,7,0,1,0,3,0,6,2,7,7,0,5,3,0,2,3,2,3,4,6,3,6,3,7,0,10,1
n47,6,5,0,1,0,0,0,1,10,8,4,0,1,9,0,9,1,3,7,0,0,3,3,8,4,0,4,0,10,0,6,4,0,8,3,5,10,0,10,4,4,6,0,7,3,1,0,3,0,6,2,7,7,0,5,3,0,2,3,2,3,0,6,3,6,3,7,0,10,1
n52,6,5,0,1,6,8,0,0,10,8,4,0,7,9,2,9,1,3,7,2,0,3,3,8,9,2,4,0,10,0,6,4,0,8,9,5,10,0,10,2,4,6,2,7,0,0,0,3,8,6,2,7,7,0,5,3,0,2,3,2,3,0,6,3,6,3,7,2,10,1
n51,6,5,3,1,6,8,0,0,10,8,4,0,0,9,2,9,1,3,7,2,0,3,3,8,9,2,4,0,10,9,6,4,0,8,9,5,10,0,10,2,4,6,2,7,0,0,0,3,0,6,2,7,7,4,5,3,0,2,3,2,3,0,6,3,6,3,7,2,10,1
n54,6,5,5,1,6,8,6,6,10,8,4,5,3,9,2,9,1,3,7,2,0,3,3,8,9,4,4,0,10,0,6,4,0,8,0,5,10,10,10,2,4,6,2,7,1,0,0,3,0,6,2,7,7,0,5,3,0,2,3,2,3,0,6,3,6,3,7,0,10,1
n53,6,5,0,1,6,8,6,6,10,8,4,5,0,9,2,9,1,3,7,2,0,3,3,8,9,0,4,0,10,0,6,4,0,8,2,5,10,0,10,2,4,6,2,7,1,0,0,3,0,6,2,7,7,0,5,3,0,2,3,2,3,0,6,3,6,3,7,0,10,1
n60,6,5,0,1,0,0,3,3,10,8,4,0,9,9,2,9,1,3,7,0,0,3,3,8,2,3,4,7,10,7,6,4,0,8,0,5,10,0,10,0,4,6,0,7,7,2,0,0,6,6,2,7,7,7,5,3,0,0,3,2,3,9,6,3,6,3,7,0,10,1
n59,6,5,0,1,0,0,3,3,10,8,4,0,9,9,2,9,1,3,7,0,4,3,3,8,2,3,4,7,10,7,6,4,0,8,0,5,10,0,10,0,4,6,0,7,7,2,1,0,6,6,2,7,7,7,5,3,0,0,3,2,3,9,6,3,6,3,7,0,10,1
n62,6,5,0,1,3,7,0,3,10,8,4,5,5,9,2,9,1,3,7,0,0,3,3,8,2,0,4,0,10,7,6,4,5,8,0,5,10,1,10,0,4,6,10,7,7,2,0,6,6,6,2,7,7,7,5,3,0,0,3,2,3,9,6,3,6,3,7,0,10,1
n61,6,5,0,1,3,4,0,3,10,8,4,0,0,9,2,9,1,3,7,0,0,3,3,8,2,0,4,0,10,7,6,4,5,8,0,5,10,0,10,0,4,6,10,7,7,2,0,6,6,6,2,7,7,7,5,3,0,8,3,2,3,9,6,3,6,3,7,0,10,1
n66,6,5,2,1,6,0,7,3,10,8,4,0,0,9,2,9,1,3,7,3,3,3,3,8,3,0,4,0,10,10,6,4,5,8,5,5,10,7,10,5,4,6,0,7,7,9,0,6,6,6,2,7,7,4,5,3,1,0,3,2,3,9,6,3,6,3,7,9,10,1
n65,6,5,2,1,0,0,7,3,10,8,4,0,0,9,2,9,1,3,7,3,3,3,3,8,3,9,4,0,10,10,6,4,0,8,5,5,10,7,10,5,4,6,0,7,7,9,0,6,6,6,2,7,7,4,5,3,1,0,3,2,3,9,6,3,6,3,7,9,10,1
n68,6,5,0,1,4,2,7,3,10,8,4,0,4,9,2,9,1,3,7,3,9,3,3,8,3,1,4,0,10,0,6,4,0,8,0,5,10,0,10,0,4,6,8,7,7,9,0,7,6,6,2,7,7,0,5,3,9,3,3,2,3,9,6,3,6,3,7,0,10,1
n67,6,5,0,1,4,2,7,3,10,8,4,0,4,9,2,9,1,3,7,3,0,3,3,8,3,1,4,0,10,0,6,4,0,8,0,5,10,0,10,0,4,6,8,7,7,9,0,7,6,6,2,7,7,8,5,3,0,0,3,2,3,9,6,3,6,3,7,0,10,1
n78,0,5,8,1,3,0,5,0,10,8,4,3,8,2,10,9,8,3,7,6,0,3,3,9,3,5,0,1,0,5,6,4,0,8,2,5,8,0,8,6,5,6,2,8,3,0,5,0,0,0,2,7,7,1,5,3,10,6,3,2,10,6,6,3,6,3,7,5,10,3
n77,0,5,8,1,0,0,5,7,10,8,0,3,8,2,10,9,8,3,7,6,0,3,3,9,3,5,0,1,0,5,6,4,0,8,2,5,8,0,8,6,5,6,2,8,3,0,5,5,0,0,2,7,7,1,5,3,10,6,3,2,10,6,6,3,6,3,7,5,10,3
n80,9,5,8,1,0,0,5,0,10,8,6,0,8,2,10,9,8,3,7,6,3,3,3,9,3,5,9,1,7,5,6,4,0,8,2,5,8,0,8,6,5,6,2,8,3,0,5,0,0,3,2,7,7,1,5,3,10,6,3,2,10,6,6,3,6,3,7,5,10,9
n79,9,5,8,1,0,0,5,0,10,8,6,0,8,2,10,9,8,3,7,6,3,3,3,9,3,5,0,1,7,5,6,4,9,8,2,5,8,6,8,6,5,6,2,8,3,0,5,1,0,0,2,7,7,1,5,3,10,6,3,2,10,6,6,3,6,3,7,5,10,9
n84,8,5,8,1,2,0,0,6,10,8,10,0,0,2,10,9,8,3,7,6,0,3,3,0,3,5,0,1,0,5,6,4,0,8,2,5,0,9,8,6,0,6,2,8,3,0,5,0,0,5,2,7,7,1,5,3,10,6,3,2,10,5,0,3,6,3,7,5,10,0
n83,8,5,8,1,2,0,0,6,10,8,0,0,0,2,10,9,8,3,7,6,0,3,3,0,3,5,0,1,0,5,6,4,0,8,2,5,3,9,8,6,0,6,2,8,3,0,5,0,0,5,2,7,7,1,5,3,10,6,3,2,10,5,0,3,6,3,7,5,10,0
n86,8,5,8,1,7,0,3,0,10,8,0,0,0,2,10,9,8,3,7,6,0,3,3,5,3,5,2,1,0,5,6,4,0,8,2,5,0,0,8,6,0,6,2,8,3,0,5,0,0,8,2,7,7,1,5,3,10,6,3,2,10,5,3,3,6,3,7,5,10,0
n85,8,5,8,1,0,0,0,0,10,8,0,0,2,2,10,9,8,3,7,6,0,3,3,5,3,5,2,1,0,5,6,4,0,8,2,5,0,0,8,6,0,6,2,8,3,0,5,0,0,8,2,7,7,1,5,3,10,6,3,2,10,5,3,3,6,3,7,5,10,0
n92,0,5,2,1,7,0,0,5,10,8,1,7,6,2,0,9,0,3,7,6,0,3,3,3,0,5,0,1,0,5,6,4,1,8,0,5,3,0,4,6,0,6,0,8,3,1,5,7,0,0,2,7,7,1,5,3,10,6,3,2,0,0,3,3,6,3,7,5,10,6
n91,0,5,2,1,7,0,0,5,10,8,1,7,6,2,0,9,3,3,7,6,6,3,3,3,0,5,0,1,2,5,6,4,1,8,0,5,3,0,4,6,2,6,10,8,3,1,5,7,0,0,2,7,7,1,5,3,10,6,3,2,0,0,3,3,6,3,7,5,10,6
n94,7,5,2,1,0,0,6,0,10,8,0,9,6,2,0,9,0,3,7,6,0,3,3,3,0,5,0,1,0,5,6,4,9,8,0,5,3,0,0,6,0,6,0,8,3,1,5,9,0,0,2,7,7,1,5,3,10,6,3,2,0,0,3,3,6,3,7,5,10,6
n93,0,5,2,1,0,0,0,0,10,8,0,9,6,2,0,9,0,3,7,6,0,3,3,3,3,5,0,1,8,5,6,4,3,8,0,5,3,0,1,6,0,6,0,8,3,1,5,0,0,0,2,7,7,1,5,3,10,6,3,2,0,0,3,3,6,3,7,5,10,6
n98,8,5,0,1,0,1,0,2,10,8,1,3,0,2,0,9,3,3,7,6,2,3,3,0,0,5,3,1,1,5,6,4,7,8,7,5,8,6,4,6,0,6,4,8,3,1,5,0,6,0,2,7,7,1,5,3,10,6,3,2,0,10,3,3,6,3,7,5,10,6
n97,8,5,5,1,0,1,6,0,10,8,0,0,0,2,5,9,3,3,7,6,2,3,3,2,0,5,3,1,1,5,6,4,7,8,7,5,0,6,4,6,0,6,10,8,3,1,5,0,0,0,2,7,7,1,5,3,10,6,3,2,0,0,3,3,6,3,7,5,10,6
n100,0,5,9,1,0,1,0,0,10,8,0,0,0,2,8,9,3,3,7,6,2,3,3,0,0,5,9,1,0,5,6,4,7,8,0,5,9,0,4,6,7,6,0,8,3,1,5,0,0,0,2,7,7,1,5,3,10,6,3,2,0,0,3,3,6,3,7,5,10,6
n99,2,5,9,1,0,1,0,0,10,8,0,0,0,2,8,9,3,3,7,6,2,3,3,0,0,5,9,1,0,5,6,4,7,8,0,5,9,0,4,6,0,6,0,8,3,1,5,7,0,9,2,7,7,1,5,3,10,6,3,2,0,4,3,3,6,3,7,5,10,6
n108,0,5,0,1,0,6,2,0,10,8,0,0,0,2,5,9,3,3,7,6,0,3,3,3,9,5,0,0,0,9,6,4,5,8,8,5,6,0,10,6,2,6,2,8,3,0,5,0,0,1,2,7,7,1,5,3,7,6,3,2,7,0,6,3,6,3,7,4,10,8
n107,0,5,8,1,0,6,2,0,10,8,0,0,0,2,5,9,3,3,7,6,0,3,3,3,9,5,0,0,0,0,6,4,5,8,8,5,6,0,10,6,0,6,2,8,3,0,5,0,0,1,2,7,7,1,5,3,7,6,3,2,7,7,6,3,6,3,7,4,10,0
n110,1,5,0,1,2,0,2,0,10,8,0,7,0,2,5,9,3,3,7,6,9,3,3,3,9,5,0,5,0,8,6,4,5,8,8,5,6,0,10,6,0,6,2,8,3,0,5,3,0,1,2,7,7,1,5,3,7,6,3,2,7,0,6,3,6,3,7,0,10,1
n109,0,5,0,1,2,0,2,0,10,8,0,0,0,2,5,9,3,3,7,6,0,3,3,3,9,5,0,0,7,0,6,4,5,8,8,5,6,4,10,6,0,6,2,8,3,0,5,0,0,1,2,7,7,1,5,3,7,6,3,2,7,0,6,3,6,3,7,0,10,1
n114,0,5,10,1,0,4,2,0,10,8,0,0,4,2,5,9,0,3,7,6,0,3,3,0,9,5,0,0,0,0,6,4,5,8,0,5,0,0,10,6,10,6,2,8,3,0,5,0,8,1,2,7,7,1,5,3,7,6,3,2,7,0,6,3,6,3,7,5,10,10
n113,7,5,10,1,2,4,2,4,10,8,0,0,0,2,5,9,0,3,7,6,0,3,3,0,9,5,0,0,0,0,6,4,5,8,0,5,0,0,10,6,10,6,2,8,3,0,5,0,8,1,2,7,7,1,5,3,7,6,3,2,7,0,6,3,6,3,7,5,10,10
n116,0,5,0,1,0,4,2,0,10,8,9,4,0,2,5,9,0,3,7,6,2,3,3,0,9,5,0,0,0,7,6,4,5,8,10,5,0,0,10,6,5,6,2,8,3,0,5,7,8,1,2,7,7,1,5,3,7,6,3,2,7,6,6,3,6,3,7,5,10,10
n115,0,5,0,1,6,4,2,0,10,8,9,0,0,2,5,9,0,3,7,6,2,3,3,0,9,5,0,0,0,7,6,4,5,8,10,5,0,0,10,6,0,6,2,8,3,0,5,7,8,1,2,7,7,1,5,3,7,6,3,2,7,6,6,3,6,3,7,5,10,10
n122,0,5,7,1,3,0,2,0,10,8,0,4,0,2,4,9,1,3,7,6,5,3,3,0,3,5,7,0,2,7,6,4,5,8,0,5,6,0,10,6,0,6,1,8,3,0,0,0,5,1,2,7,7,1,5,3,0,6,3,2,0,3,6,3,6,3,7,7,10,5
n121,6,5,7,1,3,0,2,0,10,8,0,4,0,2,4,9,1,3,7,6,5,3,3,5,0,5,7,0,0,7,6,4,5,8,0,5,6,0,10,6,0,6,1,8,3,0,0,0,5,1,2,7,7,1,5,3,4,6,3,2,0,3,6,3,6,3,7,7,10,0
n124,2,5,6,1,0,9,2,4,10,8,7,4,0,2,4,9,1,3,7,6,5,3,3,10,7,5,7,10,6,7,6,4,5,8,0,5,6,0,10,6,0,6,1,8,3,0,0,0,5,1,2,7,7,1,5,3,10,6,3,2,8,3,6,3,6,3,7,7,10,0
n123,2,5,6,1,0,0,2,4,10,8,0,4,6,2,4,9,1,3,7,6,5,3,3,10,7,5,7,10,6,7,6,4,5,8,0,5,6,4,10,6,0,6,1,8,3,1,0,0,5,1,2,7,7,1,5,3,10,6,3,2,0,3,6,3,6,3,7,7,10,0
n128,2,5,0,1,1,5,2,0,10,8,9,4,0,2,6,9,5,3,7,6,5,3,3,0,0,5,8,0,0,0,6,4,5,8,0,5,6,6,10,6,0,6,1,8,3,1,0,0,5,1,2,7,7,1,5,3,9,6,3,2,8,3,6,3,6,3,7,7,10,0
n127,0,5,0,1,0,5,2,0,10,8,10,4,0,2,6,9,0,3,7,6,5,3,3,0,0,5,8,8,0,0,6,4,5,8,0,5,6,0,10,6,0,6,1,8,3,1,0,0,5,1,2,7,7,1,5,3,9,6,3,2,0,3,6,3,6,3,7,7,10,0
n130,0,5,8,1,8,0,2,0,10,8,2,4,0,2,6,9,0,3,7,6,5,3,3,0,6,5,8,0,0,5,6,4,5,8,8,5,6,2,10,6,0,6,1,8,3,1,5,0,5,1,2,7,7,1,5,3,9,6,3,2,4,3,6,3,6,3,7,7,10,8
n129,0,5,8,1,0,0,2,0,10,8,7,4,0,2,6,9,0,3,7,6,5,3,3,0,0,5,8,0,2,5,6,4,5,8,8,5,6,8,10,6,0,6,1,8,3,1,5,0,5,1,2,7,7,1,5,3,9,6,3,2,0,3,6,3,6,3,7,7,10,8
n142,3,5,10,5,0,9,10,8,10,8,9,4,7,0,9,9,3,3,7,0,5,1,3,9,8,4,0,10,0,10,6,4,4,8,1,10,1,2,7,2,4,0,9,7,7,0,8,0,0,2,2,2,3,1,8,3,7,6,3,2,8,6,5,3,6,0,3,5,10,7
n141,3,5,10,5,0,9,10,0,10,8,9,4,7,7,9,9,3,3,7,0,7,1,3,9,8,4,0,10,0,10,6,4,4,8,1,0,1,0,7,2,0,0,9,7,0,0,8,0,0,2,2,2,3,1,8,3,7,6,3,2,8,6,5,3,6,8,3,5,10,7
n144,3,5,10,5,0,9,10,3,10,8,9,0,7,8,6,9,3,3,7,0,0,1,3,9,8,4,8,10,0,10,6,4,4,8,1,0,1,0,7,2,0,0,9,7,7,0,4,2,0,2,2,2,3,1,8,3,7,6,3,2,8,6,5,3,6,0,3,5,10,7
n143,3,5,10,5,0,9,10,0,10,8,9,0,7,8,0,9,3,3,7,0,0,1,3,9,8,4,0,10,0,10,6,4,4,8,1,0,1,0,7,2,0,0,9,7,7,0,4,5,0,2,2,2,3,1,8,3,7,6,3,2,8,6,5,3,6,0,3,5,10,7
n148,3,5,0,5,0,9,10,8,10,8,9,2,7,0,0,9,3,3,7,0,7,1,3,9,8,4,0,10,5,10,6,4,4,8,1,2,1,7,7,2,0,3,9,7,1,3,5,6,4,2,2,2,0,1,8,3,7,6,3,2,8,6,0,3,6,1,3,0,10,7
n147,3,5,0,5,10,9,10,0,10,8,9,2,7,0,0,9,3,3,7,0,0,1,3,9,8,4,0,10,0,10,6,4,4,8,1,2,1,7,7,2,0,3,9,7,0,3,0,0,4,0,2,2,0,1,8,3,7,6,3,2,8,6,0,3,6,1,3,0,10,7
n150,3,5,0,5,10,9,10,0,10,8,9,2,7,0,8,9,3,3,7,0,5,1,3,9,8,4,9,10,6,10,6,4,4,8,1,0,1,7,7,2,1,0,9,7,0,3,2,0,4,0,2,2,0,1,8,3,7,6,3,2,8,6,0,3,6,3,3,0,10,7
n149,3,5,0,5,0,9,10,0,10,8,9,2,7,0,0,9,3,3,7,0,2,1,3,9,8,4,9,10,6,10,6,4,4,8,1,0,1,7,7,2,1,0,9,7,0,3,0,0,4,10,2,2,0,1,8,3,7,6,3,2,8,6,6,3,6,3,3,0,10,7
n156,3,5,9,5,0,9,10,0,10,8,9,0,7,6,10,9,3,3,7,2,8,0,3,9,8,0,0,10,0,10,6,4,4,8,0,1,1,5,7,2,7,9,0,7,0,0,0,7,0,1,2,2,7,1,8,3,7,8,3,2,8,6,0,3,6,3,3,3,10,7
n155,3,5,9,5,0,9,10,0,10,8,9,0,7,6,10,9,3,3,7,2,0,0,3,9,8,0,0,10,0,10,6,4,4,8,0,0,1,5,7,2,7,9,0,7,0,0,0,0,8,1,2,2,7,1,8,3,7,8,3,2,8,6,0,3,6,3,3,3,10,7
n158,3,5,9,5,9,9,10,0,10,8,9,0,7,3,10,9,3,3,7,2,0,2,3,9,8,0,0,10,0,10,6,4,4,8,8,4,1,5,7,2,7,9,0,0,8,0,0,10,4,0,2,2,0,1,8,3,7,8,3,2,8,6,0,3,6,0,3,3,10,7
n157,3,5,9,5,9,9,10,0,10,8,9,0,7,3,10,9,3,3,7,2,0,2,3,9,8,6,0,10,0,10,6,4,4,8,0,0,1,5,7,2,7,9,6,0,8,5,0,1,0,7,2,2,1,1,8,3,7,8,3,2,8,6,0,3,6,10,3,3,10,7
n162,3,5,0,5,0,9,10,5,10,8,9,4,7,0,8,9,3,3,7,9,0,2,3,9,8,0,0,10,0,10,6,4,4,8,2,10,1,0,7,2,7,0,0,0,5,0,0,2,0,1,2,2,0,1,8,3,7,0,3,2,8,6,0,3,6,9,3,3,10,7
n161,3,5,2,5,0,9,10,0,10,8,9,0,7,0,8,9,3,3,7,9,0,2,3,9,8,5,0,10,0,10,6,4,4,8,2,10,1,0,7,2,7,0,0,0,0,0,0,2,0,1,2,2,0,1,8,3,7,0,3,2,8,6,10,3,6,9,3,3,10,7
n164,3,5,0,5,0,9,10,0,10,8,9,7,7,0,8,9,3,3,7,9,0,8,3,9,8,10,0,10,0,10,6,4,4,8,2,10,1,9,7,2,7,0,2,0,0,0,0,2,6,0,2,2,8,1,8,3,7,0,3,2,8,6,8,3,6,9,3,3,10,7
n163,3,5,0,5,0,9,10,0,10,8,9,7,7,3,8,9,3,3,7,9,0,8,3,9,8,10,0,10,0,10,6,4,4,8,2,10,1,9,7,2,7,0,2,0,0,0,0,2,9,7,2,2,8,1,8,3,7,0,3,2,8,6,0,3,6,9,3,3,10,7
n172,3,5,0,5,0,9,10,10,10,8,9,2,7,0,7,9,3,3,7,6,8,9,3,9,8,2,5,2,0,10,6,4,4,8,2,0,1,0,7,0,6,0,10,10,0,0,8,0,5,5,2,7,0,1,8,3,7,5,3,2,8,0,0,3,6,0,1,7,10,7
n171,3,5,0,5,0,9,10,1,10,8,9,2,7,0,7,9,3,3,7,6,8,9,3,9,8,2,5,2,0,10,6,4,4,8,2,0,1,0,7,0,6,0,10,10,0,7,8,0,5,5,2,0,0,1,8,3,7,5,3,2,8,0,0,3,6,9,1,7,10,7
n174,3,5,0,5,0,9,10,0,10,8,9,2,7,0,7,9,3,3,7,6,8,0,3,9,8,2,5,2,6,10,6,4,4,8,2,0,1,0,7,7,6,0,0,0,3,0,0,0,5,5,2,0,2,1,8,3,7,5,3,2,8,0,0,3,6,0,1,7,10,7
n173,3,5,0,5,1,9,10,10,10,8,9,2,7,10,7,9,3,3,7,6,8,0,3,9,8,2,5,2,7,10,6,4,4,8,2,0,1,9,7,7,6,0,0,0,0,0,0,0,5,5,2,0,2,1,8,3,7,5,3,2,8,0,0,3,6,0,1,7,10,7
n178,3,5,0,5,5,9,10,0,10,8,9,2,7,0,7,9,3,3,7,6,8,0,3,9,8,2,5,2,0,10,6,4,4,8,2,8,1,0,7,8,6,5,0,0,0,0,0,10,5,5,2,4,9,1,8,3,7,5,3,2,8,6,0,3,6,6,1,7,10,7
n177,3,5,4,5,5,9,10,0,10,8,9,2,7,0,7,9,3,3,7,6,8,0,3,9,8,2,5,2,0,10,6,4,4,8,2,0,1,0,7,8,6,5,0,0,8,1,0,10,5,5,2,0,9,1,8,3,7,5,3,2,8,6,0,3,6,5,1,7,10,7
n180,3,5,6,5,5,9,10,0,10,8,9,2,7,0,7,9,3,3,7,6,8,0,3,9,8,2,5,2,0,10,6,4,4,8,2,0,1,5,7,0,6,0,10,0,8,0,0,10,5,5,2,0,9,1,8,3,7,5,3,2,8,6,0,3,6,0,1,7,10,7
n179,3,5,6,5,5,9,10,0,10,8,9,2,7,0,7,9,3,3,7,6,8,0,3,9,8,2,5,2,0,10,6,4,4,8,2,0,1,5,7,0,6,0,10,0,0,0,0,10,5,5,2,0,9,1,8,3,7,5,3,2,8,6,0,3,6,0,1,7,10,7
n186,3,5,0,5,0,9,10,3,10,8,9,2,7,10,0,9,3,3,7,0,0,3,3,9,8,2,5,1,10,10,6,4,4,8,2,5,1,0,7,5,6,3,3,3,0,5,0,7,5,9,2,0,0,1,8,3,7,5,3,2,8,0,0,3,6,3,0,0,10,7
n185,3,5,0,5,0,9,10,3,10,8,9,2,7,10,0,9,3,3,7,0,0,3,3,9,8,2,5,1,0,10,6,4,4,8,2,5,1,0,7,5,6,3,3,0,0,5,0,6,5,9,2,0,0,1,8,3,7,5,3,2,8,7,4,3,6,3,0,0,10,7
n188,3,5,0,5,0,9,10,3,10,8,9,2,7,10,0,9,3,3,7,0,0,3,3,9,8,2,5,0,0,10,6,4,4,8,2,5,1,0,7,5,6,3,3,0,4,5,0,0,5,9,2,0,8,1,8,3,7,5,3,2,8,0,0,3,6,10,0,0,10,7
n187,3,5,0,5,8,9,10,3,10,8,9,2,7,10,8,9,3,3,7,4,3,3,3,9,8,2,5,5,0,10,6,4,4,8,2,5,1,0,7,5,6,3,3,0,0,5,0,0,5,9,2,9,0,1,8,3,7,5,3,2,8,0,0,3,6,0,0,0,10,7
n192,3,5,4,5,7,9,10,7,10,8,9,2,7,0,9,9,3,3,7,0,10,0,3,9,8,2,5,6,5,10,6,4,4,8,2,1,1,9,7,5,6,3,3,9,8,5,4,6,5,9,2,0,0,1,8,3,7,5,3,2,8,0,8,3,6,0,4,0,10,7
n191,3,5,4,5,2,9,10,7,10,8,9,2,7,0,9,9,3,3,7,0,10,0,3,9,8,2,5,6,5,10,6,4,4,8,2,1,1,9,7,5,6,3,3,2,8,5,0,6,5,9,2,10,0,1,8,3,7,5,3,2,8,0,8,3,6,0,4,0,10,7
n194,3,5,4,5,0,9,10,7,10,8,9,2,7,0,9,9,3,3,7,0,10,0,3,9,8,2,5,6,5,10,6,4,4,8,2,6,1,10,7,5,6,3,3,1,8,5,0,6,5,9,2,0,6,1,8,3,7,5,3,2,8,0,8,3,6,0,0,0,10,7
n193,3,5,4,5,0,9,10,7,10,8,9,2,7,0,9,9,3,3,7,0,10,0,3,9,8,2,5,6,5,10,6,4,4,8,2,0,1,0,7,5,6,3,3,1,8,5,0,6,5,9,2,5,0,1,8,3,7,5,3,2,8,0,8,3,6,0,0,0,10,7
n204,6,5,3,5,4,1,10,0,10,8,9,0,7,6,0,9,3,3,7,0,4,10,3,6,8,1,7,0,4,10,6,4,10,8,7,2,10,4,7,0,0,0,7,7,7,1,0,3,3,3,2,3,1,1,8,3,7,1,3,2,0,3,0,3,6,1,1,7,10,7
n203,6,5,0,5,4,1,10,0,10,8,9,0,7,6,0,9,3,3,7,9,4,10,3,6,8,0,7,0,4,10,6,4,0,8,7,2,10,4,7,0,6,0,7,7,0,1,0,3,0,3,2,0,1,1,8,3,7,0,3,2,10,0,0,3,6,1,1,7,10,7
n206,6,5,0,5,4,1,10,0,10,8,9,2,7,6,0,9,3,3,7,7,4,10,3,0,8,7,0,9,4,10,6,4,4,8,7,2,10,4,7,10,0,0,7,7,0,1,0,0,0,3,2,0,1,1,8,3,7,1,3,2,9,0,0,3,6,1,1,7,10,7
n205,6,5,0,5,4,1,10,10,10,8,9,2,7,6,0,9,3,3,7,10,4,10,3,0,8,0,10,9,4,10,6,4,0,8,7,2,10,4,7,10,0,0,7,7,7,1,0,0,0,3,2,0,1,1,8,3,7,0,3,2,9,0,0,3,6,1,1,7,10,7
n210,6,5,1,5,0,1,10,8,10,8,9,0,7,6,0,9,3,3,7,3,4,10,3,0,8,0,8,2,4,10,6,4,0,8,7,2,10,1,7,0,0,0,7,0,0,1,10,1,9,3,2,10,1,1,8,3,7,1,3,2,4,0,8,3,6,1,0,7,10,7
n209,6,5,1,5,0,1,10,8,10,8,9,10,7,6,0,9,3,3,7,0,4,10,3,0,8,0,8,2,4,10,6,4,0,8,7,2,10,0,7,0,0,0,7,0,0,1,10,1,9,3,2,10,1,1,8,3,7,0,3,2,4,0,8,3,6,1,0,7,10,7
n212,6,5,1,5,0,1,10,8,10,8,9,0,7,6,0,9,3,3,7,1,4,10,3,2,8,10,8,8,4,10,6,4,10,8,7,2,10,0,7,0,0,0,7,8,0,1,10,1,9,3,2,10,1,1,8,3,7,9,3,2,4,10,8,3,6,1,6,7,10,7
n211,6,5,1,5,3,1,10,8,10,8,9,0,7,6,0,9,3,3,7,0,4,10,3,2,8,10,8,8,4,10,6,4,10,8,7,2,10,7,7,10,0,0,7,10,0,1,10,1,9,3,2,10,1,1,8,3,7,0,3,2,4,0,8,3,6,1,0,7,10,7
n218,6,5,0,5,7,1,10,0,10,8,9,0,7,6,5,9,3,3,7,0,4,10,3,0,8,6,0,7,4,10,6,4,0,8,7,0,10,6,7,0,0,0,0,3,0,1,5,0,9,3,2,0,1,1,8,3,7,0,3,2,6,6,4,3,6,1,3,7,10,7
n217,6,5,0,5,7,1,10,0,10,8,9,0,7,6,5,9,3,3,7,0,4,10,3,0,8,6,0,0,4,10,6,4,5,8,7,0,10,6,7,0,5,0,0,3,0,1,5,0,9,3,2,10,1,1,8,3,7,0,3,2,6,6,4,3,6,1,6,7,10,7
n220,6,5,0,5,7,1,10,0,10,8,9,0,7,6,5,9,3,3,7,0,4,10,3,0,8,6,0,0,4,10,6,4,2,8,7,1,10,6,7,0,0,9,0,3,0,1,5,0,9,3,2,0,1,1,8,3,7,0,3,2,6,0,4,3,6,1,0,7,10,7
n219,6,5,0,5,7,1,10,0,10,8,9,0,7,6,5,9,3,3,7,6,4,10,3,0,8,6,0,0,4,10,6,4,2,8,7,1,10,6,7,2,0,9,8,3,10,1,5,0,9,3,2,0,1,1,8,3,7,0,3,2,6,0,4,3,6,1,0,7,10,7
n224,6,5,0,5,7,1,10,0,10,8,9,0,7,6,0,9,3,3,7,0,4,10,3,9,8,2,9,3,4,10,6,4,8,8,7,0,10,0,7,7,8,0,3,3,0,1,0,4,5,3,2,0,1,1,8,3,7,0,3,2,9,0,4,3,6,1,8,7,10,7
n223,6,5,0,5,7,1,10,0,10,8,9,0,7,6,0,9,3,3,7,0,4,10,3,9,8,2,0,3,4,10,6,4,8,8,7,1,10,0,7,7,8,0,3,3,0,1,4,0,5,3,2,0,1,1,8,3,7,0,3,2,0,0,4,3,6,1,8,7,10,7
n226,6,5,7,5,7,1,10,1,10,8,9,0,7,6,0,9,3,3,7,0,4,10,3,5,8,2,1,0,4,10,6,4,3,8,7,0,10,1,7,2,8,9,10,3,0,1,2,4,5,3,2,0,1,1,8,3,7,0,3,2,0,0,4,3,6,1,8,7,10,7
n225,6,5,0,5,7,1,10,1,10,8,9,1,7,6,0,9,3,3,7,8,4,10,3,5,8,2,8,0,4,10,6,4,0,8,7,0,10,1,7,2,8,0,0,3,3,1,0,0,5,3,2,0,1,1,8,3,7,7,3,2,2,0,4,3,6,1,8,7,10,7
n234,6,5,0,5,5,1,10,0,10,8,9,0,7,6,7,9,3,3,7,5,4,0,3,0,8,4,9,3,7,10,6,4,9,8,7,0,1,6,7,0,7,0,0,4,0,1,0,5,4,0,2,0,1,1,8,3,7,4,3,2,2,0,0,3,6,5,0,0,10,7
n233,6,5,0,5,10,1,10,0,10,8,9,0,7,6,7,9,3,3,7,5,4,0,3,0,8,4,9,3,7,10,6,4,9,8,7,0,1,6,7,10,7,6,1,4,0,1,0,5,4,0,2,0,1,1,8,3,7,4,3,2,2,0,0,3,6,5,0,0,10,7
n236,6,5,0,5,0,1,10,0,10,8,9,1,7,6,7,9,3,3,7,5,4,0,3,0,8,4,0,0,7,10,6,4,9,8,7,0,1,6,7,8,7,0,0,4,0,1,1,5,4,0,2,3,1,1,8,3,7,4,3,2,2,4,6,3,6,5,0,9,10,7
n235,6,5,0,5,0,1,10,0,10,8,9,0,7,6,7,9,3,3,7,5,4,0,3,0,8,4,0,0,7,10,6,4,9,8,7,0,1,6,7,0,7,0,0,4,0,1,0,5,4,0,2,3,1,1,8,3,7,4,3,2,2,0,0,3,6,5,0,0,10,7
n240,6,5,0,5,5,1,10,0,10,8,9,6,7,6,7,9,3,3,7,0,4,3,3,0,8,4,10,0,7,10,6,4,9,8,7,0,1,6,7,6,7,1,0,4,0,1,0,0,0,0,2,0,1,1,8,3,7,4,3,2,0,3,7,3,6,5,8,1,10,7
n239,6,5,0,5,5,1,10,0,10,8,9,0,7,6,7,9,3,3,7,0,4,0,3,0,8,4,10,0,7,10,6,4,9,8,7,0,1,6,7,6,7,1,0,4,0,1,0,0,7,0,2,0,1,1,8,3,7,4,3,2,0,3,7,3,6,5,8,1,10,7
n242,6,5,0,5,5,1,10,1,10,8,9,7,7,6,7,9,3,3,7,9,4,0,3,7,8,4,0,0,7,10,6,4,9,8,7,9,1,6,7,6,7,1,0,4,7,1,0,0,0,6,2,0,1,1,8,3,7,4,3,2,0,0,7,3,6,5,7,1,10,7
n241,6,5,0,5,5,1,10,1,10,8,9,7,7,6,7,9,3,3,7,0,4,0,3,5,8,4,0,0,7,10,6,4,9,8,7,0,1,6,7,6,7,1,0,4,7,1,0,0,0,6,2,8,1,1,8,3,7,4,3,2,0,0,7,3,6,5,0,1,10,7
n248,6,5,7,5,7,1,10,7,10,8,9,0,7,6,5,9,3,3,7,0,4,0,3,4,8,7,4,3,0,10,6,4,2,8,7,0,1,6,7,0,7,3,0,0,8,1,0,1,5,0,2,6,1,1,8,3,7,0,3,2,0,9,2,3,6,5,7,1,10,7
n247,6,5,0,5,7,1,10,9,10,8,9,0,7,6,0,9,3,3,7,0,4,0,3,4,8,7,4,3,0,10,6,4,1,8,7,0,1,6,7,0,7,3,0,0,0,1,1,1,5,0,2,6,1,1,8,3,7,0,3,2,0,9,2,3,6,5,0,1,10,7
n250,6,5,0,5,0,1,10,6,10,8,9,0,7,6,0,9,3,3,7,0,4,0,3,4,8,7,4,3,10,10,6,4,6,8,7,0,1,6,7,0,7,0,3,0,3,1,0,1,5,0,2,6,1,1,8,3,7,0,3,2,0,4,2,3,6,5,7,1,10,7
n249,6,5,0,5,0,1,10,6,10,8,9,0,7,6,0,9,3,3,7,6,4,0,3,4,8,7,4,3,0,10,6,4,6,8,7,0,1,6,7,0,7,0,0,9,3,1,0,1,5,0,2,6,1,1,8,3,7,10,3,2,0,4,2,3,6,5,0,1,10,7
n254,6,5,9,5,0,1,10,0,10,8,9,6,7,6,9,9,3,3,7,9,4,0,3,4,8,7,7,0,0,10,6,4,0,8,7,3,1,6,7,0,7,7,0,0,0,1,0,0,5,0,2,6,1,1,8,3,7,0,3,2,8,0,2,3,6,5,2,3,10,7
n253,6,5,9,5,0,1,10,0,10,8,9,6,7,6,9,9,3,3,7,9,4,0,3,4,8,7,7,0,0,10,6,4,6,8,7,3,1,6,7,0,7,7,7,0,0,1,0,0,5,0,2,6,1,1,8,3,7,0,3,2,0,0,2,3,6,5,0,3,10,7
n256,6,5,0,5,0,1,10,0,10,8,9,6,7,6,9,9,3,3,7,9,4,0,3,4,8,7,3,0,0,10,6,4,0,8,7,0,1,6,7,0,7,3,1,2,0,1,0,7,5,10,2,6,1,1,8,3,7,0,3,2,0,0,6,3,6,5,6,3,10,7
n255,6,5,0,5,0,1,10,0,10,8,9,6,7,6,9,9,3,3,7,9,4,8,3,4,8,7,3,4,0,10,6,4,0,8,7,0,1,6,7,0,7,3,1,0,0,1,7,0,5,10,2,6,1,1,8,3,7,0,3,2,0,7,6,3,6,5,6,3,10,7
n270,10,5,2,10,0,4,10,2,3,10,0,4,10,1,10,5,2,3,0,3,0,7,0,7,8,3,0,9,9,5,6,8,2,8,5,2,7,2,10,6,0,10,0,2,10,0,0,6,7,0,7,3,4,6,7,2,4,10,3,2,10,10,2,3,6,3,7,3,10,10
n269,10,5,2,10,0,4,10,2,3,10,0,4,10,1,10,5,2,3,0,3,8,7,0,7,8,3,0,9,9,5,6,8,2,8,5,2,7,2,10,6,0,10,0,2,10,0,8,6,0,0,7,7,4,6,7,2,4,10,3,2,10,10,0,3,6,3,7,3,10,10
n272,10,5,2,10,0,4,10,2,3,10,0,4,10,1,10,5,2,3,0,3,0,7,7,7,8,3,8,3,9,5,6,8,2,8,5,2,7,2,10,6,0,10,0,2,10,0,6,6,0,0,7,0,4,6,7,2,4,10,3,2,10,10,0,3,6,3,7,3,10,10
n271,10,5,2,10,8,4,10,2,3,10,0,4,10,1,10,5,2,3,5,3,3,7,3,7,8,3,0,3,9,5,6,8,2,8,5,2,7,2,10,6,0,10,0,2,10,0,0,6,0,0,7,1,4,6,7,2,4,10,3,2,10,10,0,3,6,3,7,3,10,10
n276,10,5,2,10,0,4,10,2,3,10,0,4,10,1,10,5,4,3,0,3,0,7,0,7,8,3,2,0,9,5,6,8,2,8,5,2,7,2,10,6,6,8,0,2,10,0,10,6,0,0,7,0,4,7,7,2,4,10,3,2,10,10,0,3,6,3,7,3,10,10
n275,10,5,2,10,0,4,10,2,3,10,0,4,10,1,10,5,4,3,0,3,3,7,0,7,8,3,2,0,9,5,6,8,2,8,5,2,7,2,10,6,0,8,2,2,10,0,10,6,0,0,7,0,4,7,7,2,4,10,3,2,10,10,0,3,6,3,7,3,10,10
n278,10,5,2,10,1,4,10,2,3,10,1,4,10,1,10,5,0,3,4,3,10,7,5,7,8,3,2,0,9,5,6,8,2,8,5,2,7,2,10,6,0,0,8,2,10,9,0,6,6,0,7,9,4,7,7,2,4,10,3,2,10,10,0,3,6,3,7,3,10,10
n277,10,5,2,10,1,4,10,2,3,10,0,4,10,1,10,5,0,3,4,3,10,7,5,7,8,3,2,10,9,5,6,8,2,8,5,2,7,2,10,6,0,0,10,2,10,9,0,6,0,0,7,6,4,7,7,2,4,10,3,2,10,10,0,3,6,3,7,3,10,10
n284,10,5,2,10,4,4,10,2,3,10,9,4,10,1,10,5,0,3,8,3,0,1,8,7,8,3,0,0,9,5,6,8,2,8,5,2,7,2,9,6,1,0,0,2,10,2,0,6,0,4,7,8,4,0,0,2,4,10,3,2,10,10,10,3,6,3,7,3,10,10
n283,10,5,2,10,4,4,10,2,3,10,0,4,10,1,10,5,0,3,3,3,0,1,8,7,8,3,0,0,9,5,6,8,2,8,5,2,7,2,9,6,1,0,0,2,10,2,0,6,0,0,7,8,4,0,0,2,4,10,3,2,10,10,10,3,6,3,7,3,10,10
n286,10,5,2,10,4,4,10,2,3,10,0,4,10,1,10,5,1,3,5,3,0,1,8,7,8,3,1,0,9,0,6,8,2,8,5,2,7,2,0,6,1,0,0,2,10,2,5,6,3,0,7,8,4,0,0,2,4,10,3,2,10,10,10,3,6,3,7,3,10,10
n285,10,5,2,10,4,4,10,2,3,10,0,4,10,1,10,5,0,3,5,3,0,1,8,7,8,3,1,0,9,1,6,8,2,8,5,2,7,2,0,6,1,0,0,2,10,2,5,6,3,0,7,8,4,0,0,2,4,10,3,2,10,10,10,3,6,3,7,3,10,10
n290,10,5,2,10,4,4,10,2,3,10,5,4,10,1,10,5,0,3,0,3,0,10,8,7,8,3,0,0,9,3,6,8,2,8,5,2,7,2,0,6,10,0,1,2,10,2,0,6,4,0,7,1,4,9,7,2,4,10,3,2,10,10,7,3,6,3,7,3,10,10
n289,10,5,2,10,4,4,10,2,3,10,5,4,10,1,10,5,5,3,0,3,0,10,8,7,8,3,5,0,9,3,6,8,2,8,5,2,7,2,0,6,10,3,1,2,10,2,8,6,4,6,7,1,4,9,7,2,4,10,3,2,10,10,7,3,6,3,7,3,10,10
n292,10,5,2,10,4,4,10,2,3,10,0,4,10,1,10,5,8,3,0,3,9,0,8,7,8,3,0,0,9,0,6,8,2,8,5,2,7,2,4,6,10,0,0,2,10,2,0,6,9,1,7,1,4,9,0,2,4,10,3,2,10,10,7,3,6,3,7,3,10,10
n291,10,5,2,10,4,4,10,2,3,10,9,4,10,1,10,5,8,3,0,3,9,0,8,7,8,3,0,8,9,0,6,8,2,8,5,2,7,2,4,6,10,0,0,2,10,2,3,6,9,0,7,1,4,9,0,2,4,10,3,2,10,10,7,3,6,3,7,3,10,10
n300,10,5,2,10,6,4,10,2,3,10,0,4,10,1,10,5,0,3,0,3,10,1,6,7,8,3,0,0,9,8,6,2,2,8,5,2,7,0,0,6,0,0,2,2,10,4,10,6,10,10,7,7,4,10,7,2,4,0,3,2,10,10,1,3,0,3,7,3,10,10
n299,10,5,2,10,6,4,10,2,3,10,0,4,10,1,10,5,0,3,5,3,0,1,6,7,8,3,0,0,9,0,6,2,2,8,5,2,7,0,0,6,0,0,2,2,10,4,10,6,0,10,7,7,4,10,7,2,4,0,3,2,10,10,1,3,1,3,7,3,10,10
n302,10,5,2,10,8,4,10,2,3,10,0,4,10,1,10,5,0,3,0,3,9,1,6,7,8,3,0,0,9,10,6,0,2,8,5,2,7,1,9,6,0,0,2,2,10,4,10,6,0,10,7,7,4,0,7,2,4,5,3,2,10,10,1,3,4,3,7,3,10,10
n301,10,5,2,10,8,4,10,2,3,10,0,4,10,1,10,5,0,3,9,3,0,1,6,7,8,3,0,0,9,10,6,0,2,8,5,2,7,1,9,6,0,0,2,2,10,4,10,6,0,10,7,7,4,0,7,2,4,0,3,2,10,10,1,3,0,3,7,3,10,10
n306,10,5,2,10,0,4,10,2,3,10,0,4,10,1,10,5,0,3,0,3,1,0,6,7,8,3,0,3,9,5,6,0,2,8,5,2,7,4,6,6,0,4,5,2,10,4,10,6,0,10,7,7,4,9,8,2,4,0,3,2,10,10,0,3,2,3,7,3,10,10
n305,10,5,2,10,0,4,10,2,3,10,10,4,10,1,10,5,0,3,0,3,1,0,6,7,8,3,0,3,9,0,6,0,2,8,5,2,7,4,6,6,0,0,5,2,10,4,10,6,0,10,7,7,4,9,8,2,4,10,3,2,10,10,0,3,2,3,7,3,10,10
n308,10,5,2,10,0,4,10,2,3,10,4,4,10,1,10,5,0,3,0,3,1,3,6,7,8,3,0,6,9,9,6,0,2,8,5,2,7,0,6,6,0,0,5,2,10,4,10,6,7,10,7,7,4,9,0,2,4,0,3,2,10,10,0,3,5,3,7,3,10,10
n307,10,5,2,10,0,4,10,2,3,10,4,4,10,1,10,5,0,3,9,3,1,0,6,7,8,3,0,6,9,9,6,0,2,8,5,2,7,0,6,6,0,0,5,2,10,4,10,6,0,10,7,7,4,9,0,2,4,0,3,2,10,10,0,3,5,3,7,3,10,10
n314,10,5,2,10,0,4,10,2,3,10,6,4,10,1,10,5,0,3,0,3,7,0,7,7,8,3,8,8,9,3,6,4,2,8,5,2,7,4,0,6,0,10,0,2,10,4,10,6,0,10,7,7,4,0,1,2,4,6,3,2,10,10,4,3,0,3,7,3,10,10
n313,10,5,2,10,0,4,10,2,3,10,6,4,10,1,10,5,0,3,2,3,7,0,7,7,8,3,8,8,9,6,6,4,2,8,5,2,7,4,0,6,6,10,0,2,10,4,10,6,0,10,7,7,4,9,1,2,4,6,3,2,10,10,4,3,1,3,7,3,10,10
n316,10,5,2,10,0,4,10,2,3,10,6,4,10,1,10,5,1,3,4,3,7,0,7,7,8,3,8,8,9,0,6,4,2,8,5,2,7,4,0,6,0,10,0,2,10,4,10,6,0,10,7,7,4,2,0,2,4,0,3,2,10,10,3,3,0,3,7,3,10,10
n315,10,5,2,10,0,4,10,2,3,10,6,4,10,1,10,5,1,3,0,3,7,5,7,7,8,3,8,8,9,0,6,4,2,8,5,2,7,4,0,6,3,10,0,2,10,4,10,6,0,10,7,7,4,2,0,2,4,0,3,2,10,10,3,3,0,3,7,3,10,10
n320,10,5,2,10,0,4,10,2,3,10,6,4,10,1,10,5,0,3,0,3,7,0,1,7,8,3,8,0,9,0,6,4,2,8,5,2,7,4,0,6,0,10,0,2,10,4,10,6,7,10,7,7,4,9,1,2,4,0,3,2,10,10,0,3,2,3,7,3,10,10
n319,10,5,2,10,7,4,10,2,3,10,6,4,10,1,10,5,0,3,7,3,7,0,1,7,8,3,8,0,9,0,6,4,2,8,5,2,7,4,0,6,0,10,0,2,10,4,10,6,7,10,7,7,4,9,1,2,4,0,3,2,10,10,0,3,0,3,7,3,10,10
n322,10,5,2,10,0,4,10,2,3,10,6,4,10,1,10,5,0,3,0,3,7,6,4,7,8,3,8,3,9,8,6,4,2,8,5,2,7,4,6,6,0,10,2,2,10,4,10,6,7,10,7,7,4,9,1,2,4,0,3,2,10,10,0,3,0,3,7,3,10,10
n321,10,5,2,10,0,4,10,2,3,10,6,4,10,1,10,5,0,3,0,3,7,6,4,7,8,3,8,3,9,8,6,4,2,8,5,2,7,4,6,6,0,10,2,2,10,4,10,6,7,10,7,7,4,9,1,2,4,0,3,2,10,10,0,3,0,3,7,3,10,10
n332,10,5,0,10,8,4,10,5,3,10,10,4,10,1,10,7,0,3,6,0,10,5,8,7,8,3,2,3,9,10,6,8,1,8,5,2,5,0,0,6,0,0,0,2,10,4,0,3,3,0,7,0,4,0,0,2,4,0,3,2,0,10,7,3,0,3,3,3,10,4
n331,10,5,0,10,8,4,10,5,3,10,10,4,10,1,10,7,6,3,6,0,10,5,3,7,8,3,2,3,9,10,6,8,1,8,5,2,5,0,0,6,4,8,9,2,10,4,0,3,3,0,7,2,4,0,0,2,4,0,3,2,0,10,7,3,0,3,3,3,10,4
n334,10,5,0,10,8,4,10,5,3,10,10,4,10,1,10,7,5,3,6,1,10,10,0,7,8,3,2,3,9,0,6,8,1,8,5,2,5,10,0,6,0,1,0,2,10,4,4,0,3,0,7,9,4,9,7,2,4,3,3,2,0,10,7,3,0,3,3,3,10,4
n333,10,5,0,10,8,4,10,5,3,10,10,4,10,1,10,7,0,3,6,1,10,10,0,7,8,3,2,3,9,0,6,8,1,8,5,2,5,0,0,6,0,1,0,2,10,4,0,6,3,0,7,9,4,0,7,2,4,7,3,2,1,10,7,3,0,3,3,3,10,4
n338,10,5,0,10,8,4,10,5,3,10,10,4,10,1,10,7,0,3,3,0,10,0,0,7,8,3,2,3,9,0,6,8,1,8,5,2,5,10,6,6,0,0,1,2,10,4,0,1,3,0,7,9,4,3,0,2,4,3,3,2,9,10,0,3,0,3,3,3,10,4
n337,10,5,4,10,8,4,10,5,3,10,10,4,10,1,10,7,0,3,3,0,10,0,7,7,8,3,2,3,9,0,6,8,1,8,5,2,5,10,6,6,0,8,1,2,10,4,0,6,3,8,7,0,4,3,6,2,4,3,3,2,9,10,0,3,0,3,3,3,10,4
n340,10,5,0,10,8,4,10,5,3,10,10,4,10,1,10,7,0,3,3,10,10,0,8,7,8,3,2,3,9,0,6,8,1,8,5,2,5,0,6,6,0,4,0,2,10,4,0,8,3,0,7,2,4,3,0,2,4,0,3,2,9,10,6,3,0,3,3,3,10,4
n339,10,5,0,10,8,4,10,5,3,10,10,4,10,1,10,7,0,3,3,10,10,0,8,7,8,3,2,3,9,0,6,8,1,8,5,2,5,0,6,6,0,0,10,2,10,4,0,0,3,0,7,2,4,3,0,2,4,0,3,2,9,10,2,3,0,3,3,3,10,4
n346,10,5,0,10,8,4,10,0,3,10,10,4,10,1,10,7,0,3,0,9,10,5,3,7,8,3,2,0,9,0,6,8,1,8,5,2,5,0,10,6,3,10,0,2,10,6,9,9,0,2,7,0,4,5,6,2,4,4,3,2,0,10,2,3,2,3,3,3,10,4
n345,10,5,0,10,8,4,10,0,3,10,10,4,10,1,10,7,10,3,0,9,10,0,3,7,8,3,2,0,9,0,6,8,1,8,5,2,5,0,10,6,3,10,0,2,10,6,9,9,0,2,7,0,4,5,0,2,4,0,3,2,0,10,2,3,2,3,3,3,10,4
n348,10,5,0,10,8,4,10,0,3,10,10,4,10,1,10,7,0,3,0,9,10,0,0,7,8,3,2,0,9,6,6,8,1,8,5,2,5,0,10,6,9,9,8,2,10,6,0,3,0,0,7,0,4,5,0,2,4,7,3,2,0,10,2,3,2,3,3,3,10,4
n347,10,5,0,10,8,4,10,0,3,10,10,4,10,1,10,7,0,3,0,9,10,0,0,7,8,3,2,0,9,6,6,8,1,8,5,2,5,4,10,6,0,0,8,2,10,6,6,3,0,0,7,0,4,5,0,2,4,7,3,2,0,10,2,3,2,3,3,3,10,4
n352,10,5,0,10,8,4,10,0,3,10,10,4,10,1,10,7,5,3,0,7,10,5,0,7,8,3,2,0,9,0,6,8,1,8,5,2,5,8,0,6,3,4,0,2,10,0,0,0,0,5,7,0,4,10,3,2,4,0,3,2,0,10,3,3,2,3,3,3,10,4
n351,10,5,0,10,8,4,10,0,3,10,10,4,10,1,10,7,5,3,4,0,10,5,0,7,8,3,2,0,9,0,6,8,1,8,5,2,5,0,3,6,0,4,4,2,10,8,0,0,10,5,7,0,4,10,3,2,4,0,3,2,0,10,3,3,2,3,3,3,10,4
n354,10,5,0,10,8,4,10,0,3,10,10,4,10,1,10,7,5,3,2,0,10,5,3,7,8,3,2,0,9,0,6,8,1,8,5,2,5,0,7,6,0,4,0,2,10,8,0,0,0,0,7,0,4,0,0,2,4,0,3,2,0,10,0,3,2,3,3,3,10,4
n353,10,5,0,10,8,4,10,0,3,10,10,4,10,1,10,7,5,3,2,0,10,5,0,7,8,3,2,0,9,0,6,8,1,8,5,2,5,2,7,6,0,4,8,2,10,8,0,0,0,0,7,0,4,0,0,2,4,0,3,2,0,10,0,3,2,3,3,3,10,4
n362,10,5,0,10,8,4,10,1,3,10,10,4,10,1,10,7,0,3,0,0,6,9,0,6,8,3,0,4,9,5,6,0,1,8,5,2,5,0,0,6,0,4,8,2,10,0,0,0,10,6,7,2,4,6,0,2,4,0,3,2,0,10,6,3,0,3,3,3,10,1
n361,10,5,0,10,8,4,10,0,3,10,10,4,10,1,10,7,0,3,0,0,6,9,0,6,8,3,10,4,9,5,6,0,1,8,5,2,5,0,0,6,0,4,8,2,10,0,0,0,10,6,7,2,4,6,4,2,4,0,3,2,0,10,6,3,0,3,3,3,10,1
n364,10,5,6,10,8,4,10,4,3,10,10,4,10,1,10,7,0,3,0,0,6,9,0,6,8,3,0,4,9,5,6,0,1,8,5,2,5,0,0,6,0,4,8,2,10,0,8,1,10,6,7,2,4,6,0,2,4,0,3,2,0,10,0,3,0,3,3,3,10,1
n363,10,5,0,10,8,4,10,4,3,10,10,4,10,1,10,7,0,3,0,0,6,9,9,6,8,3,0,4,9,5,6,6,1,8,5,2,5,0,0,6,4,4,8,2,10,0,8,1,10,6,7,2,4,6,0,2,4,0,3,2,0,10,1,3,0,3,3,3,10,1
n368,10,5,0,10,8,4,10,0,3,10,10,4,10,1,10,7,3,3,10,7,6,9,0,1,8,3,0,4,9,5,6,0,1,8,5,2,5,0,0,6,0,4,8,2,10,0,0,0,10,6,7,2,4,0,0,2,4,1,3,2,0,10,0,3,0,3,3,3,10,1
n367,10,5,0,10,8,4,10,0,3,10,10,4,10,1,10,7,3,3,0,0,6,9,0,1,8,3,0,4,9,5,6,0,1,8,5,2,5,0,0,6,0,4,8,2,10,0,0,0,10,6,7,2,4,0,0,2,4,1,3,2,4,10,4,3,0,3,3,3,10,1
n370,10,5,0,10,8,4,10,1,3,10,10,4,10,1,10,7,6,3,0,0,6,9,0,0,8,3,2,4,9,5,6,0,1,8,5,2,5,0,0,6,2,4,8,2,10,9,3,2,10,6,7,2,4,0,0,2,4,1,3,2,4,10,0,3,0,3,3,3,10,1
n369,10,5,0,10,8,4,10,0,3,10,10,4,10,1,10,7,6,3,0,0,6,9,0,0,8,3,2,4,9,5,6,0,1,8,5,2,5,0,0,6,2,4,8,2,10,0,3,2,10,6,7,2,4,1,0,2,4,1,3,2,4,10,0,3,7,3,3,3,10,1
n376,10,5,8,10,8,4,10,6,3,10,10,4,10,1,10,7,0,3,0,7,4,7,0,0,8,3,0,4,9,5,6,2,1,8,5,2,5,6,4,6,8,0,6,2,10,0,6,0,3,9,7,2,4,0,3,2,4,2,3,2,0,10,3,3,10,3,3,3,10,1
n375,10,5,8,10,8,4,10,6,3,10,10,4,10,1,10,7,0,3,0,7,4,7,0,0,8,3,0,4,9,5,6,2,1,8,5,2,5,6,4,6,0,7,6,2,10,0,6,0,3,9,7,2,4,0,3,2,4,2,3,2,0,10,3,3,10,3,3,3,10,1
n378,10,5,8,10,8,4,10,6,3,10,10,4,10,1,10,7,0,3,5,7,4,7,0,0,8,3,0,4,9,5,6,2,1,8,5,2,5,0,4,6,0,7,6,2,10,0,6,0,3,9,7,2,4,0,3,2,4,2,3,2,0,10,3,3,10,3,3,3,10,1
n377,10,5,8,10,8,4,10,6,3,10,10,4,10,1,10,7,0,3,0,7,4,7,2,0,8,3,0,4,9,5,6,2,1,8,5,2,5,0,4,6,0,7,6,2,10,0,6,3,3,9,7,2,4,0,3,2,4,0,3,2,7,10,3,3,10,3,3,3,10,1
n382,10,5,8,10,8,4,10,6,3,10,10,4,10,1,10,7,0,3,0,4,4,10,1,0,8,3,0,4,9,5,6,2,1,8,5,2,5,0,4,6,8,0,6,2,10,10,6,9,3,0,7,2,4,0,3,2,4,9,3,2,2,10,0,3,10,3,3,3,10,1
n381,10,5,8,10,8,4,10,6,3,10,10,4,10,1,10,7,4,3,0,4,6,10,1,4,8,3,0,4,9,5,6,2,1,8,5,2,5,0,4,6,0,3,6,2,10,10,6,9,3,0,7,2,4,0,3,2,4,9,3,2,2,10,0,3,10,3,3,3,10,1
n384,10,5,8,10,8,4,10,6,3,10,10,4,10,1,10,7,0,3,0,4,0,0,6,7,8,3,0,4,9,5,6,2,1,8,5,2,5,0,4,6,0,7,6,2,10,10,6,9,3,5,7,2,4,0,3,2,4,9,3,2,2,10,0,3,10,3,3,3,10,1
n383,10,5,8,10,8,4,10,6,3,10,10,4,10,1,10,7,0,3,0,4,5,0,0,0,8,3,0,4,9,5,6,2,1,8,5,2,5,0,4,6,9,7,6,2,10,10,6,9,3,5,7,2,4,0,3,2,4,9,3,2,2,10,0,3,10,3,3,3,10,1
n396,8,5,8,0,2,4,0,7,5,10,10,4,10,1,10,5,10,3,2,7,9,1,2,9,8,3,0,3,7,8,6,0,4,8,5,2,0,0,9,10,4,2,9,2,9,0,1,9,9,0,7,7,4,6,2,5,4,2,3,10,10,10,0,3,9,0,0,3,10,7
n395,8,5,8,0,2,4,0,7,5,10,10,4,10,1,10,5,10,3,2,7,9,0,2,9,8,3,0,3,7,8,6,0,4,8,5,2,6,0,9,10,4,2,9,2,9,0,1,9,9,0,7,7,4,6,2,5,4,2,3,10,10,10,0,3,9,0,0,3,10,7
n398,8,5,8,8,2,4,0,7,0,10,10,4,10,1,10,5,10,3,2,0,9,1,2,9,8,3,0,3,7,8,6,2,4,8,5,2,7,0,0,10,4,2,9,2,9,2,1,9,9,0,7,7,4,6,2,5,4,2,3,10,10,10,0,3,9,0,0,3,10,7
n397,8,5,8,8,2,4,0,7,0,10,10,4,10,1,10,5,10,3,2,5,9,0,2,9,8,3,0,3,7,8,6,2,4,8,5,2,7,5,0,10,4,2,9,2,9,0,1,9,9,0,7,7,4,6,2,5,4,2,3,10,10,10,0,3,9,0,0,3,10,7
n402,2,5,8,6,0,4,0,7,5,10,10,4,10,1,10,5,10,3,2,1,9,0,2,9,8,3,0,0,7,8,6,0,4,8,5,2,0,5,8,10,4,2,9,2,9,5,1,9,9,9,7,7,4,6,2,5,4,2,3,10,1,10,1,3,9,0,0,3,10,7
n401,2,5,8,6,0,4,0,7,5,10,10,4,10,1,10,5,10,3,2,1,9,0,2,9,8,3,0,0,7,8,6,0,4,8,5,2,0,5,8,10,4,2,9,2,9,0,1,9,9,0,7,7,4,6,2,5,4,2,3,10,1,10,1,3,9,0,0,3,10,7
n404,0,5,8,0,0,4,7,7,4,10,10,4,10,1,10,5,10,3,2,0,9,0,2,9,8,3,8,0,7,8,6,0,4,8,5,2,0,8,0,10,4,2,9,2,9,0,1,9,9,3,7,7,4,6,2,5,4,2,3,10,0,10,1,3,9,0,0,3,10,7
n403,0,5,8,0,7,4,7,7,4,10,10,4,10,1,10,5,10,3,2,7,9,0,2,9,8,3,0,0,7,8,6,0,4,8,5,2,5,8,0,10,4,2,9,2,9,0,1,9,9,0,7,7,4,6,2,5,4,2,3,10,0,10,1,3,9,0,0,3,10,7
n410,0,5,8,0,10,4,3,7,0,10,10,4,10,1,10,5,0,3,2,0,9,0,2,9,8,0,0,5,7,0,6,0,4,8,5,2,5,0,0,10,4,2,0,2,9,10,1,9,9,9,7,7,4,6,2,5,4,2,3,10,0,10,9,3,9,4,0,3,10,7
n409,4,5,8,0,10,4,9,7,0,10,10,4,10,1,10,5,0,3,2,0,9,0,2,9,8,0,0,5,7,0,6,0,4,8,5,2,5,0,0,10,4,2,4,2,9,10,1,9,9,9,7,7,4,6,2,2,4,2,3,10,2,10,9,3,9,4,0,3,10,7
n412,0,5,8,8,10,4,0,7,8,10,10,4,10,1,10,5,0,3,2,5,9,0,2,9,8,4,0,0,7,0,6,0,4,8,5,2,0,0,0,10,4,2,3,2,9,0,1,9,9,9,7,7,4,6,2,0,4,2,3,10,0,10,9,3,9,4,0,3,10,7
n411,0,5,8,8,10,4,3,7,0,10,10,4,10,1,10,5,8,3,2,5,9,0,2,9,8,8,0,0,7,0,6,0,4,8,5,2,0,6,0,10,4,2,0,2,9,0,1,9,9,9,7,7,4,6,2,4,4,2,3,10,0,10,9,3,9,4,0,3,10,7
n416,0,5,8,10,1,4,0,7,0,10,10,4,10,1,10,5,6,3,2,0,9,0,2,9,8,4,2,7,7,5,6,9,4,8,5,2,2,3,0,10,4,2,3,2,9,2,1,9,9,0,7,7,4,6,2,0,4,2,3,10,0,10,0,3,9,4,1,3,10,7
n415,0,5,8,0,1,4,0,7,0,10,10,4,10,1,10,5,0,3,2,0,9,0,2,9,8,4,2,7,7,0,6,9,4,8,5,2,0,0,0,10,4,2,2,2,9,2,1,9,9,0,7,7,4,6,2,0,4,2,3,10,0,10,0,3,9,4,1,3,10,7
n418,0,5,8,0,7,4,9,7,0,10,10,4,10,1,10,5,9,3,2,0,9,7,2,9,8,0,0,0,7,9,6,7,4,8,5,2,6,0,4,10,4,2,0,2,9,4,1,9,9,0,7,7,4,6,2,8,4,2,3,10,0,10,0,3,9,4,0,3,10,7
n417,0,5,8,0,7,4,9,7,0,10,10,4,10,1,10,5,9,3,2,0,9,8,2,9,8,10,6,0,7,9,6,7,4,8,5,2,0,5,0,10,4,2,0,2,9,4,1,9,9,0,7,7,4,6,2,0,4,2,3,10,0,10,0,3,9,4,0,3,10,7
n426,5,5,8,0,3,4,0,7,2,10,10,4,10,1,10,5,0,3,2,5,9,6,4,5,8,0,10,9,7,0,6,3,0,8,5,2,6,0,3,10,4,2,1,2,0,0,1,9,2,0,7,7,4,6,5,0,4,2,3,0,8,10,4,3,9,1,4,3,10,7
n425,5,5,8,0,3,4,7,7,2,10,10,4,10,1,10,5,9,3,2,7,9,6,0,5,8,0,10,9,7,0,6,3,0,8,5,2,6,0,3,10,4,2,1,2,0,0,1,9,2,0,7,7,4,6,5,1,4,2,3,0,8,10,4,3,9,1,4,3,10,7
n428,5,5,8,7,3,4,7,7,2,10,10,4,10,1,10,5,0,3,2,9,9,6,10,5,8,9,10,9,7,0,6,3,3,8,5,2,6,0,3,10,4,2,1,2,0,0,1,9,2,0,7,7,4,6,5,2,4,2,3,0,8,10,4,3,9,1,4,3,10,7
n427,5,5,8,7,3,4,0,7,2,10,10,4,10,1,10,5,0,3,2,9,9,6,10,5,8,0,10,9,7,0,6,3,3,8,5,2,6,0,3,10,4,2,1,2,0,10,1,9,2,10,7,7,4,6,5,0,4,2,3,0,8,10,4,3,9,1,4,3,10,7
n432,5,5,8,0,0,4,0,7,2,10,10,4,10,1,10,5,0,3,2,0,9,6,0,5,8,0,10,9,7,0,6,0,4,8,5,2,6,0,3,10,4,2,1,2,0,7,1,9,2,7,7,1,4,6,5,0,4,2,3,0,0,10,4,3,9,0,0,3,10,7
n431,5,5,8,0,0,4,2,7,2,10,10,4,10,1,10,5,0,3,2,0,9,6,0,5,8,0,10,9,7,0,6,7,4,8,5,2,6,0,3,10,4,2,1,2,0,7,1,9,2,7,7,1,4,6,5,0,4,2,3,0,0,10,4,3,9,0,0,3,10,7
n434,5,5,8,4,1,4,5,7,2,10,10,4,10,1,10,5,8,3,2,3,9,6,0,5,8,0,10,9,7,0,6,0,4,8,5,2,6,10,3,10,4,2,1,2,0,8,1,9,2,10,7,1,4,6,5,0,4,2,3,0,6,10,4,3,9,8,0,3,10,7
n433,5,5,8,4,1,4,10,7,2,10,10,4,10,1,10,5,8,3,2,3,9,6,0,5,8,0,10,9,7,0,6,9,4,8,5,2,6,0,3,10,4,2,1,2,0,8,1,9,2,0,7,1,4,6,5,0,4,2,3,0,6,10,4,3,9,8,0,3,10,7
n440,6,5,8,0,4,4,0,7,5,10,10,4,10,1,10,5,0,3,2,2,9,6,0,0,8,6,3,10,7,0,6,1,8,8,5,2,3,1,3,10,4,2,10,2,1,0,1,9,2,0,7,0,4,6,7,0,4,2,3,0,7,10,10,3,9,0,8,3,10,7
n439,6,5,8,0,4,4,0,7,5,10,10,4,10,1,10,5,0,3,2,2,9,6,0,3,8,6,3,0,7,10,6,1,8,8,5,2,0,1,3,10,4,2,10,2,1,2,1,9,2,7,7,0,4,6,7,0,4,2,3,3,7,10,10,3,9,0,8,3,10,7
n442,6,5,8,6,4,4,1,7,0,10,10,4,10,1,10,5,8,3,2,2,9,6,5,2,8,0,3,0,7,0,6,0,7,8,5,2,0,7,3,10,4,2,10,2,0,0,1,9,2,0,7,0,4,6,7,0,4,2,3,1,2,10,0,3,9,10,2,3,10,7
n441,6,5,8,6,4,4,1,7,0,10,10,4,10,1,10,5,10,3,2,2,9,6,0,0,8,0,3,0,7,0,6,0,1,8,5,2,0,0,3,10,4,2,10,2,0,0,1,9,2,4,7,0,4,6,7,0,4,2,3,1,0,10,0,3,9,10,2,3,10,7
n446,0,5,8,0,4,4,0,7,5,10,10,4,10,1,10,5,10,3,2,9,9,6,3,0,8,9,3,2,7,0,6,10,2,8,5,2,0,0,3,10,4,2,3,2,2,1,1,9,2,0,7,0,4,6,0,8,4,2,3,8,0,10,6,3,9,0,4,3,10,7
n445,0,5,8,0,4,4,5,7,5,10,10,4,10,1,10,5,4,3,2,1,9,6,3,0,8,9,3,2,7,3,6,10,2,8,5,2,0,0,3,10,4,2,0,2,2,9,1,9,2,0,7,0,4,6,3,8,4,2,3,8,0,10,0,3,9,0,2,3,10,7
n448,10,5,8,10,4,4,0,7,5,10,10,4,10,1,10,5,0,3,2,0,9,6,3,0,8,9,3,0,7,0,6,2,0,8,5,2,0,2,3,10,4,2,6,2,0,9,1,9,2,10,7,0,4,6,6,8,4,2,3,8,0,10,7,3,9,0,0,3,10,7
n447,0,5,8,0,4,4,2,7,5,10,10,4,10,1,10,5,0,3,2,0,9,6,3,0,8,9,3,0,7,0,6,2,0,8,5,2,0,0,3,10,4,2,0,2,0,0,1,9,2,0,7,10,4,6,1,8,4,2,3,8,0,10,7,3,9,0,0,3,10,7
n458,5,5,8,4,9,4,0,7,0,10,7,4,10,1,10,0,4,3,2,7,9,3,10,0,8,1,5,3,8,9,6,0,4,8,5,2,2,0,0,10,9,2,8,2,0,0,7,0,3,0,7,2,4,6,1,8,4,2,3,0,5,10,2,3,9,0,0,3,10,2
n457,5,5,8,4,9,4,0,7,0,10,7,4,10,1,10,0,4,3,2,7,9,0,10,0,8,1,5,3,8,9,6,0,0,8,5,2,2,0,4,10,9,2,8,2,0,0,7,0,3,10,7,2,4,6,0,8,4,2,3,0,5,10,5,3,9,0,0,3,10,0
n460,5,5,8,4,9,4,6,7,0,10,7,4,10,1,10,0,4,3,2,7,9,0,10,0,8,1,0,3,9,9,6,0,0,8,5,2,2,9,0,10,9,2,8,2,9,0,7,0,3,0,7,2,4,6,0,8,4,2,3,0,5,10,0,3,9,0,10,3,10,1
n459,5,5,8,4,9,4,0,7,0,10,7,4,10,1,10,0,4,3,2,7,9,0,10,0,8,1,0,3,9,9,6,0,0,8,5,2,2,0,0,10,9,2,8,2,6,1,7,0,3,0,7,2,4,6,0,8,4,2,3,0,5,10,0,3,9,0,10,3,10,1
n464,5,5,8,4,9,4,0,7,0,10,7,4,10,1,10,0,4,3,2,7,9,7,10,0,8,1,8,3,0,9,6,0,0,8,5,2,2,10,1,10,9,2,4,2,0,8,7,8,0,0,7,2,4,6,7,8,4,2,3,0,5,10,6,3,9,4,0,3,10,0
n463,5,5,8,4,9,4,0,7,0,10,7,4,10,1,10,2,4,3,2,7,9,9,10,0,8,1,8,3,0,9,6,0,0,8,5,2,2,10,1,10,9,2,4,2,0,8,7,8,0,0,7,2,4,6,7,8,4,2,3,0,5,10,6,3,9,4,0,3,10,0
n466,5,5,8,4,9,4,8,7,0,10,7,4,10,1,10,9,4,3,2,7,9,0,10,0,8,1,8,3,10,9,6,1,0,8,5,2,2,10,1,10,9,2,4,2,0,8,7,0,0,0,7,2,4,6,8,8,4,2,3,7,5,10,6,3,9,4,1,3,10,2
n465,5,5,8,4,9,4,8,7,0,10,7,4,10,1,10,0,4,3,2,7,9,8,10,0,8,1,8,3,10,9,6,0,8,8,5,2,2,10,1,10,9,2,4,2,1,8,7,0,0,0,7,2,4,6,0,8,4,2,3,7,5,10,6,3,9,4,6,3,10,2
n472,5,5,8,4,9,4,0,7,5,10,7,4,10,1,10,0,0,3,2,7,9,7,10,10,8,1,0,3,1,9,6,0,1,8,5,2,2,0,0,10,0,2,0,2,0,0,7,2,0,8,7,2,4,6,7,8,4,2,3,0,3,10,0,3,9,1,0,3,10,0
n471,5,5,8,4,9,4,0,7,5,10,7,4,10,1,10,0,0,3,2,7,9,7,10,10,8,1,7,3,0,9,6,0,0,8,5,2,2,0,0,10,0,2,0,2,8,0,7,2,0,0,7,2,4,6,7,8,4,2,3,0,4,10,0,3,9,1,0,3,10,0
n474,5,5,8,4,9,4,0,7,5,10,7,4,10,1,10,0,0,3,2,7,9,0,10,0,8,1,7,3,0,9,6,0,0,8,5,2,2,9,0,10,0,2,0,2,7,0,7,2,0,5,7,2,4,6,7,8,4,2,3,0,0,10,0,3,9,1,0,3,10,10
n473,5,5,8,4,9,4,9,7,5,10,7,4,10,1,10,0,1,3,2,7,9,0,10,0,8,1,7,3,0,9,6,0,0,8,5,2,2,0,0,10,0,2,0,2,0,0,7,2,3,5,7,2,4,6,7,8,4,2,3,7,0,10,10,3,9,1,0,3,10,0
n478,5,5,8,4,9,4,0,7,10,10,7,4,10,1,10,5,0,3,2,7,9,0,10,9,8,1,4,3,0,9,6,4,6,8,5,2,2,9,0,10,0,2,10,2,4,4,7,2,0,0,7,2,4,6,7,8,4,2,3,7,0,10,0,3,9,0,2,3,10,0
n477,5,5,8,4,9,4,0,7,10,10,7,4,10,1,10,5,3,3,2,7,9,0,10,9,8,1,4,3,5,9,6,0,1,8,5,2,2,0,0,10,2,2,10,2,4,4,7,2,0,4,7,2,4,6,7,8,4,2,3,7,10,10,0,3,9,0,0,3,10,0
n480,5,5,8,4,9,4,0,7,10,10,7,4,10,1,10,0,0,3,2,7,9,6,10,9,8,1,0,3,0,9,6,2,0,8,5,2,2,1,0,10,0,2,10,2,4,6,7,2,0,0,7,2,4,6,7,8,4,2,3,0,0,10,5,3,9,0,10,3,10,0
n479,5,5,8,4,9,4,0,7,10,10,7,4,10,1,10,0,0,3,2,7,9,6,10,9,8,1,0,3,0,9,6,1,0,8,5,2,2,1,0,10,5,2,10,2,4,6,7,2,0,0,7,2,4,6,7,8,4,2,3,2,0,10,0,3,9,0,10,3,10,3
n488,5,5,8,4,9,4,0,7,8,10,7,4,10,1,10,9,7,3,2,7,9,4,10,4,8,1,0,3,0,6,6,3,0,8,5,2,2,10,3,10,0,2,4,2,0,3,0,2,0,0,7,0,4,6,2,8,4,2,3,0,2,10,5,3,9,0,9,3,10,0
n487,5,5,8,4,9,4,0,7,0,10,7,4,10,1,10,9,7,3,2,7,9,4,10,4,8,1,0,3,0,6,6,8,0,8,5,2,2,10,3,10,0,2,4,2,0,0,0,2,0,0,7,0,4,6,2,8,4,2,3,0,2,10,0,3,9,0,9,3,10,0
n490,5,5,8,4,9,4,9,7,9,10,7,4,10,1,10,9,7,3,2,7,9,4,10,4,8,1,2,3,0,6,6,10,0,8,5,2,2,10,3,10,6,2,4,2,0,0,6,4,0,10,7,0,4,6,2,8,4,2,3,0,0,10,0,3,9,0,9,3,10,4
n489,5,5,8,4,9,4,0,7,0,10,7,4,10,1,10,9,7,3,2,7,9,4,10,4,8,1,2,3,0,6,6,0,0,8,5,2,2,10,3,10,6,2,4,2,0,3,6,4,0,10,7,0,4,6,2,8,4,2,3,0,0,10,0,3,9,0,9,3,10,0
n494,5,5,8,4,9,4,3,7,0,10,7,4,10,1,10,9,7,3,2,7,9,4,10,1,8,1,7,3,9,6,6,9,10,8,5,2,2,10,3,10,0,2,7,2,9,4,0,7,0,0,7,8,4,6,0,8,4,2,3,6,2,10,0,3,9,6,0,3,10,0
n493,5,5,8,4,9,4,3,7,10,10,7,4,10,1,10,9,7,3,2,7,9,4,10,10,8,1,7,3,9,6,6,9,10,8,5,2,2,10,3,10,0,2,7,2,9,4,0,7,5,0,7,8,4,6,0,8,4,2,3,6,2,10,0,3,9,6,3,3,10,0
n496,5,5,8,4,9,4,3,7,0,10,7,4,10,1,10,9,7,3,2,7,9,4,10,3,8,1,7,3,9,6,6,0,0,8,5,2,2,10,3,10,10,2,0,2,0,6,0,7,0,0,7,8,4,6,0,8,4,2,3,6,2,10,0,3,9,10,0,3,10,0
n495,5,5,8,4,9,4,3,7,6,10,7,4,10,1,10,9,7,3,2,7,9,4,10,3,8,1,7,3,9,6,6,0,0,8,5,2,2,10,3,10,10,2,4,2,0,6,0,7,0,0,7,8,4,6,0,8,4,2,3,6,2,10,0,3,9,10,0,3,10,0
n502,5,5,8,4,9,4,2,7,0,10,7,4,10,1,10,8,7,3,2,7,9,0,10,8,8,1,7,3,0,5,6,9,0,8,5,2,2,0,0,10,3,2,1,2,1,0,4,0,2,1,7,0,4,6,4,8,4,2,3,2,1,10,0,3,9,10,0,3,10,0
n501,5,5,8,4,9,4,2,7,0,10,7,4,10,1,10,0,7,3,2,7,9,0,10,8,8,1,7,3,0,5,6,9,0,8,5,2,2,0,0,10,3,2,1,2,1,10,4,9,8,1,7,0,4,6,4,8,4,2,3,2,1,10,3,3,9,10,0,3,10,6
n504,5,5,8,4,9,4,0,7,5,10,7,4,10,1,10,1,7,3,2,7,9,0,10,8,8,1,7,3,0,0,6,9,0,8,5,2,2,9,10,10,3,2,1,2,1,0,4,0,0,1,7,0,4,6,4,8,4,2,3,5,1,10,0,3,9,10,0,3,10,0
n503,5,5,8,4,9,4,0,7,5,10,7,4,10,1,10,1,7,3,2,7,9,0,10,8,8,1,7,3,0,0,6,9,0,8,5,2,2,9,10,10,3,2,1,2,1,0,4,7,0,1,7,0,4,6,4,8,4,2,3,5,1,10,0,3,9,10,0,3,10,0
n508,5,5,8,4,9,4,0,7,8,10,7,4,10,1,10,0,7,3,2,7,9,6,10,8,8,1,7,3,0,0,6,0,0,8,5,2,2,0,4,10,0,2,7,2,1,9,0,0,0,1,7,0,4,6,0,8,4,2,3,0,1,10,5,3,9,10,0,3,10,0
n507,5,5,8,4,9,4,0,7,8,10,7,4,10,1,10,0,7,3,2,7,9,1,10,8,8,1,7,3,0,1,6,0,0,8,5,2,2,4,4,10,0,2,0,2,1,9,0,0,0,1,7,1,4,6,0,8,4,2,3,0,1,10,5,3,9,10,0,3,10,9
n510,5,5,8,4,9,4,0,7,8,10,7,4,10,1,10,0,7,3,2,7,9,0,10,8,8,1,7,3,0,6,6,0,5,8,5,2,2,4,4,10,0,2,0,2,1,0,0,0,0,1,7,0,4,6,0,8,4,2,3,1,1,10,5,3,9,10,0,3,10,0
n509,5,5,8,4,9,4,10,7,8,10,7,4,10,1,10,0,7,3,2,7,9,0,10,8,8,1,7,3,2,0,6,9,5,8,5,2,2,4,4,10,0,2,0,2,1,0,0,0,0,1,7,0,4,6,0,8,4,2,3,1,1,10,5,3,9,10,0,3,10,0
