cell,r1,r2,r3,r4,r5,r6,r7,r8,r9,r10,r11,r12,r13,r14,r15,r16,r17,r18,r19,r20,r21,r22,r23,r24,r25,r26,r27,r28,r29,r30,r31,r32,r33,r34,r35,r36,r37,r38,r39,r40,r41,r42,r43,r44,r45,r46,r47,r48,r49,r50
n16,8,9,0,3,9,8,3,8,6,8,0,3,6,7,10,0,10,8,0,7,3,9,3,8,4,9,9,0,8,9,0,7,0,4,0,8,10,5,0,7,9,1,1,2,10,9,0,5,0,4
n15,8,9,0,3,9,8,3,8,6,8,0,3,6,7,10,0,10,8,0,7,3,9,3,8,4,9,9,0,8,9,0,7,0,4,0,8,10,1,0,7,9,1,1,2,10,9,0,5,0,4
n18,8,9,6,3,9,8,3,8,6,8,3,3,6,7,10,0,10,8,0,7,3,9,3,8,4,9,9,0,8,9,0,7,0,3,0,8,10,0,1,7,9,0,1,2,10,9,1,5,0,4
n17,8,9,0,3,9,8,3,8,6,8,3,3,6,7,10,0,10,8,2,7,3,9,3,8,4,9,9,0,8,9,6,7,0,3,0,8,10,0,1,7,9,0,1,2,10,9,1,5,0,4
n22,8,9,0,0,9,8,8,8,6,0,0,3,6,7,10,0,10,8,9,7,3,9,3,8,4,9,9,6,8,9,0,7,6,8,0,8,10,8,1,7,9,0,1,2,10,9,8,10,0,4
n21,8,9,0,0,9,8,8,8,6,0,0,3,6,7,10,6,10,8,9,7,3,9,3,8,4,9,9,6,8,9,3,7,6,8,0,8,10,0,0,7,9,0,1,2,10,9,8,10,0,4
n24,8,9,0,0,9,8,8,8,6,0,0,3,6,7,10,0,10,8,10,7,3,9,3,8,4,9,9,0,8,9,0,7,6,8,0,8,10,10,0,7,9,0,1,2,10,9,8,10,4,4
n23,8,9,5,0,9,8,8,8,6,0,0,3,6,7,10,10,10,8,10,7,3,9,3,8,4,9,9,2,8,9,4,7,6,8,0,8,10,10,0,7,9,0,1,2,10,9,8,10,4,4
n30,8,9,4,0,9,8,3,8,6,7,10,3,0,7,4,0,10,8,1,7,3,9,3,8,4,0,9,0,8,9,1,7,10,0,8,8,10,10,2,7,9,0,1,2,10,9,10,10,3,4
n29,8,9,4,0,9,8,3,8,6,7,10,3,0,7,4,0,10,8,1,7,3,9,3,8,4,0,9,0,8,9,0,7,10,0,8,8,10,0,0,7,9,0,1,2,10,9,10,10,0,4
n32,8,9,4,1,9,8,3,8,6,0,10,3,0,7,4,10,10,8,1,7,3,9,3,8,4,0,9,3,8,9,0,7,10,0,8,8,10,0,0,7,9,0,1,2,10,9,2,10,0,4
n31,8,9,4,0,9,8,3,8,6,0,10,3,4,7,4,0,10,8,1,7,3,9,3,8,4,0,9,3,8,9,0,7,10,2,8,8,10,2,4,7,9,0,1,2,10,9,2,10,0,4
n36,8,9,4,7,9,8,3,8,6,0,10,3,0,7,4,0,10,8,1,7,3,9,3,8,4,0,9,0,8,9,0,7,10,7,0,8,10,7,9,7,9,0,1,2,10,9,6,10,0,4
n35,8,9,4,7,9,8,3,8,6,0,10,3,9,7,4,0,10,8,1,7,3,9,3,8,4,0,9,10,8,9,0,7,10,7,0,8,10,7,9,7,9,0,1,2,10,9,6,10,10,4
n38,8,9,4,7,9,8,3,8,6,0,10,3,0,7,4,0,10,8,1,7,3,9,3,8,4,2,9,0,8,9,9,7,10,8,8,8,10,3,0,7,9,4,1,2,10,9,6,10,3,4
n37,8,9,4,7,9,8,3,8,6,7,10,3,0,7,4,0,10,8,1,7,3,9,3,8,4,2,9,0,8,9,9,7,10,0,8,8,10,1,0,7,9,0,1,2,10,9,6,10,3,4
n46,8,9,0,0,9,8,3,8,6,0,6,3,7,7,0,5,10,8,0,7,3,9,3,8,4,0,9,0,8,9,2,9,6,8,8,0,10,6,0,7,9,7,1,2,10,9,0,8,1,4
n45,8,9,0,0,9,8,3,8,6,0,6,3,7,7,0,5,10,8,0,7,3,9,3,8,4,10,9,0,8,9,0,9,6,8,8,10,10,6,0,7,9,7,1,2,10,9,0,8,1,4
n48,8,9,3,0,9,8,3,8,6,0,6,3,7,7,0,5,10,8,0,7,3,9,3,8,4,0,9,0,8,9,0,9,0,8,8,0,10,0,5,7,9,7,1,2,10,9,1,0,1,4
n47,8,9,0,0,9,8,3,8,6,2,6,3,7,7,0,5,10,8,0,7,3,9,3,8,4,0,9,0,8,9,7,9,0,8,8,0,10,4,0,7,9,7,1,2,10,9,0,0,1,4
n52,8,9,0,3,9,8,3,8,6,0,6,3,7,7,0,5,10,8,6,7,3,9,3,8,4,0,9,0,8,9,0,9,3,0,8,8,10,4,0,7,9,7,1,2,10,9,0,3,1,4
n51,8,9,7,3,9,8,3,8,6,8,6,3,7,7,0,5,10,8,0,7,3,9,3,8,4,0,9,0,8,9,0,9,3,0,8,8,10,4,0,7,9,7,1,2,10,9,0,3,1,4
n54,8,9,0,3,9,8,3,8,6,0,6,3,7,7,0,5,10,8,0,7,3,9,3,8,4,0,9,7,8,9,0,9,3,3,8,0,10,0,0,7,9,7,1,2,10,9,10,3,1,4
n53,8,9,0,3,9,8,3,8,6,0,6,3,7,7,0,5,10,8,0,7,3,9,3,8,4,0,9,0,8,9,0,9,3,3,8,0,10,0,0,7,9,7,1,2,10,9,10,3,1,4
n60,8,9,2,0,9,8,0,8,6,0,3,3,5,7,8,5,10,8,6,7,3,9,3,8,4,0,9,8,8,9,0,9,0,1,9,6,10,4,1,7,9,7,1,2,10,9,2,0,1,4
n59,8,9,2,0,9,8,0,8,6,0,3,3,5,7,8,5,10,8,0,7,3,9,3,8,4,0,9,8,8,9,4,9,0,1,9,6,10,4,0,7,9,7,1,2,10,9,2,0,1,4
n62,8,9,2,0,9,8,0,8,6,0,3,3,5,7,2,5,10,8,5,7,3,9,3,8,4,0,9,8,8,9,0,9,0,0,9,6,10,4,0,7,9,7,1,2,10,9,3,0,1,4
n61,8,9,2,0,9,8,0,8,6,0,3,3,5,7,2,5,10,8,5,7,3,9,3,8,4,0,9,8,8,9,0,9,4,0,9,6,10,4,0,7,9,7,1,2,10,9,0,0,1,4
n66,8,9,2,9,9,8,0,8,6,7,0,3,5,7,6,5,10,8,0,7,3,9,3,8,4,6,9,8,8,9,4,9,0,0,8,6,10,4,0,7,9,7,1,2,10,9,0,9,1,4
n65,8,9,2,9,9,8,0,8,6,7,0,3,5,7,6,5,10,8,2,7,3,9,3,8,4,6,9,8,8,9,0,9,0,0,8,6,10,4,10,7,9,7,1,2,10,9,0,9,1,4
n68,8,9,2,9,9,8,0,8,6,7,0,3,5,7,0,5,10,8,4,7,3,9,3,8,4,6,9,8,8,9,8,9,0,0,3,6,10,4,0,7,9,7,1,2,10,9,0,9,1,4
n67,8,9,2,9,9,8,0,8,6,7,6,3,5,7,0,5,10,8,4,7,3,9,3,8,4,6,9,8,8,9,8,9,0,0,3,6,10,4,0,7,9,7,1,2,10,9,0,9,1,4
n78,8,9,2,2,9,8,7,8,6,0,3,6,1,7,6,2,10,9,0,7,9,9,3,0,4,0,9,3,8,9,0,7,0,5,10,3,10,0,8,7,9,3,1,2,10,3,0,0,10,4
n77,8,9,2,2,9,8,10,8,6,0,0,6,1,7,6,2,10,9,0,7,9,9,3,0,4,0,9,3,8,9,0,7,0,5,10,3,10,0,8,7,9,3,1,2,10,3,0,0,10,4
n80,8,9,2,2,9,8,0,8,6,0,0,6,1,7,6,2,10,9,0,7,9,9,3,9,4,0,9,3,8,9,0,7,3,5,10,3,10,10,0,7,9,3,1,2,10,3,8,0,0,4
n79,8,9,2,2,9,8,0,8,6,0,0,6,1,7,6,2,10,9,0,7,9,9,3,0,4,9,9,3,8,9,0,7,3,5,10,3,10,0,0,7,9,3,1,2,10,3,10,0,0,4
n84,8,9,2,2,9,8,0,8,6,0,0,8,1,7,6,6,10,8,0,7,9,9,3,0,4,4,9,0,8,9,3,7,3,5,10,3,10,10,0,7,9,3,1,2,10,3,0,10,0,4
n83,8,9,2,2,9,8,4,8,6,0,0,8,1,7,6,0,10,8,0,7,9,9,3,0,4,4,9,0,8,9,0,7,0,5,10,3,10,10,7,7,9,3,1,2,10,3,0,10,0,4
n86,8,9,2,2,9,8,0,8,6,0,0,8,1,7,6,0,10,8,0,7,9,9,3,5,4,0,9,0,8,9,0,7,0,5,10,3,10,10,0,7,9,3,1,2,10,3,6,10,2,4
n85,8,9,2,2,9,8,0,8,6,0,0,8,1,7,6,0,10,8,2,7,9,9,3,5,4,0,9,0,8,9,0,7,0,5,10,3,10,10,0,7,9,3,1,2,10,3,0,10,0,4
n92,8,9,2,2,9,8,0,8,6,0,4,0,1,7,0,0,10,8,0,7,9,9,3,0,4,0,9,6,8,9,7,1,0,5,10,3,10,2,0,7,9,3,1,2,10,0,9,0,0,4
n91,8,9,2,2,9,8,0,8,6,0,0,0,1,7,0,0,10,0,0,7,9,9,3,0,4,0,9,6,8,9,0,1,0,5,10,3,10,2,0,7,9,3,1,2,10,7,9,0,0,4
n94,8,9,2,2,9,8,0,8,6,7,0,0,1,7,0,9,10,3,0,7,9,9,3,0,4,0,9,6,8,9,0,0,0,5,10,3,10,2,0,7,9,3,1,2,10,0,9,0,0,4
n93,8,9,2,2,9,8,0,8,6,0,0,0,1,7,0,0,10,0,9,7,9,9,3,0,4,0,9,6,8,9,0,0,4,5,10,3,10,2,0,7,9,3,1,2,10,0,9,0,0,4
n98,8,9,2,2,9,8,1,8,6,0,8,0,1,7,10,8,10,2,0,7,9,9,3,9,4,0,9,5,8,9,1,9,0,5,10,3,10,0,0,7,9,3,1,2,10,0,9,10,0,4
n97,8,9,2,2,9,8,1,8,6,0,8,0,1,7,0,8,10,2,9,7,9,9,3,0,4,0,9,5,8,9,1,0,0,5,10,3,10,0,0,7,9,3,1,2,10,0,9,10,0,4
n100,8,9,2,2,9,8,0,8,6,2,8,0,1,7,5,8,10,8,0,7,9,9,3,0,4,0,9,5,8,9,0,3,0,5,10,3,10,8,5,7,9,3,1,2,10,10,0,0,0,4
n99,8,9,2,2,9,8,5,8,6,9,8,5,1,7,0,8,10,0,8,7,9,9,3,4,4,9,9,5,8,9,0,3,5,5,10,3,10,0,5,7,9,3,1,2,10,10,8,0,0,4
n108,8,9,2,0,9,8,0,8,6,5,0,6,1,7,8,10,10,8,5,7,3,9,3,4,4,7,9,9,8,9,4,3,3,10,6,3,10,9,0,7,9,3,1,2,10,5,0,1,3,4
n107,8,9,2,4,9,8,0,8,6,5,0,6,1,7,8,0,10,8,5,7,3,9,3,4,4,7,9,0,8,9,4,3,3,10,6,3,10,0,1,7,9,3,1,2,10,0,2,1,3,4
n110,8,9,2,0,9,8,0,8,6,5,0,0,1,7,8,2,10,8,5,7,3,9,3,4,4,7,9,2,8,9,4,3,3,0,6,3,10,0,0,7,9,3,1,2,10,0,10,1,3,4
n109,8,9,2,7,9,8,0,8,6,5,0,9,1,7,8,0,10,8,5,7,3,9,3,4,4,7,9,0,8,9,4,3,3,0,6,3,10,0,1,7,9,3,1,2,10,0,10,1,3,4
n114,8,9,2,0,9,8,0,8,6,5,3,0,1,7,8,0,10,8,5,7,1,9,3,4,4,7,9,0,8,9,4,3,0,7,9,3,10,3,7,7,9,3,1,2,10,0,0,0,3,4
n113,8,9,2,0,9,8,0,8,6,5,3,0,1,7,8,10,10,8,5,7,1,9,3,4,4,7,9,0,8,9,4,3,0,7,0,3,10,3,7,7,9,3,1,2,10,0,0,0,3,4
n116,8,9,2,7,9,8,0,8,6,5,0,0,1,7,8,1,10,8,5,7,0,9,3,4,4,7,9,9,8,9,4,3,0,0,0,3,10,3,7,7,9,3,1,2,10,0,0,0,3,4
n115,8,9,2,0,9,8,0,8,6,5,0,5,1,7,8,1,10,8,5,7,0,9,3,4,4,7,9,9,8,9,4,3,0,0,0,3,10,3,7,7,9,3,1,2,10,0,0,0,3,4
n122,8,9,2,0,9,8,0,8,6,5,6,1,1,7,8,2,10,8,0,7,7,9,3,10,4,7,9,5,8,9,0,3,0,0,8,3,10,3,0,7,9,3,1,2,10,0,6,0,2,4
n121,8,9,2,0,9,8,1,8,6,5,6,1,1,7,8,2,10,8,0,7,7,9,3,10,4,7,9,5,8,9,0,3,0,0,8,3,10,3,0,7,9,3,1,2,10,0,6,0,2,4
n124,8,9,2,0,9,8,0,8,6,5,6,1,1,7,8,0,10,8,0,7,0,9,3,10,4,7,9,5,8,9,7,3,2,2,0,3,10,3,0,7,9,3,1,2,10,10,6,0,2,4
n123,8,9,2,0,9,8,8,8,6,5,6,1,1,7,8,0,10,8,0,7,0,9,3,10,4,7,9,5,8,9,7,3,2,2,7,3,10,3,10,7,9,3,1,2,10,0,6,0,2,4
n128,8,9,2,4,9,8,5,8,6,5,6,1,1,7,8,0,10,8,8,7,6,9,3,0,4,7,9,5,8,9,4,3,5,0,0,3,10,8,8,7,9,3,1,2,10,7,6,1,2,4
n127,8,9,2,4,9,8,5,8,6,5,6,1,1,7,8,0,10,8,8,7,6,9,3,0,4,7,9,5,8,9,4,3,5,2,0,3,10,8,8,7,9,3,1,2,10,7,6,0,2,4
n130,8,9,2,4,9,8,0,8,6,5,6,1,1,7,8,0,10,8,0,7,0,9,3,6,4,7,9,5,8,9,4,3,5,0,10,3,10,2,8,7,9,3,1,2,10,0,6,0,2,4
n129,8,9,2,4,9,8,9,8,6,5,6,1,1,7,8,0,10,8,0,7,0,9,3,0,4,7,9,5,8,9,4,3,5,7,10,3,10,2,8,7,9,3,1,2,10,0,6,0,2,4
n142,5,9,6,10,9,8,0,1,6,3,0,10,0,7,5,0,10,4,3,2,5,9,3,5,4,6,9,0,8,0,6,0,8,8,10,2,2,0,8,0,9,5,0,2,10,8,0,6,0,5
n141,5,9,6,10,9,8,0,1,6,3,0,10,0,7,5,0,10,4,3,2,5,9,3,5,4,6,9,5,8,0,6,0,8,8,10,2,2,8,8,0,9,5,0,0,10,8,0,0,0,5
n144,2,9,6,10,9,8,0,1,6,3,0,10,0,7,5,0,10,4,3,2,5,9,3,5,4,6,9,0,8,9,6,9,8,8,10,2,2,0,8,0,9,5,3,0,10,8,0,0,1,5
n143,0,9,6,10,9,8,0,1,6,3,0,10,0,7,5,0,10,4,3,2,5,9,3,5,4,6,9,3,8,0,6,9,8,8,10,2,2,1,8,0,9,5,3,0,10,8,0,0,1,5
n148,2,9,6,10,9,8,0,1,6,3,0,10,0,7,5,7,10,4,3,2,5,9,3,5,4,6,9,3,8,0,6,0,8,8,10,2,2,4,8,4,9,5,0,5,10,8,0,0,3,5
n147,0,9,6,10,9,8,0,1,6,3,0,10,0,7,5,1,10,4,3,2,5,9,3,5,4,6,9,3,8,0,6,0,8,8,10,2,2,4,8,4,9,5,0,0,10,8,0,0,0,5
n150,0,9,6,10,9,8,0,1,6,3,5,10,0,7,5,7,10,4,3,2,5,9,3,5,4,6,9,0,8,6,6,0,8,8,10,2,2,0,8,4,9,5,1,8,10,8,0,10,2,5
n149,0,9,6,10,9,8,0,1,6,3,0,10,0,7,5,7,10,4,3,2,5,9,3,5,4,6,9,0,8,10,6,0,8,8,10,2,2,0,8,4,9,5,1,8,10,8,0,10,2,5
n156,7,9,6,10,9,8,0,1,6,3,0,10,0,7,5,0,10,4,3,2,5,9,3,5,4,6,9,3,8,3,6,2,8,8,10,7,2,9,8,0,9,5,0,9,10,8,8,2,8,5
n155,0,9,6,10,9,8,0,1,6,3,0,10,0,7,5,0,10,4,3,2,5,9,3,5,4,6,9,3,8,3,6,2,8,8,10,0,2,9,8,0,9,5,0,9,10,8,8,2,0,5
n158,0,9,6,10,9,8,8,1,6,3,0,10,0,7,5,0,10,4,3,2,5,9,3,5,4,6,9,3,8,3,6,2,8,8,10,0,2,9,8,9,9,5,0,0,10,8,8,0,0,5
n157,0,9,6,10,9,8,8,1,6,3,0,10,0,7,5,0,10,4,3,2,5,9,3,5,4,6,9,3,8,3,6,2,8,8,10,0,2,9,8,9,9,5,0,0,10,8,8,5,0,5
n162,2,9,6,10,9,8,7,1,6,3,6,10,0,7,5,3,10,4,3,2,5,9,3,5,4,6,9,5,8,3,6,2,8,8,0,0,2,0,8,0,9,5,4,0,10,8,0,0,6,5
n161,2,9,6,10,9,8,7,1,6,3,6,10,0,7,5,0,10,4,3,2,5,9,3,5,4,6,9,5,8,3,6,2,8,8,9,0,2,4,8,0,9,5,4,0,10,8,0,0,6,5
n164,2,9,6,10,9,8,7,1,6,3,6,10,0,7,5,6,10,4,3,2,5,9,3,5,4,6,9,0,8,3,6,0,8,8,0,9,2,0,8,0,9,5,0,2,10,8,0,0,6,5
n163,2,9,6,10,9,8,7,1,6,3,6,10,0,7,5,0,10,4,3,2,5,9,3,5,4,6,9,0,8,3,6,0,8,8,0,9,2,0,8,0,9,5,0,2,10,8,0,0,6,5
n172,0,9,6,8,9,8,0,1,6,3,3,10,0,7,5,3,10,4,9,2,5,9,3,5,4,0,9,6,8,0,0,0,7,8,0,7,2,6,8,6,9,5,6,4,10,3,0,5,0,5
n171,0,9,6,8,9,8,0,1,6,3,3,10,0,7,5,3,10,4,9,2,5,9,3,5,4,3,9,0,8,0,0,0,7,8,0,7,2,6,8,6,9,5,6,4,10,3,0,5,0,5
n174,2,9,6,8,9,8,3,1,6,3,3,10,0,7,5,3,10,4,9,2,5,9,3,5,4,0,9,0,8,0,0,6,7,8,0,7,2,6,8,6,9,5,6,4,10,3,3,5,0,5
n173,2,9,6,8,9,8,3,1,6,3,3,10,0,7,5,3,10,4,9,2,5,9,3,5,4,0,9,0,8,0,0,0,7,8,0,7,2,6,8,6,9,5,6,4,10,3,0,5,0,5
n178,10,9,6,8,9,8,0,1,6,3,3,10,10,7,5,3,10,4,9,2,5,9,3,5,4,0,9,4,8,0,9,10,0,8,0,7,2,6,8,0,9,5,6,0,10,1,0,0,0,5
n177,0,9,6,8,9,8,0,1,6,3,3,10,10,7,5,3,10,4,9,2,5,9,3,5,4,0,9,4,8,5,0,10,6,8,0,7,2,6,8,0,9,5,6,0,10,1,10,0,0,5
n180,0,9,6,8,9,8,0,1,6,3,3,10,3,7,5,3,10,4,9,2,5,9,3,5,4,1,9,2,8,0,4,10,0,8,0,7,2,6,8,4,9,5,6,5,10,0,0,7,0,5
n179,0,9,6,8,9,8,0,1,6,3,3,10,0,7,5,3,10,4,9,2,5,9,3,5,4,0,9,0,8,0,0,10,0,8,0,7,2,6,8,4,9,5,6,5,10,0,0,8,0,5
n186,6,9,6,0,9,8,0,1,6,3,3,10,4,7,5,8,10,4,8,2,5,9,3,5,4,0,9,10,8,6,5,0,6,8,4,7,2,6,8,7,9,5,6,10,10,7,5,0,9,5
n185,0,9,6,0,9,8,0,1,6,3,3,10,0,7,5,8,10,4,0,2,5,9,3,5,4,0,9,4,8,6,5,0,6,8,4,7,2,6,8,7,9,5,6,10,10,7,5,0,9,5
n188,0,9,6,0,9,8,10,1,6,3,3,10,0,7,5,8,10,4,3,2,5,9,3,5,4,9,9,0,8,6,5,0,6,8,4,7,2,6,8,7,9,5,6,10,10,7,5,9,9,5
n187,0,9,6,0,9,8,10,1,6,3,3,10,0,7,5,8,10,4,3,2,5,9,3,5,4,0,9,0,8,6,5,0,6,8,4,7,2,6,8,7,9,5,6,10,10,7,5,9,9,5
n192,0,9,6,1,9,8,0,1,6,3,3,10,0,7,5,8,10,4,9,2,5,9,3,5,4,1,9,0,8,6,5,5,6,8,4,7,2,6,8,7,9,5,6,10,10,0,0,7,9,5
n191,0,9,6,0,9,8,3,1,6,3,3,10,2,7,5,8,10,4,9,2,5,9,3,5,4,1,9,0,8,6,5,1,6,8,4,7,2,6,8,7,9,5,6,10,10,0,0,7,9,5
n194,0,9,6,0,9,8,0,1,6,3,3,10,0,7,5,8,10,4,9,2,5,9,3,5,4,1,9,7,8,6,5,7,6,8,4,7,2,6,8,7,9,5,6,10,10,1,4,5,9,5
n193,0,9,6,0,9,8,0,1,6,3,3,10,0,7,5,8,10,4,9,2,5,9,3,5,4,1,9,7,8,6,5,7,6,8,4,7,2,6,8,7,9,5,6,10,10,0,4,5,9,5
n204,2,9,0,8,9,8,5,0,0,3,10,9,6,7,5,10,10,4,5,2,7,9,3,5,4,0,9,0,8,0,6,3,2,5,0,0,2,5,8,0,9,5,0,2,10,5,0,9,1,1
n203,2,9,0,8,9,8,5,0,0,3,10,9,6,7,5,10,10,4,5,2,7,9,3,5,4,10,9,4,8,0,6,3,2,5,0,0,2,5,8,0,9,5,0,2,10,5,0,9,1,1
n206,2,9,0,8,9,8,5,5,0,3,10,0,6,7,5,10,10,4,5,2,7,9,3,5,4,8,9,0,8,0,6,3,2,5,0,0,2,5,8,0,9,5,0,0,10,5,4,9,1,0
n205,2,9,0,8,9,8,5,0,0,3,10,0,6,7,5,10,10,4,5,2,7,9,3,5,4,8,9,0,8,10,6,3,2,5,0,5,2,5,8,0,9,5,3,0,10,5,4,9,1,0
n210,0,9,0,8,9,8,5,0,9,3,10,5,6,7,5,10,10,4,2,2,7,9,3,5,4,0,9,10,8,0,6,3,2,8,5,5,2,5,8,2,9,5,0,0,10,5,0,9,1,0
n209,0,9,0,8,9,8,5,0,0,3,10,5,6,7,5,10,10,4,2,2,7,9,3,5,4,0,9,10,8,0,6,3,2,8,5,0,2,5,8,0,9,5,6,4,10,5,0,9,1,0
n212,0,9,0,8,9,8,5,0,0,3,10,5,6,7,5,10,10,4,0,2,7,9,3,5,4,3,9,0,8,0,6,3,2,8,0,0,2,5,8,0,9,5,0,9,10,5,0,9,1,0
n211,0,9,0,8,9,8,5,0,0,3,10,5,6,7,5,10,10,4,0,2,7,9,3,5,4,0,9,0,8,0,6,3,2,8,0,0,2,5,8,0,9,5,3,9,10,5,0,9,1,0
n218,3,9,0,0,9,8,0,2,0,3,10,0,6,7,5,10,10,0,8,2,7,9,3,5,4,5,9,0,8,0,6,3,2,9,0,8,2,5,8,8,9,5,9,0,10,5,0,9,1,0
n217,3,9,0,0,9,8,5,2,0,3,10,0,6,7,5,10,10,0,8,2,7,9,3,5,4,0,9,0,8,0,6,3,2,9,0,8,2,5,8,8,9,5,9,3,10,5,1,9,1,0
n220,3,9,3,0,9,8,0,2,0,3,10,8,6,7,5,10,10,2,8,2,7,9,3,5,4,5,9,0,8,1,6,3,2,9,0,8,2,5,8,8,9,5,9,0,10,5,0,9,1,0
n219,3,9,3,0,9,8,0,2,0,3,10,8,6,7,5,10,10,2,8,2,7,9,3,5,4,5,9,0,8,4,6,3,2,9,0,8,2,5,8,0,9,5,9,0,10,5,0,9,1,0
n224,0,9,9,4,9,8,5,1,9,3,10,0,6,7,5,10,10,0,8,2,7,9,3,5,4,2,9,1,8,7,6,3,2,6,8,8,2,5,8,0,9,5,2,0,10,5,0,9,1,0
n223,0,9,0,4,9,8,5,0,9,3,10,0,6,7,5,10,10,0,8,2,7,9,3,5,4,2,9,0,8,7,6,3,2,6,8,8,2,5,8,0,9,5,2,0,10,5,1,9,1,0
n226,10,9,5,4,9,8,5,0,9,3,10,0,6,7,5,10,10,0,8,2,7,9,3,5,4,9,9,4,8,3,6,3,2,6,8,8,2,5,8,0,9,5,2,0,10,5,0,9,1,8
n225,10,9,5,4,9,8,5,0,9,3,10,0,6,7,5,10,10,0,8,2,7,9,3,5,4,9,9,0,8,0,6,3,2,6,8,8,2,5,8,0,9,5,2,0,10,5,0,9,1,8
n234,5,9,5,2,9,8,0,6,0,3,10,4,5,7,5,5,10,0,0,2,6,9,3,5,4,8,9,2,8,3,3,0,2,10,10,0,2,5,8,1,9,5,9,6,10,5,8,4,0,10
n233,0,9,5,2,9,8,5,6,0,3,10,4,5,7,5,5,10,1,0,2,6,9,3,5,4,8,9,2,8,3,3,0,2,10,10,0,2,5,8,0,9,5,9,6,10,5,8,4,0,10
n236,5,9,5,2,9,8,0,6,9,3,10,4,5,7,5,5,10,0,0,2,6,9,3,5,4,8,9,2,8,3,3,0,2,10,10,0,2,5,8,0,9,5,9,6,10,5,8,4,0,10
n235,5,9,5,2,9,8,0,6,10,3,10,4,5,7,5,5,10,0,0,2,6,9,3,5,4,8,9,2,8,3,3,0,2,10,10,0,2,5,8,0,9,5,0,6,10,5,8,4,0,10
n240,0,9,5,2,9,8,0,6,0,3,10,4,5,7,5,5,10,4,0,2,0,9,3,5,4,8,9,2,8,5,3,0,2,10,10,4,2,5,8,0,9,5,6,6,10,5,8,8,4,9
n239,1,9,5,2,9,8,3,6,0,3,10,4,5,7,5,5,10,4,0,2,0,9,3,5,4,8,9,2,8,5,3,0,2,10,10,4,2,5,8,2,9,5,6,6,10,5,8,8,4,9
n242,7,9,5,2,9,8,10,6,0,3,10,4,5,7,5,5,10,4,0,2,0,9,3,5,4,8,9,2,8,5,3,0,2,10,10,4,2,5,8,2,9,5,6,6,10,5,8,8,4,6
n241,0,9,5,2,9,8,0,6,0,3,10,4,5,7,5,5,10,4,0,2,0,9,3,5,4,8,9,2,8,5,3,10,2,10,10,4,2,5,8,10,9,5,6,6,10,5,8,8,4,0
n248,2,9,0,2,9,8,0,9,0,3,10,4,0,7,5,5,10,0,8,2,0,9,3,5,4,0,9,2,8,7,3,0,2,10,10,10,2,5,8,0,9,5,0,8,10,5,8,3,3,1
n247,2,9,4,2,9,8,0,0,0,3,10,4,0,7,5,5,10,0,8,2,0,9,3,5,4,6,9,2,8,7,3,0,2,10,10,10,2,5,8,0,9,5,0,8,10,5,8,3,3,1
n250,2,9,0,2,9,8,0,0,0,3,10,4,3,7,5,5,10,0,8,2,8,9,3,5,4,0,9,2,8,0,3,0,2,10,10,10,2,5,8,0,9,5,10,8,10,5,8,7,3,10
n249,2,9,0,2,9,8,0,0,0,3,10,4,3,7,5,5,10,0,8,2,10,9,3,5,4,0,9,2,8,0,3,0,2,10,10,10,2,5,8,0,9,5,10,8,10,5,8,7,3,1
n254,2,9,0,2,9,8,0,0,7,3,10,4,6,7,5,5,10,0,8,2,1,9,3,5,4,0,9,2,8,0,3,0,2,10,10,10,2,5,8,5,9,5,0,0,10,5,8,10,3,0
n253,2,9,0,2,9,8,0,0,5,3,10,4,6,7,5,5,10,0,8,2,1,9,3,5,4,8,9,2,8,0,3,0,2,10,10,10,2,5,8,5,9,5,0,0,10,5,8,0,3,0
n256,2,9,9,2,9,8,0,2,1,3,10,4,6,7,5,5,10,8,8,2,6,9,3,5,4,7,9,2,8,4,3,0,2,10,10,10,2,5,8,5,9,5,0,10,10,5,8,0,3,0
n255,2,9,0,2,9,8,9,2,0,3,10,4,6,7,5,5,10,8,8,2,6,9,3,5,4,0,9,2,8,4,3,0,2,10,10,10,2,5,8,5,9,5,0,0,10,5,8,0,3,0
n270,6,2,1,1,1,6,2,9,5,6,3,9,0,7,3,0,0,2,2,5,6,0,3,8,0,4,9,5,8,6,9,7,1,5,5,2,4,6,1,3,9,0,6,0,10,3,0,0,1,2
n269,6,2,0,1,1,6,2,9,5,6,3,9,0,7,3,0,0,2,2,5,6,0,3,8,7,4,9,5,8,6,9,7,0,5,5,2,4,6,1,3,9,0,6,0,10,3,0,0,1,2
n272,6,2,0,1,1,6,2,9,5,6,3,9,0,7,3,6,0,2,2,5,6,0,3,8,10,4,9,5,8,6,9,7,1,5,5,2,4,6,1,1,9,7,6,3,10,3,0,4,1,2
n271,6,2,0,1,1,6,2,9,5,6,3,9,0,7,3,0,0,2,2,5,6,0,3,8,5,4,9,5,8,6,9,7,1,5,5,2,4,6,1,1,9,0,6,0,10,3,0,4,1,2
n276,6,2,6,1,1,6,2,9,5,6,3,9,0,7,3,0,0,2,2,5,6,3,3,4,0,4,9,5,8,6,9,7,0,5,5,2,4,6,1,0,9,2,6,4,10,3,0,5,1,2
n275,6,2,0,1,1,6,2,9,5,6,3,9,0,7,3,0,0,2,2,5,6,3,3,4,0,4,9,5,8,6,9,7,0,5,5,2,4,6,1,0,9,0,6,4,10,3,9,5,1,2
n278,6,2,4,1,1,6,2,9,5,6,3,9,0,7,3,0,0,2,2,5,6,3,3,4,0,4,9,5,8,6,9,7,0,5,5,2,4,6,1,9,9,0,6,0,10,3,8,5,1,2
n277,6,2,0,1,1,6,2,9,5,6,3,9,0,7,3,0,2,2,2,5,6,3,3,4,0,4,9,5,8,6,9,7,0,5,5,2,4,6,1,0,9,8,6,0,10,3,0,5,1,2
n284,0,2,5,1,1,6,2,9,3,6,5,9,8,7,3,8,0,2,2,5,6,0,3,0,1,4,9,5,8,6,9,3,2,5,5,7,0,6,1,0,9,7,2,8,10,3,4,10,1,2
n283,0,2,5,1,1,6,2,9,3,6,5,9,8,7,3,8,0,2,2,5,6,0,3,0,1,4,9,5,8,6,9,3,2,5,5,7,0,6,1,0,9,7,2,8,10,3,7,10,1,2
n286,5,2,0,1,1,6,2,9,0,6,5,9,8,7,3,8,0,2,2,5,6,0,3,0,1,4,9,5,8,6,9,3,2,5,5,7,2,6,1,10,9,0,2,8,10,3,4,1,1,2
n285,0,2,0,1,1,6,2,9,0,6,5,9,8,7,3,8,0,2,2,5,6,0,3,10,1,4,9,5,8,6,9,3,2,5,5,7,2,6,1,1,9,0,2,8,10,3,4,1,1,2
n290,0,2,0,1,1,6,2,9,8,6,6,9,0,7,3,2,0,2,2,5,6,6,3,3,1,4,9,5,8,6,9,3,10,5,5,0,0,6,1,6,9,0,10,8,10,3,0,0,1,2
n289,0,2,0,1,1,6,2,9,8,6,0,9,0,7,3,2,0,2,2,5,6,6,3,3,1,4,9,5,8,6,9,3,10,5,5,0,6,6,1,6,9,0,10,8,10,3,0,5,1,2
n292,0,2,1,1,1,6,2,9,8,6,9,9,0,7,3,2,0,2,2,5,6,6,3,3,1,4,9,5,8,6,9,3,10,5,5,8,0,6,1,0,9,0,10,8,10,3,0,5,1,2
n291,0,2,0,1,1,6,2,9,8,6,9,9,6,7,3,2,0,2,2,5,6,6,3,3,1,4,9,5,8,6,9,3,10,5,5,0,0,6,1,0,9,8,10,8,10,3,0,0,1,2
n300,2,2,5,1,1,6,2,9,9,6,0,0,3,7,8,0,10,2,2,5,6,7,3,7,1,5,9,5,8,6,9,0,0,5,5,5,2,0,1,5,9,5,0,0,10,3,7,5,1,2
n299,2,2,5,1,1,6,2,9,9,6,0,0,3,7,8,7,10,2,2,5,6,7,3,7,1,5,9,5,8,6,9,0,10,5,5,5,2,5,1,6,9,5,0,0,10,3,7,5,1,2
n302,2,2,5,1,1,6,2,9,9,6,0,0,3,7,8,0,10,2,2,5,6,7,3,7,1,5,9,5,8,6,9,0,0,5,5,5,2,0,1,0,9,5,0,0,10,3,7,5,1,2
n301,2,2,5,1,1,6,2,9,9,6,3,0,3,7,8,0,10,2,2,5,6,7,3,7,1,5,9,5,8,6,9,0,0,5,5,5,2,0,1,0,9,5,0,0,10,3,7,5,1,2
n306,2,2,5,1,1,6,2,9,9,6,0,10,3,7,0,9,10,2,2,5,6,7,3,7,1,8,9,5,8,6,9,4,5,5,5,2,2,0,1,8,9,5,0,8,10,3,7,0,1,2
n305,2,2,5,1,1,6,2,9,9,6,7,10,3,7,0,9,10,2,2,5,6,7,3,7,1,8,9,5,8,6,9,0,5,5,5,2,2,9,1,8,9,5,4,0,10,3,7,0,1,2
n308,2,2,5,1,1,6,2,9,9,6,0,10,3,7,0,9,10,2,2,5,6,7,3,7,1,8,9,5,8,6,9,7,0,5,5,0,2,0,1,0,9,5,9,4,10,3,7,6,1,2
n307,2,2,5,1,1,6,2,9,9,6,0,10,3,7,0,9,10,2,2,5,6,7,3,7,1,8,9,5,8,6,9,7,0,5,5,0,2,0,1,0,9,5,9,0,10,3,7,0,1,2
n314,0,2,5,1,1,6,2,9,9,6,8,10,0,7,0,4,6,2,2,5,6,0,3,10,1,0,9,5,8,6,9,1,3,5,5,0,2,3,1,7,9,9,3,0,10,3,7,0,1,2
n313,0,2,5,1,1,6,2,9,9,6,0,10,0,7,0,4,6,2,2,5,6,0,3,10,1,0,9,5,8,6,9,0,3,5,5,0,2,3,1,0,9,0,3,0,10,3,7,0,1,2
n316,0,2,5,1,1,6,2,9,9,6,0,10,0,7,0,0,6,2,2,5,6,0,3,10,1,0,9,5,8,6,9,0,3,5,5,7,2,3,1,0,9,0,3,0,10,3,7,0,1,2
n315,0,2,5,1,1,6,2,9,9,6,0,10,0,7,1,0,6,2,2,5,6,0,3,10,1,0,9,5,8,6,9,0,3,5,5,7,2,3,1,1,9,0,3,0,10,3,7,9,1,2
n320,0,2,5,1,1,6,2,9,9,6,2,0,0,7,0,0,0,2,2,5,6,0,3,10,1,6,9,5,8,6,9,0,0,5,5,0,2,3,1,10,9,5,3,0,10,3,7,0,1,2
n319,0,2,5,1,1,6,2,9,9,6,2,0,0,7,0,0,0,2,2,5,6,0,3,10,1,6,9,5,8,6,9,0,0,5,5,0,2,3,1,10,9,5,3,0,10,3,7,0,1,2
n322,4,2,5,1,1,6,2,9,9,6,0,2,7,7,8,3,0,2,2,5,6,5,3,10,1,6,9,5,8,6,9,0,0,5,5,6,2,3,1,8,9,0,3,0,10,3,7,2,1,2
n321,4,2,5,1,1,6,2,9,9,6,0,2,0,7,8,3,0,2,2,5,6,5,3,10,1,6,9,5,8,6,9,0,0,5,5,6,2,3,1,8,9,3,3,3,10,3,7,8,1,2
n332,0,2,3,1,1,5,2,9,6,6,10,4,0,7,0,0,6,2,2,5,6,6,3,2,3,0,9,5,8,6,9,3,2,5,4,0,6,7,1,4,9,6,6,1,10,3,8,0,8,2
n331,0,2,3,1,1,5,2,9,6,6,10,4,0,7,0,0,8,2,2,5,6,6,3,2,8,0,9,5,8,6,9,3,2,5,4,0,6,7,1,4,9,6,6,1,10,3,8,0,0,2
n334,0,2,3,1,1,5,2,9,0,6,10,0,0,7,0,0,7,2,2,5,6,0,3,0,0,0,9,5,8,6,9,3,2,5,0,0,6,7,1,4,9,6,6,1,10,3,9,0,6,2
n333,0,2,3,1,1,5,2,9,0,6,10,0,0,7,10,1,7,2,2,5,6,0,3,0,0,0,9,5,8,6,9,3,2,5,0,0,6,7,1,4,9,6,6,1,10,3,0,3,0,2
n338,2,2,3,1,1,5,2,9,9,6,10,0,1,7,4,0,0,2,2,5,6,6,3,0,1,0,9,5,8,6,9,0,2,5,7,6,0,7,1,4,9,6,6,1,10,3,0,1,0,2
n337,0,2,3,1,1,5,2,9,9,6,10,0,0,7,0,0,8,2,2,5,6,6,3,0,0,0,9,5,8,6,9,0,2,5,7,6,0,7,1,4,9,6,6,1,10,3,0,0,0,2
n340,0,2,3,1,1,5,2,9,9,6,10,0,8,7,0,0,0,2,2,5,6,6,3,10,0,0,9,5,8,6,9,0,2,5,5,7,0,7,1,4,9,6,6,1,10,3,0,0,7,2
n339,0,2,3,1,1,5,2,9,9,6,10,0,8,7,0,0,0,2,2,5,6,6,3,10,0,0,9,5,8,6,9,0,2,5,5,0,0,7,1,4,9,6,6,1,10,3,1,10,0,2
n346,2,2,3,1,1,5,2,9,0,6,10,10,0,7,0,5,0,2,2,5,6,0,3,5,4,0,9,5,8,6,9,0,2,5,2,10,0,7,1,0,9,6,3,10,10,3,5,6,8,2
n345,2,2,3,1,1,5,2,9,0,6,10,1,0,7,0,5,1,2,2,5,6,0,3,5,4,0,9,5,8,6,9,0,2,5,2,10,0,7,1,0,9,6,3,10,10,3,5,6,8,2
n348,2,2,3,1,1,5,2,9,0,6,10,0,0,7,1,5,0,2,2,5,6,10,3,4,4,0,9,5,8,6,9,7,2,5,9,0,0,7,1,6,9,6,3,10,10,3,5,6,7,2
n347,2,2,3,1,1,5,2,9,0,6,10,0,0,7,1,5,0,2,2,5,6,10,3,0,4,0,9,5,8,6,9,0,2,5,0,0,0,7,1,0,9,6,3,10,10,3,5,6,0,2
n352,0,2,3,1,1,5,2,9,0,6,10,6,5,7,8,1,2,2,2,5,6,0,3,4,4,0,9,5,8,6,9,0,2,5,10,2,1,7,1,3,9,6,3,10,10,3,0,0,1,2
n351,0,2,3,1,1,5,2,9,0,6,10,6,5,7,0,1,2,2,2,5,6,0,3,0,4,0,9,5,8,6,9,0,2,5,10,2,1,7,1,3,9,6,3,10,10,3,0,1,1,2
n354,0,2,3,1,1,5,2,9,0,6,10,6,5,7,0,1,5,2,2,5,6,0,3,5,4,0,9,5,8,6,9,0,2,5,0,7,0,7,1,0,9,6,3,10,10,3,4,0,1,2
n353,0,2,3,1,1,5,2,9,0,6,10,6,5,7,0,1,5,2,2,5,6,0,3,5,4,0,9,5,8,6,9,0,2,5,0,7,0,7,1,0,9,6,3,10,10,3,4,0,1,2
n362,0,2,9,1,1,5,2,9,0,6,10,0,0,7,1,0,3,2,2,5,6,5,3,6,0,9,9,5,8,6,9,0,2,5,7,10,1,7,1,6,9,0,9,0,10,3,3,6,0,2
n361,0,2,9,1,1,5,2,9,0,6,10,6,0,7,1,0,3,2,2,5,6,5,3,0,0,9,9,5,8,6,9,0,2,5,7,10,1,7,1,6,9,0,9,0,10,3,3,6,0,2
n364,1,2,0,1,1,5,2,9,0,6,10,0,0,7,2,0,3,2,2,5,6,5,3,0,0,9,9,5,8,6,9,3,2,5,7,10,1,7,1,6,9,0,9,0,10,3,0,6,3,2
n363,1,2,0,1,1,5,2,9,0,6,10,0,0,7,0,9,3,2,2,5,6,5,3,0,2,9,9,5,8,6,9,3,2,5,7,10,1,7,1,6,9,1,9,5,10,3,0,6,3,2
n368,7,2,1,1,1,5,2,9,2,6,10,0,0,7,0,4,3,2,2,5,6,5,3,1,6,9,9,5,8,6,9,8,2,5,7,10,0,7,1,7,9,8,9,6,10,3,0,6,1,2
n367,0,2,0,1,1,5,2,9,2,6,10,0,0,7,0,4,3,2,2,5,6,5,3,0,6,9,9,5,8,6,9,8,2,5,7,10,0,7,1,0,9,8,9,6,10,3,0,6,0,2
n370,0,2,0,1,1,5,2,9,0,6,10,0,0,7,0,1,3,2,2,5,6,5,3,8,0,9,9,5,8,6,9,8,2,5,7,10,0,7,1,0,9,8,9,6,10,3,0,6,9,2
n369,0,2,0,1,1,5,2,9,0,6,10,0,0,7,0,1,3,2,2,5,6,5,3,0,0,9,9,5,8,6,9,8,2,5,7,10,0,7,1,0,9,8,9,6,10,3,0,6,9,2
n376,0,2,1,1,1,5,2,9,2,6,10,0,0,7,5,8,3,2,2,5,6,5,3,6,8,4,9,5,8,6,9,6,2,5,7,10,10,7,1,4,9,0,6,0,10,3,2,0,6,2
n375,4,2,1,1,1,5,2,9,2,6,10,0,0,7,5,8,3,2,2,5,6,5,3,6,8,4,9,5,8,6,9,6,2,5,7,10,10,7,1,4,9,3,10,0,10,3,2,0,0,2
n378,0,2,1,1,1,5,2,9,2,6,10,2,0,7,0,8,3,2,2,5,6,5,3,1,4,4,9,5,8,6,9,7,2,5,7,10,4,7,1,4,9,0,0,0,10,3,2,0,0,2
n377,0,2,1,1,1,5,2,9,2,6,10,2,0,7,0,8,3,2,2,5,6,5,3,1,0,4,9,5,8,6,9,9,2,5,7,10,4,7,1,4,9,0,0,5,10,3,2,8,0,2
n382,0,2,1,1,1,5,2,9,2,6,10,8,4,7,0,0,3,2,2,5,6,5,3,2,6,4,9,5,8,6,9,0,2,5,7,10,0,7,1,0,9,6,10,2,10,3,0,2,0,2
n381,0,2,1,1,1,5,2,9,2,6,10,0,4,7,0,0,3,2,2,5,6,5,3,2,6,4,9,5,8,6,9,0,2,5,7,10,0,7,1,0,9,0,10,2,10,3,1,0,0,2
n384,0,2,1,1,1,5,2,9,2,6,10,3,4,7,5,9,3,2,2,5,6,5,3,7,0,4,9,5,8,6,9,0,2,5,7,10,0,7,1,0,9,0,10,4,10,3,0,10,0,2
n383,0,2,1,1,1,5,2,9,2,6,10,0,4,7,5,2,3,2,2,5,6,5,3,7,0,4,9,5,8,6,9,0,2,5,7,10,0,7,1,9,9,0,10,4,10,3,0,0,0,2
n396,0,9,0,1,1,1,2,9,4,0,9,0,7,7,10,2,3,2,2,5,6,5,3,8,5,8,9,5,8,0,9,9,6,5,0,9,1,0,1,2,9,0,8,0,10,0,0,9,7,2
n395,0,9,0,1,1,1,2,9,4,0,9,0,7,7,10,2,3,2,2,5,6,5,3,8,5,8,9,5,8,9,9,9,0,5,7,9,1,0,1,2,9,0,8,0,10,0,8,9,7,2
n398,5,9,0,1,1,1,2,9,4,0,9,0,7,7,10,2,3,2,2,5,6,5,3,8,5,8,9,5,8,0,9,9,8,5,0,9,1,0,1,2,9,0,8,9,10,0,5,9,7,2
n397,0,9,2,1,1,1,2,9,4,0,9,6,7,7,10,2,3,2,2,5,6,5,3,8,5,8,9,5,8,2,9,9,8,5,0,9,1,0,1,2,9,2,8,9,10,0,5,9,7,2
n402,0,9,0,1,1,1,2,9,4,8,9,10,7,7,0,2,3,2,2,5,6,5,3,8,5,0,9,5,8,0,9,9,0,5,0,9,4,6,1,2,9,3,8,0,10,0,0,9,7,2
n401,0,9,7,1,1,1,2,9,4,8,9,10,7,7,0,2,3,2,2,5,6,5,3,8,5,0,9,5,8,0,9,9,9,5,0,9,4,6,1,2,9,3,8,0,10,0,0,9,7,2
n404,0,9,8,1,1,1,2,9,4,0,9,10,7,7,0,2,3,2,2,5,6,5,3,8,5,0,9,5,8,0,9,9,0,5,0,9,4,0,1,2,9,0,8,8,10,0,0,9,7,2
n403,0,9,0,1,1,1,2,9,4,0,9,10,7,7,4,2,3,2,2,5,6,5,3,8,5,0,9,5,8,10,9,9,0,5,8,9,4,0,1,2,9,0,8,0,10,0,0,9,7,2
n410,6,6,0,1,1,1,2,9,4,7,9,3,7,7,0,2,3,2,2,5,6,5,3,8,5,8,9,5,8,0,9,9,2,5,10,0,10,7,1,2,9,1,8,3,10,3,5,0,9,2
n409,6,6,0,1,1,1,2,9,4,0,9,0,7,7,0,2,3,2,2,5,6,5,3,8,5,8,9,5,8,4,9,9,2,5,10,0,10,0,1,2,9,1,8,1,10,0,5,0,9,2
n412,6,6,0,1,1,1,2,9,4,8,9,0,7,7,0,2,3,2,2,5,6,5,3,8,5,9,9,5,8,0,9,9,2,5,0,0,10,0,1,2,9,1,8,0,10,2,5,0,9,2
n411,6,6,0,1,1,1,2,9,4,8,9,0,7,7,0,2,3,2,2,5,6,5,3,8,5,9,9,5,8,0,9,9,2,5,0,0,10,0,1,2,9,1,8,0,10,0,5,0,9,2
n416,2,6,0,1,1,1,2,9,4,0,9,0,7,7,9,2,3,2,2,5,6,5,3,8,5,0,9,5,8,0,9,9,2,5,0,0,0,0,1,2,9,7,8,0,10,0,0,1,9,2
n415,0,6,5,1,1,1,2,9,4,0,9,3,7,7,9,2,3,2,2,5,6,5,3,8,5,0,9,5,8,0,9,9,2,5,7,0,0,0,1,2,9,0,8,0,10,0,0,0,9,2
n418,0,6,0,1,1,1,2,9,4,2,9,0,7,7,0,2,3,2,2,5,6,5,3,8,5,0,9,5,8,0,9,9,2,5,9,2,0,1,1,2,9,0,8,0,10,9,0,0,9,2
n417,0,6,7,1,1,1,2,9,4,2,9,0,7,7,0,2,3,2,2,5,6,5,3,8,5,3,9,5,8,0,9,9,2,5,9,0,0,1,1,2,9,0,8,0,10,9,0,0,9,2
n426,3,0,0,1,1,1,2,9,4,2,9,5,7,7,7,6,3,2,2,5,6,5,3,8,0,0,9,5,8,10,9,9,5,5,4,8,4,0,1,2,9,1,8,0,10,0,2,0,0,2
n425,3,0,1,1,1,1,2,9,4,2,9,5,7,7,7,6,3,2,2,5,6,5,3,8,0,0,9,5,8,10,9,9,5,5,4,8,0,5,1,2,9,1,8,0,10,0,2,9,0,2
n428,3,1,0,1,1,1,2,9,4,2,9,5,7,7,7,6,3,2,2,5,6,5,3,8,1,0,9,5,8,10,9,9,5,5,4,8,8,0,1,2,9,1,8,0,10,0,2,0,0,2
n427,3,1,0,1,1,1,2,9,4,2,9,5,7,7,7,6,3,2,2,5,6,5,3,8,1,0,9,5,8,10,9,9,5,5,4,8,2,0,1,2,9,1,8,0,10,0,2,0,0,2
n432,0,0,0,1,1,1,2,9,4,2,9,5,7,7,7,6,3,2,2,5,6,5,3,8,6,0,9,5,8,0,9,9,5,5,4,8,8,3,1,2,9,8,8,6,10,0,10,0,0,2
n431,0,0,8,1,1,1,2,9,4,2,9,5,7,7,7,6,3,2,2,5,6,5,3,8,0,0,9,5,8,0,9,9,5,5,4,8,8,3,1,2,9,8,8,6,10,9,10,0,9,2
n434,6,0,0,1,1,1,2,9,4,2,9,5,7,7,7,6,3,2,2,5,6,5,3,8,3,0,9,5,8,3,9,9,5,5,4,8,8,0,1,2,9,0,8,6,10,0,4,0,0,2
n433,4,5,0,1,1,1,2,9,4,2,9,5,7,7,7,6,3,2,2,5,6,5,3,8,3,0,9,5,8,0,9,9,5,5,4,8,8,0,1,2,9,0,8,6,10,0,0,0,0,2
n440,6,5,6,1,1,1,2,9,4,0,9,5,7,7,0,6,3,2,2,5,6,5,3,8,0,0,9,5,8,0,9,9,5,5,4,8,5,3,1,2,9,0,8,8,10,0,9,6,0,2
n439,6,5,6,1,1,1,2,9,4,2,9,5,7,7,0,6,3,2,2,5,6,5,3,8,0,0,9,5,8,0,9,9,5,5,4,8,5,3,1,2,9,5,8,8,10,0,9,6,0,2
n442,0,5,0,1,1,1,2,9,4,0,9,5,7,7,0,6,3,2,2,5,6,5,3,8,5,0,9,5,8,0,9,9,5,5,4,8,5,3,1,2,9,0,8,8,10,5,0,2,1,2
n441,0,5,0,1,1,1,2,9,4,0,9,5,7,7,0,6,3,2,2,5,6,5,3,8,4,1,9,5,8,2,9,9,5,5,4,8,5,3,1,2,9,0,8,8,10,0,0,0,0,2
n446,0,0,0,1,1,1,2,9,4,5,9,5,7,7,0,6,3,2,2,5,6,5,3,8,0,6,9,5,8,0,9,9,5,5,4,8,6,3,1,2,9,0,8,8,10,4,0,7,0,2
n445,0,0,0,1,1,1,2,9,4,5,9,5,7,7,5,6,3,2,2,5,6,5,3,8,0,6,9,5,8,0,9,9,5,5,4,8,0,3,1,2,9,0,8,8,10,4,0,7,0,2
n448,0,0,8,1,1,1,2,9,4,5,9,5,7,7,7,6,3,2,2,5,6,5,3,8,0,6,9,5,8,0,9,9,5,5,4,8,0,3,1,2,9,1,8,8,10,0,0,7,0,2
n447,0,9,0,1,1,1,2,9,4,5,9,5,7,7,0,6,3,2,2,5,6,5,3,8,1,6,9,5,8,0,9,9,5,5,4,8,0,3,1,2,9,0,8,8,10,1,0,7,0,2
n458,2,8,0,1,1,10,2,9,10,4,0,9,7,7,4,0,3,2,2,5,6,1,3,8,4,2,9,5,8,0,9,10,0,5,6,9,0,9,1,2,9,6,8,0,10,8,9,7,0,2
n457,2,8,0,1,1,10,2,9,10,4,0,9,7,7,4,0,3,2,2,5,6,1,3,8,4,2,9,5,8,0,9,10,0,5,6,9,10,0,1,2,9,6,8,0,10,8,9,7,5,2
n460,2,8,0,1,1,10,2,9,10,4,2,9,7,7,9,0,3,2,2,5,6,1,3,8,4,2,9,5,8,0,9,10,0,5,6,9,0,0,1,2,9,9,8,3,10,0,9,7,7,2
n459,2,8,0,1,1,10,2,9,10,4,2,9,7,7,9,10,3,2,2,5,6,1,3,8,4,2,9,5,8,0,9,10,0,5,6,9,0,0,1,2,9,7,8,3,10,0,9,7,0,2
n464,2,8,0,1,1,10,2,9,3,4,0,9,7,7,0,0,3,2,2,5,6,0,3,8,4,2,9,5,8,7,9,10,0,5,6,9,0,0,1,2,9,0,8,6,10,0,9,7,0,2
n463,2,8,0,1,1,10,2,9,4,4,0,9,7,7,3,5,3,2,2,5,6,0,3,8,4,2,9,5,8,7,9,10,0,5,6,9,5,0,1,2,9,0,8,6,10,0,9,7,6,2
n466,2,8,6,1,1,10,2,9,0,4,9,9,7,7,1,0,3,2,2,5,6,5,3,8,4,2,9,5,8,7,9,10,1,5,6,9,0,0,1,2,9,0,8,0,10,0,9,7,0,2
n465,2,8,6,1,1,10,2,9,0,4,1,9,7,7,1,0,3,2,2,5,6,5,3,8,4,2,9,5,8,7,9,10,1,5,6,9,0,0,1,2,9,0,8,0,10,0,9,7,0,2
n472,2,8,0,1,1,10,2,9,9,4,0,9,7,7,5,3,3,2,2,5,6,0,3,8,4,0,9,5,8,0,9,10,0,5,6,9,1,0,1,2,9,0,8,0,10,3,9,7,0,2
n471,2,8,0,1,1,10,2,9,9,4,0,9,7,7,5,0,3,2,2,5,6,0,3,8,4,0,9,5,8,0,9,10,0,5,6,9,1,0,1,2,9,0,8,0,10,3,9,7,0,2
n474,2,8,0,1,1,10,2,9,9,4,0,9,7,7,8,7,3,2,2,5,6,0,3,8,4,0,9,5,8,10,9,10,3,5,6,9,1,6,1,2,9,0,8,0,10,3,9,7,0,2
n473,2,8,0,1,1,10,2,9,9,4,5,9,7,7,8,7,3,2,2,5,6,0,3,8,4,0,9,5,8,6,9,10,0,5,6,9,1,6,1,2,9,2,8,0,10,3,9,7,0,2
n478,2,8,3,1,1,10,2,9,9,4,0,9,7,7,0,0,3,2,2,5,6,7,3,8,4,0,9,5,8,0,9,10,0,5,6,9,0,5,1,2,9,1,8,7,10,1,9,7,8,2
n477,2,8,3,1,1,10,2,9,9,4,0,9,7,7,0,9,3,2,2,5,6,7,3,8,4,0,9,5,8,3,9,10,0,5,6,9,0,5,1,2,9,1,8,2,10,0,9,7,8,2
n480,2,8,8,1,1,10,2,9,9,4,3,9,7,7,0,0,3,2,2,5,6,7,3,8,4,1,9,5,8,2,9,10,0,5,6,9,0,0,1,2,9,0,8,0,10,0,9,7,0,2
n479,2,8,0,1,1,10,2,9,9,4,0,9,7,7,0,6,3,2,2,5,6,7,3,8,4,1,9,5,8,0,9,10,0,5,6,9,0,0,1,2,9,0,8,0,10,0,9,7,0,2
n488,0,8,7,1,1,10,2,9,0,4,1,6,7,7,0,9,3,2,2,5,6,0,3,8,0,0,9,5,8,6,9,10,0,5,6,9,3,0,1,2,9,5,8,0,10,6,0,7,0,2
n487,9,8,7,1,1,10,2,9,0,4,1,6,7,7,8,9,3,2,2,5,6,0,3,8,0,0,9,5,8,6,9,10,0,5,6,9,3,0,1,2,9,5,8,0,10,6,0,7,0,2
n490,0,8,7,1,1,10,2,9,0,4,1,0,7,7,0,9,3,2,2,5,6,0,3,8,0,0,9,5,8,5,9,10,0,5,6,9,3,0,1,2,9,5,8,0,10,6,0,7,0,2
n489,0,8,7,1,1,10,2,9,6,4,1,0,7,7,0,9,3,2,2,5,6,0,3,8,0,0,9,5,8,0,9,10,7,5,6,9,3,0,1,2,9,5,8,0,10,6,0,7,0,2
n494,8,8,7,1,1,10,2,9,1,4,0,0,7,7,0,9,3,2,2,5,6,0,3,8,0,2,9,5,8,7,9,10,4,5,6,9,3,4,1,2,9,9,8,0,10,6,0,10,2,2
n493,0,8,7,1,1,10,2,9,1,4,5,0,7,7,0,9,3,2,2,5,6,0,3,8,0,5,9,5,8,7,9,10,4,5,6,9,3,4,1,2,9,9,8,9,10,6,0,10,6,2
n496,0,8,7,1,1,10,2,9,1,4,7,0,7,7,0,9,3,2,2,5,6,4,3,8,3,5,9,5,8,5,9,10,4,5,6,9,3,0,1,2,9,9,8,0,10,6,0,0,0,2
n495,0,8,7,1,1,10,2,9,1,4,7,0,7,7,0,9,3,2,2,5,6,0,3,8,3,0,9,5,8,5,9,10,4,5,6,9,3,9,1,2,9,9,8,0,10,6,2,0,0,2
n502,1,8,0,1,1,10,2,9,0,4,0,0,7,7,6,10,3,2,2,5,6,4,3,8,7,7,9,5,8,0,9,10,4,5,6,9,3,4,1,2,9,0,8,9,10,6,8,0,0,2
n501,1,8,0,1,1,10,2,9,0,4,0,9,7,7,0,10,3,2,2,5,6,4,3,8,7,7,9,5,8,10,9,10,4,5,6,9,3,0,1,2,9,0,8,9,10,6,8,5,0,2
n504,1,8,0,1,1,10,2,9,0,4,0,0,7,7,0,10,3,2,2,5,6,4,3,8,4,7,9,5,8,0,9,10,4,5,6,9,3,0,1,2,9,0,8,9,10,6,8,0,4,2
n503,1,8,0,1,1,10,2,9,0,4,0,0,7,7,0,10,3,2,2,5,6,4,3,8,4,7,9,5,8,0,9,10,4,5,6,9,3,0,1,2,9,5,8,9,10,6,8,0,4,2
n508,1,8,3,1,1,10,2,9,5,4,0,4,7,7,9,10,3,2,2,5,6,0,3,8,0,7,9,5,8,0,9,10,9,5,6,9,3,10,1,2,9,9,8,0,10,6,0,2,0,2
n507,1,8,3,1,1,10,2,9,5,4,0,4,7,7,9,10,3,2,2,5,6,8,3,8,0,7,9,5,8,1,9,10,9,5,6,9,3,10,1,2,9,9,8,5,10,6,0,0,0,2
n510,1,8,3,1,1,10,2,9,5,4,4,4,7,7,9,10,3,2,2,5,6,0,3,8,3,7,9,5,8,0,9,10,9,5,6,9,3,10,1,2,9,9,8,0,10,6,0,1,6,2
n509,1,8,3,1,1,10,2,9,5,4,4,4,7,7,9,10,3,2,2,5,6,0,3,8,0,7,9,5,8,0,9,10,9,5,6,9,3,10,1,2,9,9,8,0,10,6,0,0,6,2
