cell,r1,r2,r3,r4,r5,r6,r7,r8,r9,r10,r11,r12,r13,r14,r15,r16,r17,r18,r19,r20,r21,r22,r23,r24,r25,r26,r27,r28,r29,r30,r31,r32,r33,r34,r35,r36,r37,r38,r39,r40,r41,r42,r43,r44,r45,r46,r47,r48,r49,r50,r51,r52,r53,r54,r55,r56,r57,r58,r59,r60,r61,r62,r63,r64,r65,r66,r67,r68,r69,r70,r71,r72,r73,r74,r75,r76,r77,r78,r79,r80,r81,r82,r83,r84,r85,r86,r87,r88,r89,r90
n16,7,2,0,10,3,4,9,3,10,6,2,9,8,10,3,10,0,8,5,4,0,7,5,4,8,9,8,5,2,10,5,8,8,0,2,7,7,3,9,0,4,7,4,8,7,0,0,8,0,8,6,1,5,6,5,4,4,9,2,8,8,10,3,0,8,10,5,10,2,9,6,3,0,1,5,10,5,5,6,5,6,1,1,8,5,4,7,0,9,3
n15,7,2,0,10,3,4,9,3,10,0,2,9,8,10,3,10,1,8,5,4,0,7,5,4,8,9,8,5,0,10,5,8,8,0,2,7,7,3,9,0,4,7,4,8,7,0,0,8,9,8,6,0,5,6,5,0,4,9,2,8,8,10,3,0,8,10,5,10,2,9,6,5,0,1,5,10,5,5,6,0,6,1,1,8,5,4,7,0,9,3
n18,7,2,0,0,3,4,9,3,10,7,0,9,8,10,3,0,1,8,5,4,0,7,5,4,8,9,8,5,0,10,8,8,8,0,2,7,7,3,0,0,4,7,4,8,7,0,4,8,0,8,6,0,5,0,5,0,4,9,2,8,8,10,3,1,8,10,5,10,2,9,6,2,9,1,5,10,5,5,6,0,6,1,1,0,5,4,7,9,9,3
n17,7,2,0,0,3,4,9,3,10,7,7,9,8,10,3,9,1,8,5,4,0,7,5,4,8,9,8,5,0,10,0,8,8,0,2,7,7,3,0,0,4,7,4,8,7,0,4,8,0,8,6,0,5,0,5,0,4,9,2,8,8,10,3,1,8,10,5,10,2,9,6,7,9,1,5,10,5,5,6,0,6,1,1,0,5,4,7,1,9,3
n22,7,2,0,3,3,4,9,3,10,8,0,9,4,10,3,10,0,8,5,4,6,7,5,4,8,9,8,5,0,10,3,8,8,4,2,7,7,0,0,0,4,7,4,8,7,8,6,8,5,8,6,0,5,3,5,9,4,9,2,8,8,10,3,0,8,10,5,10,2,9,6,0,1,1,5,10,5,5,6,10,6,1,1,0,5,4,7,6,0,3
n21,7,2,8,3,3,4,9,3,10,8,0,9,0,10,3,10,0,8,5,4,6,7,5,4,8,9,8,5,0,10,0,8,8,0,2,7,7,0,7,3,4,7,4,8,7,0,6,8,5,8,6,0,5,3,5,9,4,9,2,8,8,10,3,7,8,10,5,10,2,9,6,0,1,1,5,10,5,5,6,10,6,1,1,0,5,4,7,0,7,3
n24,7,2,0,4,3,4,9,3,10,8,0,9,0,10,3,10,2,8,5,4,0,7,5,4,8,9,8,5,7,10,3,8,8,0,2,7,7,0,5,8,4,7,4,8,7,0,6,8,0,8,6,0,5,0,5,0,4,9,2,8,8,10,3,0,8,10,5,10,2,9,6,0,0,1,5,10,5,5,6,10,6,1,1,2,5,4,7,0,0,3
n23,7,2,0,4,3,4,9,3,10,8,0,9,0,10,3,10,2,8,5,4,0,7,5,4,8,9,8,5,7,10,3,8,8,0,2,7,7,0,5,8,4,7,4,8,7,0,6,8,0,8,6,0,5,0,5,0,4,9,2,8,8,10,3,0,8,10,5,10,2,9,6,0,0,1,5,10,5,5,6,10,6,1,1,2,5,4,7,0,5,3
n30,7,2,0,10,3,4,9,3,10,6,3,9,6,10,3,0,0,8,5,4,4,7,5,4,8,9,8,5,1,10,0,8,8,9,10,7,7,0,5,3,4,7,4,8,0,1,6,8,0,8,6,0,0,6,5,0,4,9,2,8,8,10,3,4,8,10,6,10,2,9,6,5,7,1,5,10,5,5,6,0,6,9,0,0,5,4,7,4,9,3
n29,7,2,0,10,3,4,9,3,10,6,0,9,6,10,3,0,0,8,5,4,4,7,5,4,8,9,8,5,1,10,0,8,8,9,10,7,7,9,0,3,4,7,4,8,0,1,0,8,0,8,6,8,0,6,5,0,4,9,2,8,8,10,3,4,8,10,6,10,2,0,6,5,7,1,5,10,5,5,6,0,6,9,0,0,5,4,7,4,9,3
n32,7,2,7,10,3,4,9,3,10,6,0,9,6,10,3,0,0,8,5,4,0,7,5,4,8,9,8,5,1,10,0,8,8,9,10,7,7,0,0,0,4,7,4,8,0,1,1,8,0,8,6,0,0,6,5,0,4,9,2,8,8,10,3,4,8,10,6,10,2,4,6,0,7,1,5,10,5,5,6,0,6,9,0,0,5,4,7,4,9,3
n31,7,2,0,10,3,4,9,3,10,6,5,9,6,10,3,3,0,8,5,4,0,7,5,4,8,9,8,5,1,10,0,8,8,9,10,7,7,0,0,0,4,7,4,8,10,1,1,8,0,8,6,0,0,6,5,0,4,9,2,8,8,10,3,4,8,10,6,10,2,4,6,0,7,1,5,10,5,5,6,0,6,9,2,0,5,4,7,4,9,3
n36,7,2,10,10,3,4,9,3,10,6,3,9,0,10,3,0,0,8,5,4,0,7,5,4,8,9,8,5,1,10,3,8,8,9,2,7,7,9,0,0,4,7,4,8,0,1,0,8,0,8,6,0,0,6,5,0,4,9,2,8,8,10,3,4,8,10,6,10,2,1,6,0,2,1,5,10,5,5,6,0,6,9,2,0,5,4,7,4,9,3
n35,7,2,10,10,3,4,9,3,10,6,0,9,0,10,3,0,0,8,5,4,0,7,5,4,8,9,8,5,1,10,3,8,8,9,2,7,7,9,0,0,4,7,4,8,3,1,5,8,0,8,6,0,0,6,5,0,4,9,2,8,8,10,3,4,8,10,6,10,2,8,6,0,2,1,5,10,5,5,6,2,6,9,2,0,5,4,7,4,9,3
n38,7,2,0,10,3,4,9,3,10,6,0,9,0,10,3,0,4,8,5,4,0,7,5,4,8,9,8,5,1,10,0,8,8,9,0,7,7,0,1,0,4,7,4,8,0,1,0,8,1,8,6,0,0,6,5,0,4,9,2,8,8,10,3,4,8,10,6,10,2,0,6,0,0,1,5,10,5,5,6,0,6,9,0,0,5,4,7,4,9,3
n37,7,2,7,10,3,4,9,3,10,6,0,9,0,10,3,10,4,8,5,4,0,7,5,4,8,9,8,5,1,10,1,8,8,9,0,7,7,8,0,0,4,7,4,8,0,1,0,8,0,8,6,0,0,6,5,0,4,9,2,8,8,10,3,4,8,10,6,10,2,0,6,0,0,1,5,10,5,5,6,0,6,9,0,0,5,4,7,4,9,3
n46,7,2,4,7,3,4,9,3,10,7,0,3,2,10,3,0,10,8,5,4,8,10,5,4,8,10,8,5,1,5,0,8,6,7,6,7,7,6,6,7,7,8,4,8,10,0,1,8,5,8,6,9,7,6,8,5,10,9,2,8,8,10,7,9,8,0,6,10,3,0,6,0,8,1,5,10,5,5,6,6,6,0,0,0,5,4,7,9,9,7
n45,7,2,0,7,3,4,9,3,10,7,0,3,2,10,3,0,10,8,5,4,8,10,5,4,8,10,8,5,1,5,0,8,6,0,6,7,7,6,0,0,7,8,4,8,10,0,1,8,5,8,6,9,7,0,0,5,10,9,2,8,8,10,7,9,8,4,6,10,3,0,6,0,8,1,5,10,5,5,6,6,6,0,5,0,5,4,7,9,9,7
n48,7,2,0,0,3,4,9,3,10,7,0,3,2,10,3,3,10,8,5,4,8,10,5,4,8,10,8,5,0,5,0,8,6,0,6,7,7,3,0,6,7,8,4,8,10,10,0,8,0,8,6,9,7,0,1,5,10,9,2,8,8,10,7,9,8,0,6,10,4,0,6,0,8,1,5,10,5,5,6,6,6,1,4,0,5,4,7,6,9,7
n47,7,2,0,0,3,4,9,3,10,7,0,3,2,10,3,0,10,8,5,4,8,10,5,4,8,10,8,5,0,5,2,8,6,0,6,7,7,3,0,6,7,8,4,8,10,10,0,8,0,8,6,9,7,0,0,5,10,9,2,8,8,10,7,9,8,0,6,10,4,8,6,0,8,1,5,10,5,5,6,6,6,1,4,0,5,4,7,3,9,7
n52,7,2,3,0,3,4,9,3,10,5,7,3,2,10,3,4,10,8,5,4,0,10,5,4,8,10,8,5,8,5,0,8,6,10,6,7,7,0,0,2,7,8,4,8,10,5,0,8,4,8,6,9,7,7,7,5,10,9,2,8,8,10,7,9,8,0,6,10,0,0,6,1,8,1,5,10,5,5,6,6,6,6,10,1,5,4,7,0,9,3
n51,7,2,3,0,3,4,9,3,10,5,7,3,2,10,3,4,10,8,5,4,0,10,5,4,8,10,8,5,0,5,10,8,6,10,6,7,7,0,0,2,7,10,4,8,10,5,0,8,0,8,6,9,7,7,7,5,10,9,2,8,8,10,7,9,8,0,6,10,1,0,6,1,8,1,5,10,5,5,6,6,6,6,10,1,5,4,7,0,9,3
n54,7,2,3,0,3,4,9,3,10,5,7,3,2,10,3,8,10,8,5,4,0,10,5,4,8,10,8,5,0,5,0,8,6,0,6,7,7,0,0,2,7,0,4,8,10,5,6,8,0,8,6,9,7,10,7,5,10,9,2,8,8,10,7,9,8,0,6,10,0,0,6,1,8,1,5,10,5,5,6,6,6,6,0,1,5,4,7,0,9,3
n53,7,2,3,0,3,4,9,3,10,5,7,3,2,10,3,0,10,8,5,4,0,10,5,4,8,10,8,5,0,5,0,8,6,0,6,7,7,0,0,2,7,2,4,8,10,5,3,8,0,8,6,9,7,10,7,5,10,9,2,8,8,10,7,9,8,0,6,10,0,0,6,1,8,1,5,10,5,5,6,6,6,6,0,1,5,4,7,3,9,3
n60,7,2,10,0,3,4,9,3,10,0,0,3,3,10,3,0,10,8,5,4,0,10,5,4,8,1,8,5,5,0,0,8,6,0,6,7,7,9,0,0,6,7,4,8,2,0,0,8,0,8,6,9,7,0,1,5,3,9,2,8,8,10,0,8,8,3,6,10,9,2,6,3,4,1,5,10,5,5,6,1,6,9,0,0,5,4,7,0,9,0
n59,7,2,10,0,3,4,9,3,10,1,0,3,3,10,3,0,10,8,5,4,0,10,5,4,8,1,8,5,5,6,0,8,6,0,6,7,7,9,0,0,0,7,4,8,2,0,0,8,0,8,6,9,7,0,1,5,3,9,2,8,8,10,9,10,8,8,6,10,9,0,6,3,4,1,5,10,5,5,6,1,6,9,0,0,5,4,7,7,9,0
n62,7,2,10,8,3,4,9,3,10,0,0,3,3,10,3,3,10,8,5,4,0,10,5,4,8,1,8,5,5,0,9,8,6,10,6,7,7,9,0,5,0,7,4,8,2,0,0,8,0,8,6,9,7,3,1,5,3,9,2,8,8,10,8,8,8,0,6,10,9,0,6,3,4,1,5,10,5,5,6,1,6,4,3,0,5,4,7,0,9,0
n61,7,2,10,0,3,4,9,3,10,0,0,3,3,10,3,0,10,8,5,4,0,10,5,4,8,1,8,5,5,0,0,8,6,10,6,7,7,9,0,5,0,7,4,8,2,0,0,8,0,8,6,9,7,3,1,5,3,9,2,8,8,10,8,0,8,0,6,10,9,0,6,3,4,1,5,10,5,5,6,1,6,4,3,0,5,4,7,0,9,0
n66,7,2,10,0,3,4,9,3,10,0,0,3,3,10,3,0,10,8,5,4,7,10,5,4,8,1,8,5,0,0,0,8,6,3,6,7,7,5,0,0,1,0,4,8,5,0,0,8,0,8,6,9,7,3,1,5,8,9,2,8,8,10,4,0,8,0,6,10,0,0,6,0,4,1,5,10,5,5,6,1,6,0,9,0,5,4,7,4,9,0
n65,7,2,10,5,3,4,9,3,10,0,4,3,3,10,3,0,10,8,5,4,7,10,5,4,8,1,8,5,0,0,3,8,6,3,6,7,7,5,2,0,1,0,4,8,0,0,0,8,0,8,6,9,7,3,1,5,8,9,2,8,8,10,4,0,8,7,6,10,0,0,6,0,4,1,5,10,5,5,6,1,6,0,9,0,5,4,7,4,9,10
n68,7,2,10,0,3,4,9,3,10,0,0,3,3,10,3,0,10,8,5,4,7,10,5,4,8,1,8,5,0,8,0,8,6,3,6,7,7,0,0,0,8,0,4,8,0,0,6,8,10,8,6,9,7,3,1,5,0,9,2,8,8,10,0,0,8,0,6,10,8,0,6,0,4,1,5,10,5,5,6,1,6,0,10,0,5,4,7,0,9,6
n67,7,2,10,0,3,4,9,3,10,0,0,3,3,10,3,0,10,8,5,4,7,10,5,4,8,1,8,5,0,8,0,8,6,3,6,7,7,0,0,0,8,9,4,8,0,0,6,8,10,8,6,9,7,3,1,5,0,9,2,8,8,10,0,0,8,10,6,10,8,6,6,0,4,1,5,10,5,5,6,1,6,9,0,9,5,4,7,0,9,0
n78,6,2,9,9,3,4,9,3,10,5,4,0,7,10,3,8,3,8,5,4,3,8,10,4,8,0,8,5,6,10,5,8,0,0,3,7,7,0,3,8,2,0,4,6,3,2,8,8,2,8,6,0,9,5,0,0,0,9,2,0,8,10,6,0,5,0,6,10,8,7,6,10,5,1,5,10,5,10,6,10,5,0,3,4,8,4,7,7,0,0
n77,6,2,9,9,3,4,9,3,10,5,0,0,7,10,3,8,3,8,5,4,3,8,10,4,8,0,8,5,6,10,0,8,0,0,3,7,7,0,3,8,2,7,4,6,3,2,8,8,2,8,6,0,9,5,7,0,0,9,2,1,8,10,6,0,5,0,6,10,8,7,6,10,5,1,5,10,5,10,6,10,5,0,3,1,8,4,7,7,0,4
n80,6,2,9,9,3,4,9,3,10,0,0,9,7,10,3,8,0,8,5,4,3,7,10,4,8,0,8,5,6,10,9,8,0,0,3,7,7,2,3,8,2,9,4,6,3,2,8,8,2,8,6,10,9,5,8,5,0,9,2,0,8,10,6,0,5,0,6,10,0,7,6,10,5,1,5,10,5,10,6,10,5,0,1,0,8,4,7,7,0,0
n79,6,2,9,9,3,4,9,3,10,0,0,0,7,10,3,8,7,8,5,4,3,10,10,4,8,0,8,5,6,10,9,8,0,0,3,7,7,0,3,8,2,9,4,6,3,2,8,8,2,8,6,0,9,5,8,5,0,9,2,0,8,10,6,0,5,0,6,10,0,7,6,10,5,1,5,10,5,10,6,10,5,0,1,0,8,4,7,7,0,0
n84,10,2,9,9,3,4,9,3,10,0,7,0,7,10,3,8,0,8,5,4,3,0,10,4,8,2,8,5,6,10,0,8,0,10,10,7,7,6,3,8,0,3,4,6,9,0,8,8,2,8,6,10,9,5,4,0,0,9,2,0,8,10,6,0,4,0,6,10,0,8,6,10,5,1,5,10,5,9,6,0,5,4,10,2,4,4,7,7,8,10
n83,10,2,9,9,3,4,9,3,10,0,0,0,7,10,3,8,0,8,5,4,3,0,10,4,8,0,8,5,6,10,0,8,0,10,0,7,7,0,3,8,1,0,4,6,9,0,8,8,2,8,6,10,9,5,0,0,0,9,2,3,8,10,6,0,4,0,6,10,9,8,6,10,5,1,5,10,5,9,6,0,5,4,0,2,0,4,7,7,8,6
n86,2,2,9,9,3,4,9,3,10,0,0,0,7,10,3,8,7,8,5,4,3,0,10,4,8,0,8,5,6,10,0,8,0,10,0,7,7,0,3,8,0,0,4,6,9,0,8,8,2,8,6,0,9,5,8,5,0,9,2,0,8,10,6,0,0,0,6,10,0,10,6,10,5,1,5,10,5,0,6,9,5,0,8,2,0,4,7,7,0,9
n85,0,2,9,9,3,4,9,3,10,0,0,0,7,10,3,8,7,8,5,4,3,0,10,4,8,0,8,5,6,10,0,8,0,10,0,7,7,0,3,8,3,0,4,6,9,0,8,8,2,8,6,0,9,5,8,5,0,9,2,0,8,10,6,0,0,0,6,10,0,2,6,10,5,1,5,10,5,0,6,9,5,0,0,2,0,4,7,7,0,9
n92,9,2,9,0,3,4,9,3,10,0,6,0,7,10,3,8,8,8,5,4,3,0,10,4,8,1,8,5,6,0,2,8,0,8,7,7,7,6,3,8,7,0,4,6,9,0,8,8,2,8,6,1,9,5,0,0,2,9,2,7,8,10,0,6,0,7,6,10,6,0,6,10,0,1,5,10,5,2,6,0,5,0,0,0,0,4,7,7,4,2
n91,9,2,9,4,3,4,9,3,10,0,0,0,7,10,3,8,0,8,5,4,3,0,10,4,8,1,8,5,6,0,2,8,1,8,7,7,7,0,3,8,0,0,4,6,0,0,8,8,2,8,6,1,9,5,0,0,2,9,2,7,8,10,0,0,0,7,6,10,6,0,6,10,3,1,5,10,5,3,6,0,5,6,0,0,0,4,7,7,4,2
n94,9,2,9,2,3,4,9,3,10,2,10,0,7,10,3,8,5,8,5,4,3,7,10,4,8,1,8,5,6,0,2,8,0,0,7,7,7,0,3,8,8,0,4,6,9,10,8,8,2,8,6,1,9,5,6,0,0,9,2,7,8,10,0,0,9,7,6,10,6,1,6,10,8,1,5,10,5,5,6,0,5,6,9,0,0,4,7,7,4,0
n93,9,2,9,2,3,4,9,3,10,2,10,0,7,10,3,8,5,8,5,4,3,0,10,4,8,1,8,5,6,0,2,8,1,0,7,7,7,9,3,8,4,0,4,6,0,0,8,8,2,8,6,1,9,5,6,0,0,9,2,7,8,10,0,9,0,7,6,10,6,0,6,10,8,1,5,10,5,5,6,0,5,6,0,0,4,4,7,7,4,0
n98,0,2,9,0,3,4,9,3,10,0,1,7,7,10,3,8,0,8,5,4,3,0,10,4,8,0,8,5,6,0,2,8,5,0,7,7,7,3,3,8,7,0,4,6,7,0,8,8,2,8,6,0,9,5,1,0,8,9,2,7,8,10,4,0,4,9,6,10,0,0,6,10,2,1,5,10,5,7,6,8,5,5,7,0,4,4,7,7,0,0
n97,0,2,9,9,3,4,9,3,10,0,1,7,7,10,3,8,0,8,5,4,3,0,10,4,8,0,8,5,6,0,2,8,5,0,7,7,7,3,3,8,7,0,4,6,0,0,8,8,2,8,6,0,9,5,1,0,8,9,2,7,8,10,4,0,4,9,6,10,0,0,6,10,2,1,5,10,5,0,6,8,5,0,7,0,4,4,7,7,0,0
n100,9,2,9,4,3,4,9,3,10,0,0,0,7,10,3,8,0,8,5,4,3,0,10,4,8,1,8,5,6,6,2,8,3,0,7,7,7,3,3,8,7,7,4,6,0,10,8,8,2,8,6,6,9,5,2,3,8,9,2,7,8,10,4,7,4,9,6,10,0,3,6,10,7,1,5,10,5,4,6,8,5,0,7,10,9,4,7,7,0,0
n99,0,2,9,0,3,4,9,3,10,0,0,9,7,10,3,8,1,8,5,4,3,0,10,4,8,1,8,5,6,0,2,8,3,0,7,7,7,3,3,8,7,7,4,6,0,10,8,8,2,8,6,0,9,5,2,6,8,9,2,7,8,10,4,7,4,9,6,10,0,0,6,10,7,1,5,10,5,4,6,8,5,0,7,0,9,4,7,7,0,0
n108,6,2,9,6,3,4,9,3,10,0,10,0,0,10,3,0,1,8,5,4,3,0,10,4,8,0,8,5,6,0,0,8,7,0,7,7,7,7,3,0,0,6,3,6,0,8,7,8,1,8,6,0,9,0,5,0,3,9,2,10,8,10,8,0,2,0,7,10,10,0,6,10,2,1,5,10,5,0,6,3,5,0,7,7,0,4,7,7,9,0
n107,0,2,9,6,3,4,9,3,10,0,10,0,0,10,3,0,1,8,5,4,3,1,10,4,8,6,8,5,6,0,0,8,7,7,7,7,7,7,3,0,0,6,3,6,0,0,7,8,1,8,6,0,9,0,5,0,3,9,2,10,8,10,8,0,0,0,0,10,10,0,6,10,2,1,5,10,5,0,6,3,5,0,7,0,7,4,7,7,0,0
n110,0,2,9,6,3,4,9,3,10,3,10,0,3,10,3,5,1,8,5,4,3,0,10,4,8,7,8,5,6,4,0,8,7,0,7,7,7,7,3,3,0,6,3,6,0,0,7,8,1,8,6,0,9,0,5,5,3,9,2,10,8,10,8,0,5,4,0,10,0,1,6,10,2,1,5,10,5,0,6,3,5,0,7,10,0,4,7,7,0,5
n109,0,2,9,6,3,4,9,3,10,3,10,0,3,10,3,0,1,8,5,4,3,0,10,4,8,7,8,5,6,0,0,8,7,0,7,7,7,7,3,3,0,6,3,6,2,0,7,8,1,8,6,4,9,0,5,0,3,9,2,10,8,10,8,0,9,0,5,10,0,1,6,10,2,1,5,10,5,0,6,3,5,0,7,0,2,4,7,7,0,5
n114,7,2,9,6,3,4,9,3,10,7,10,4,6,10,3,9,1,8,5,4,3,10,10,4,8,0,8,5,6,10,9,8,7,0,7,7,7,7,3,4,3,6,3,6,6,0,0,8,1,8,6,0,9,0,0,2,3,9,2,0,8,10,8,0,0,7,0,10,10,2,6,10,2,1,5,10,5,0,6,0,5,0,7,10,1,4,7,7,8,0
n113,0,2,9,6,3,4,9,3,10,7,10,4,6,10,3,9,1,8,5,4,3,10,10,4,8,0,8,5,6,10,0,8,7,0,7,7,7,7,3,0,3,6,3,6,6,0,0,8,1,8,6,0,9,0,0,2,3,9,2,0,8,10,8,0,0,7,0,10,10,9,6,10,2,1,5,10,5,0,6,0,5,0,7,10,1,4,7,7,8,0
n116,7,2,9,6,3,4,9,3,10,7,10,0,0,10,3,9,1,8,5,4,3,10,10,4,8,0,8,5,6,0,1,8,7,0,7,7,7,7,3,0,3,6,3,6,0,9,0,8,1,8,6,10,9,0,0,2,3,9,2,2,8,10,8,4,6,0,0,10,10,0,6,10,2,1,5,10,5,0,6,1,5,0,7,10,0,4,7,7,8,0
n115,7,2,9,6,3,4,9,3,10,7,10,0,9,10,3,9,1,8,5,4,3,10,10,4,8,0,8,5,6,0,1,8,7,0,7,7,7,7,3,0,3,6,3,6,0,0,0,8,1,8,6,0,9,9,0,2,3,9,2,2,8,10,8,4,0,4,0,10,10,4,6,10,2,1,5,10,5,7,6,1,5,0,7,10,0,4,7,7,8,0
n122,3,2,9,6,3,4,9,3,10,0,0,9,0,10,3,5,1,8,5,4,3,10,10,4,8,9,8,5,6,6,6,8,9,8,7,7,7,7,3,3,9,6,3,6,0,3,0,8,1,8,6,1,9,0,0,0,0,9,2,2,8,10,8,0,4,10,0,10,8,0,6,10,2,1,5,10,5,8,6,9,5,0,7,0,0,4,7,7,9,0
n121,3,2,9,6,3,4,9,3,10,0,8,9,0,10,3,0,1,8,5,4,3,10,10,4,8,9,8,5,6,6,6,8,9,8,7,7,7,7,3,3,9,6,3,6,0,3,6,8,1,8,6,1,9,0,0,0,6,9,2,2,8,10,8,8,4,10,0,10,8,0,6,10,2,1,5,10,5,0,6,9,5,0,7,0,0,4,7,7,9,0
n124,0,2,9,6,3,4,9,3,10,0,9,0,0,10,3,0,1,8,5,4,3,10,10,4,8,9,8,5,6,6,6,8,9,8,7,7,7,7,3,3,9,6,3,6,0,10,0,8,1,8,6,1,9,0,0,10,0,9,2,4,8,10,8,3,4,10,0,10,8,0,6,10,2,1,5,10,5,0,6,9,5,0,7,0,6,4,7,7,9,0
n123,0,2,9,6,3,4,9,3,10,0,9,1,0,10,3,9,1,8,5,4,3,10,10,4,8,9,8,5,6,6,6,8,9,8,7,7,7,7,3,3,9,6,3,6,0,3,0,8,1,8,6,1,9,0,0,10,0,9,2,4,8,10,8,3,4,10,5,10,8,0,6,10,2,1,5,10,5,0,6,9,5,0,7,9,0,4,7,7,9,0
n128,0,2,9,6,3,4,9,3,10,0,9,0,0,10,3,10,1,8,5,4,3,0,10,4,8,9,8,5,6,0,6,8,2,0,7,7,7,7,3,6,9,6,3,6,9,4,4,8,1,8,6,0,9,0,0,0,0,9,2,0,8,10,8,0,3,10,8,10,9,0,6,10,2,1,5,10,5,0,6,9,5,0,7,0,1,4,7,7,9,10
n127,7,2,9,6,3,4,9,3,10,0,9,0,0,10,3,10,1,8,5,4,3,0,10,4,8,9,8,5,6,0,6,8,0,0,7,7,7,7,3,6,9,6,3,6,9,4,4,8,1,8,6,0,9,0,0,1,0,9,2,0,8,10,8,0,0,10,0,10,9,0,6,10,2,1,5,10,5,2,6,9,5,0,7,0,0,4,7,7,9,10
n130,0,2,9,6,3,4,9,3,10,0,9,0,3,10,3,10,1,8,5,4,3,0,10,4,8,9,8,5,6,7,6,8,0,6,7,7,7,7,3,6,9,6,3,6,0,4,4,8,1,8,6,0,9,0,0,0,0,9,2,10,8,10,8,0,0,10,0,10,9,0,6,10,2,1,5,10,5,7,6,9,5,0,7,4,0,4,7,7,9,9
n129,1,2,9,6,3,4,9,3,10,0,9,0,0,10,3,10,1,8,5,4,3,0,10,4,8,9,8,5,6,5,6,8,8,6,7,7,7,7,3,6,9,6,3,6,0,4,4,8,1,8,6,0,9,0,0,9,0,9,2,0,8,10,8,0,0,10,0,10,9,2,6,10,2,1,5,10,5,3,6,9,5,0,7,4,0,4,7,7,9,9
n142,3,2,9,6,3,4,9,0,10,9,10,4,9,10,3,9,5,8,4,4,7,3,0,4,8,6,8,5,0,0,2,5,0,10,6,7,7,0,2,3,9,8,2,7,3,2,9,8,0,8,6,9,9,2,8,2,10,9,2,9,8,3,8,3,5,6,0,10,0,9,5,1,0,1,7,10,5,0,6,6,4,7,8,9,0,5,7,9,0,8
n141,3,2,9,6,3,4,9,0,10,9,10,4,9,10,3,9,5,8,4,4,7,0,9,4,8,6,8,5,0,0,0,5,0,10,6,7,7,0,2,3,9,8,2,7,3,2,9,8,0,8,6,9,9,2,0,2,10,9,2,9,8,3,8,3,5,6,0,10,0,9,0,1,0,1,7,10,5,6,6,6,4,7,8,2,0,5,7,9,4,8
n144,3,2,9,6,3,4,9,2,10,9,5,4,0,10,3,9,5,8,4,4,7,0,0,4,8,6,8,5,0,0,6,5,1,10,6,7,7,0,2,3,9,8,0,7,3,2,9,8,0,8,6,9,9,2,0,2,7,9,2,9,8,3,8,3,0,3,8,10,0,9,0,1,0,1,7,10,5,2,6,6,4,7,8,0,6,5,7,9,9,8
n143,3,2,9,6,3,4,9,0,10,9,5,4,0,10,3,9,5,8,4,4,7,0,0,4,8,6,8,5,0,0,0,5,0,10,6,7,7,0,2,3,9,8,0,7,3,2,9,8,0,8,6,9,9,2,0,2,0,9,2,9,8,3,8,3,0,3,0,10,0,9,0,1,0,1,7,10,5,2,6,6,4,7,8,0,6,5,7,9,9,8
n148,3,2,9,6,3,4,9,2,10,9,9,4,8,10,3,9,5,8,4,4,0,7,0,4,8,6,8,5,0,0,0,5,0,10,6,7,7,0,2,3,9,8,0,7,3,2,0,8,2,8,6,9,9,0,4,2,0,9,2,9,8,3,8,3,6,8,0,10,9,9,0,1,0,1,7,10,5,6,6,6,4,7,8,6,0,5,7,9,5,8
n147,3,2,9,6,3,4,9,0,10,9,9,4,8,10,3,9,5,8,4,4,0,7,0,4,8,6,8,5,9,0,7,5,0,10,6,7,7,0,2,3,9,8,0,7,3,2,0,8,2,8,6,9,9,0,4,2,0,9,2,9,8,3,8,3,6,8,0,10,9,9,0,1,0,1,7,10,5,6,6,6,4,7,8,6,0,5,7,9,5,8
n150,3,2,9,6,3,4,9,0,10,9,9,4,8,10,3,9,5,8,4,4,0,7,0,4,8,6,8,5,0,8,0,5,0,10,6,7,7,0,2,3,9,8,0,7,3,2,0,8,0,8,6,9,9,0,4,2,1,9,2,9,8,3,8,3,6,4,9,10,1,9,6,1,0,1,7,10,5,6,6,6,4,7,8,6,0,5,7,9,8,8
n149,3,2,9,6,3,4,9,0,10,9,9,4,8,10,3,9,5,8,4,4,10,7,0,4,8,6,8,5,0,0,0,5,0,10,6,7,7,0,2,3,9,8,0,7,3,2,0,8,0,8,6,9,9,0,4,2,0,9,2,9,8,3,8,3,6,4,0,10,3,9,6,1,0,1,7,10,5,6,6,6,4,7,8,6,10,5,7,9,0,8
n156,3,2,9,6,3,4,9,7,10,9,6,4,0,10,3,9,5,8,4,4,0,2,6,4,8,6,8,5,0,6,4,5,0,10,6,7,7,6,2,3,0,0,0,7,3,2,4,8,0,8,6,9,9,5,0,0,9,9,2,9,8,0,8,3,0,0,0,10,0,0,1,1,6,1,7,10,5,5,6,6,4,0,0,0,0,6,7,1,5,8
n155,3,2,9,6,3,4,9,7,10,9,6,4,0,10,3,9,5,8,4,4,0,2,6,4,8,6,8,5,0,6,4,5,0,10,6,7,7,6,2,3,6,2,0,7,3,2,4,8,3,8,6,9,9,5,0,6,9,9,2,9,8,0,8,3,0,0,0,10,0,0,1,1,6,1,7,10,5,6,6,6,4,0,0,0,0,6,7,1,0,8
n158,3,2,9,6,3,4,9,7,10,9,6,4,0,10,3,9,5,8,4,4,3,2,6,4,8,6,8,5,0,6,4,5,0,10,6,7,7,6,2,3,0,10,0,7,3,2,0,8,0,8,6,9,9,5,0,8,0,9,2,9,8,6,8,3,7,0,0,10,0,0,0,1,6,1,7,10,5,10,6,6,4,2,0,0,0,6,7,2,5,8
n157,3,2,9,6,3,4,9,7,10,9,6,4,0,10,3,9,5,8,4,4,10,2,6,4,8,6,8,5,0,6,4,5,0,10,6,7,7,6,2,3,0,10,0,7,3,2,10,8,1,8,6,9,9,5,0,8,0,9,2,9,8,6,8,3,0,0,0,10,0,0,0,1,6,1,7,10,5,0,6,6,4,0,0,0,3,6,7,2,0,8
n162,3,2,9,6,3,4,9,8,10,9,6,4,3,10,3,9,5,8,4,4,7,2,4,4,8,6,8,5,6,0,4,5,8,10,6,7,7,0,2,3,3,0,0,7,3,2,0,8,0,8,6,9,9,5,7,1,0,9,2,9,8,1,8,3,0,4,0,10,8,3,8,1,6,1,7,10,5,0,6,6,4,0,0,5,0,6,7,0,10,8
n161,3,2,9,6,3,4,9,8,10,9,6,4,0,10,3,9,5,8,4,4,0,2,4,4,8,6,8,5,6,0,4,5,0,10,6,7,7,0,2,3,3,0,0,7,3,2,0,8,0,8,6,9,9,5,7,1,0,9,2,9,8,1,8,3,0,4,0,10,8,3,8,1,6,1,7,10,5,0,6,6,4,0,0,0,0,6,7,0,10,8
n164,3,2,9,6,3,4,9,8,10,9,6,4,5,10,3,9,5,8,4,4,0,2,8,4,8,6,8,5,6,0,4,5,0,10,6,7,7,0,2,3,0,0,0,7,3,2,8,8,0,8,6,9,9,5,7,1,0,9,2,9,8,0,8,3,0,4,0,10,8,2,0,1,6,1,7,10,5,0,6,6,4,10,0,5,5,6,7,3,10,8
n163,3,2,9,6,3,4,9,8,10,9,6,4,5,10,3,9,5,8,4,4,0,2,8,4,8,6,8,5,6,0,4,5,0,10,6,7,7,0,2,3,0,0,0,7,3,2,0,8,0,8,6,9,9,5,7,1,0,9,2,9,8,0,8,3,0,4,0,10,8,0,10,1,6,1,7,10,5,0,6,6,4,10,0,0,0,6,7,0,10,8
n172,3,2,9,0,3,4,9,0,10,0,3,10,8,10,3,9,5,8,4,4,2,7,7,4,8,6,8,5,8,0,6,5,5,10,4,7,7,1,0,3,4,10,10,6,2,0,7,8,3,8,6,9,9,0,7,8,6,9,2,9,8,6,8,3,2,0,6,10,4,1,10,1,8,1,8,10,5,1,6,0,0,0,3,6,0,6,7,2,0,8
n171,3,2,9,0,3,4,9,0,10,0,3,10,8,10,3,9,5,8,4,4,0,7,7,4,8,6,8,5,8,0,6,5,5,10,4,7,7,1,6,3,4,10,10,6,2,0,7,8,3,8,6,9,9,0,7,8,6,9,2,9,8,6,8,3,2,0,6,10,4,1,10,1,0,1,0,10,5,1,6,0,0,0,3,6,0,0,7,2,0,8
n174,3,2,9,0,3,4,9,0,10,10,6,0,8,10,3,9,5,8,4,4,0,0,7,4,8,6,8,5,8,0,6,5,5,10,4,7,7,1,0,3,4,10,0,6,2,0,7,8,3,8,6,9,9,1,7,8,6,9,2,9,8,6,8,3,2,6,6,10,4,0,10,1,0,1,3,10,5,1,6,5,4,0,3,6,0,0,7,2,3,8
n173,3,2,9,0,3,4,9,0,10,10,2,0,8,10,3,9,5,8,4,4,0,0,7,4,8,6,8,5,8,0,6,5,5,10,4,7,7,1,0,3,4,10,0,6,2,0,7,8,3,8,6,9,9,0,7,8,6,9,2,9,8,6,8,3,2,7,6,10,4,0,10,1,0,1,0,10,5,1,6,5,4,3,3,6,0,8,7,2,3,8
n178,3,2,9,0,3,4,9,0,10,0,0,0,8,10,3,9,5,8,4,4,5,4,0,4,8,6,8,5,8,7,6,5,5,10,4,7,7,1,0,3,4,10,0,0,4,0,7,8,8,8,6,9,9,6,7,8,0,9,2,9,8,0,8,3,2,1,10,10,4,7,10,1,0,1,0,10,5,1,6,0,0,9,3,0,9,0,7,2,7,8
n177,3,2,9,0,3,4,9,0,10,0,0,0,8,10,3,9,5,8,4,4,5,0,7,4,8,6,8,5,8,7,6,5,5,10,4,7,7,1,10,3,4,10,0,9,0,0,7,8,0,8,6,9,9,0,7,8,0,9,2,9,8,0,8,3,2,1,0,10,4,0,10,1,0,1,0,10,5,1,6,0,3,9,3,0,9,0,7,2,7,8
n180,3,2,9,0,3,4,9,0,10,0,0,0,8,10,3,9,5,8,4,4,0,0,5,4,8,6,8,5,8,7,6,5,5,10,4,7,7,1,8,3,4,10,0,1,0,0,7,8,0,8,6,9,9,0,7,8,0,9,2,9,8,6,8,3,2,0,0,10,4,0,10,1,0,1,0,10,5,1,6,8,8,9,3,0,0,0,7,2,7,8
n179,3,2,9,9,3,4,9,0,10,0,0,0,8,10,3,9,5,8,4,4,0,0,5,4,8,6,8,5,8,7,6,5,5,10,4,7,7,1,8,3,4,10,0,0,0,0,7,8,6,8,6,9,9,0,7,8,0,9,2,9,8,6,8,3,2,0,0,10,4,9,10,1,0,1,0,10,5,1,6,0,8,9,3,0,0,0,7,2,7,8
n186,3,2,9,0,3,4,9,6,10,0,4,0,0,10,3,9,5,8,4,4,0,0,0,4,8,6,8,5,8,0,0,5,5,10,2,7,7,1,0,3,4,7,7,8,0,5,3,8,0,8,6,9,9,2,7,8,0,9,2,9,8,0,8,3,0,0,2,10,0,0,10,1,0,1,9,10,5,1,6,0,0,2,3,0,4,0,7,2,4,8
n185,3,2,9,0,3,4,9,0,10,0,0,0,0,10,3,9,5,8,4,4,0,0,0,4,8,6,8,5,8,0,2,5,5,10,2,7,7,1,0,3,4,0,0,0,0,5,3,8,0,8,6,9,9,2,7,8,1,9,2,9,8,0,8,3,0,6,0,10,1,0,10,1,0,1,9,10,5,1,6,0,0,2,3,0,4,0,7,2,4,8
n188,3,2,9,0,3,4,9,0,10,1,0,8,0,10,3,9,5,8,4,4,9,1,0,4,8,6,8,5,8,5,2,5,5,10,2,7,7,1,0,3,4,0,8,4,0,5,3,8,0,8,6,9,9,2,7,8,0,9,2,9,8,0,8,3,0,3,1,10,0,0,10,1,0,1,9,10,5,1,6,0,0,2,3,0,4,0,7,2,4,8
n187,3,2,9,2,3,4,9,0,10,0,3,8,0,10,3,9,5,8,4,4,0,8,0,4,8,6,8,5,8,5,0,5,5,10,2,7,7,1,0,3,4,0,0,4,0,5,3,8,6,8,6,9,9,2,7,8,0,9,2,9,8,0,8,3,0,3,1,10,6,2,10,1,0,1,9,10,5,1,6,0,0,2,3,0,4,0,7,2,4,8
n192,3,2,9,5,3,4,9,0,10,0,1,0,0,10,3,9,5,8,4,4,0,0,0,4,8,6,8,5,8,7,0,5,5,10,0,7,7,1,0,3,4,9,1,6,4,0,3,8,0,8,6,9,9,2,7,8,2,9,2,9,8,1,8,3,0,0,0,10,5,0,10,1,0,1,3,10,5,1,6,0,0,2,3,0,1,0,7,2,4,8
n191,3,2,9,5,3,4,9,0,10,0,0,0,0,10,3,9,5,8,4,4,0,0,0,4,8,6,8,5,8,5,10,5,5,10,0,7,7,1,0,3,4,9,1,6,4,0,3,8,0,8,6,9,9,2,7,8,2,9,2,9,8,3,8,3,0,9,0,10,5,2,10,1,0,1,3,10,5,1,6,0,0,2,3,0,1,0,7,2,4,8
n194,3,2,9,5,3,4,9,0,10,0,0,0,0,10,3,9,5,8,4,4,0,0,9,4,8,6,8,5,8,10,5,5,5,10,0,7,7,1,0,3,4,9,0,6,0,0,3,8,0,8,6,9,9,0,7,8,0,9,2,9,8,0,8,3,0,0,0,10,5,0,10,1,0,1,3,10,5,1,6,6,6,2,3,0,0,0,7,2,4,8
n193,3,2,9,5,3,4,9,0,10,0,0,0,0,10,3,9,5,8,4,4,0,0,6,4,8,6,8,5,8,10,5,5,5,10,0,7,7,1,2,3,4,9,3,6,0,0,3,8,2,8,6,9,9,0,7,8,0,9,2,9,8,0,8,3,0,10,0,10,5,0,10,1,0,1,3,10,5,1,6,6,0,2,3,0,0,0,7,2,4,8
n204,3,2,9,6,3,4,9,8,10,4,3,3,5,10,3,9,5,8,4,4,0,1,7,4,8,6,8,5,1,3,0,0,1,0,3,7,7,3,4,3,6,7,10,7,3,0,6,8,7,8,6,1,9,2,1,5,7,9,2,0,8,0,8,3,7,0,8,10,0,3,4,1,0,1,5,10,5,5,6,3,0,0,9,7,0,8,7,10,3,9
n203,3,2,9,6,3,4,9,8,10,4,3,3,5,10,3,9,5,8,4,4,0,1,7,4,8,6,8,5,1,3,0,0,0,0,3,7,7,3,4,3,6,7,10,7,3,0,6,8,7,8,6,1,9,2,1,5,3,9,2,1,8,0,8,3,7,0,8,10,3,3,4,0,5,1,5,10,5,5,6,3,0,0,9,2,0,8,7,10,3,9
n206,3,2,9,6,3,4,9,8,10,4,3,9,0,10,3,9,5,8,4,4,0,1,7,4,8,6,8,5,1,3,0,0,0,0,3,7,7,3,4,3,6,7,10,7,3,5,6,8,7,8,6,1,9,2,1,5,0,9,2,0,8,0,8,3,7,6,8,10,0,3,4,0,0,1,5,10,5,5,6,3,0,0,9,0,6,8,7,10,3,9
n205,3,2,9,6,3,4,9,8,10,4,3,10,0,10,3,9,5,8,4,4,8,1,7,4,8,6,8,5,1,3,0,0,6,0,3,7,7,3,4,3,6,7,10,7,3,5,6,8,7,8,6,1,9,2,1,5,0,9,2,0,8,0,8,3,7,6,8,10,6,0,4,0,0,1,5,10,5,5,6,3,4,0,9,0,6,8,7,10,3,9
n210,3,2,9,6,3,4,9,8,10,4,3,5,10,10,3,9,5,8,4,4,6,1,6,4,8,6,8,5,1,3,0,5,0,0,0,7,7,3,4,3,6,7,10,7,3,2,6,8,7,8,6,1,9,2,1,5,0,9,2,10,8,0,8,3,7,0,8,10,0,0,9,7,7,1,5,10,5,5,6,3,10,0,9,7,7,8,7,10,3,9
n209,3,2,9,6,3,4,9,8,10,4,3,5,10,10,3,9,5,8,4,4,6,1,6,4,8,6,8,5,1,3,0,5,0,0,0,7,7,3,4,3,6,7,10,7,3,6,6,8,7,8,6,1,9,2,1,5,4,9,2,10,8,0,8,3,7,0,8,10,0,0,9,7,7,1,5,10,5,5,6,3,10,0,9,7,7,8,7,10,3,9
n212,3,2,9,6,3,4,9,8,10,4,3,8,10,10,3,9,5,8,4,4,0,1,0,4,8,6,8,5,1,3,5,8,0,0,0,7,7,3,4,3,6,7,10,7,3,0,6,8,7,8,6,1,9,2,1,5,5,9,2,0,8,0,8,3,7,0,8,10,2,0,0,7,7,1,5,10,5,5,6,3,10,0,9,0,7,8,7,10,3,9
n211,3,2,9,6,3,4,9,8,10,4,3,0,10,10,3,9,5,8,4,4,0,1,0,4,8,6,8,5,1,3,0,0,0,0,0,7,7,3,4,3,6,7,10,7,3,5,6,8,7,8,6,1,9,2,1,5,0,9,2,0,8,2,8,3,7,0,8,10,2,0,0,7,7,1,5,10,5,5,6,3,10,0,9,0,7,8,7,10,3,9
n218,3,2,9,6,3,4,9,8,10,4,3,9,8,10,3,9,5,8,4,4,0,1,0,4,8,6,8,5,0,3,6,0,0,9,10,7,7,3,9,3,6,7,10,0,5,0,6,8,7,8,6,1,9,2,1,8,0,9,2,0,8,0,8,3,7,0,8,10,0,5,7,10,0,1,5,10,5,5,6,6,0,5,9,0,10,8,7,10,3,9
n217,3,2,9,6,3,4,9,8,10,4,3,0,8,10,3,9,5,8,4,4,0,1,0,4,8,6,8,5,0,3,6,0,6,9,10,7,7,3,9,3,6,7,10,0,5,0,6,8,7,8,6,1,9,2,1,8,0,9,2,0,8,0,8,3,7,0,8,10,3,5,0,8,0,1,5,10,5,5,6,0,0,0,9,0,10,8,7,10,3,9
n220,3,2,9,6,3,4,9,8,10,4,3,5,8,10,3,9,5,8,4,4,0,1,0,4,8,6,8,5,0,3,6,2,0,0,10,7,7,3,9,3,6,7,10,5,5,0,6,8,7,8,6,1,9,2,1,0,0,9,2,0,8,0,8,3,7,6,8,10,1,0,0,0,0,1,5,10,5,5,6,0,0,0,9,0,10,8,7,10,3,9
n219,3,2,9,6,3,4,9,8,10,4,3,0,8,10,3,9,5,8,4,4,0,1,0,4,8,6,8,5,7,3,6,2,0,0,10,7,7,3,9,3,6,7,10,5,5,0,6,8,7,8,6,1,9,2,1,3,0,9,2,2,8,0,8,3,7,3,8,10,1,0,0,0,0,1,5,10,5,5,6,0,0,0,9,0,10,8,7,10,3,9
n224,3,2,9,6,3,4,9,8,10,4,3,7,8,10,3,9,5,8,4,4,0,1,0,4,8,6,8,5,5,3,6,6,3,0,10,7,7,3,9,3,6,7,10,6,5,0,6,8,7,8,6,1,9,2,1,0,0,9,2,4,8,7,8,3,7,0,8,10,0,10,4,6,7,1,5,10,5,5,6,0,0,8,9,0,0,8,7,10,3,9
n223,3,2,9,6,3,4,9,8,10,4,3,7,8,10,3,9,5,8,4,4,0,1,0,4,8,6,8,5,5,3,6,6,3,0,10,7,7,3,9,3,6,7,10,6,5,10,6,8,7,8,6,1,9,2,1,0,0,9,2,0,8,7,8,3,7,0,8,10,0,10,4,6,7,1,5,10,5,5,6,0,4,8,9,0,0,8,7,10,3,9
n226,3,2,9,6,3,4,9,8,10,4,3,7,8,10,3,9,5,8,4,4,0,1,0,4,8,6,8,5,5,3,6,6,10,9,10,7,7,3,9,3,6,7,10,0,5,8,6,8,7,8,6,1,9,2,1,9,2,9,2,0,8,7,8,3,7,0,8,10,2,10,4,6,1,1,5,10,5,5,6,10,0,8,9,0,0,8,7,10,3,9
n225,3,2,9,6,3,4,9,8,10,4,3,7,8,10,3,9,5,8,4,4,0,1,0,4,8,6,8,5,5,3,6,6,10,9,10,7,7,3,9,3,6,7,10,0,5,8,6,8,7,8,6,1,9,2,1,9,0,9,2,0,8,7,8,3,7,0,8,10,0,10,4,6,1,1,5,10,5,5,6,10,0,8,9,0,0,8,7,10,3,9
n234,3,2,9,6,3,4,9,8,10,4,3,9,1,10,3,9,5,8,4,4,1,1,3,4,8,6,8,5,0,3,1,7,2,0,7,7,7,7,0,3,0,7,7,0,2,7,6,8,7,8,6,0,9,2,1,5,0,9,2,0,8,0,8,3,7,8,0,10,5,0,4,0,0,1,5,10,5,5,6,6,7,0,9,0,0,8,7,10,6,9
n233,3,2,9,6,3,4,9,8,10,4,3,9,1,10,3,9,5,8,4,4,1,1,0,4,8,6,8,5,0,3,1,0,2,9,7,7,7,7,1,3,0,7,0,0,2,7,6,8,7,8,6,0,9,2,1,3,0,9,2,0,8,0,8,3,7,8,3,10,5,0,4,0,0,1,5,10,5,5,6,6,7,0,9,0,0,8,7,10,6,9
n236,3,2,9,6,3,4,9,8,10,4,3,9,1,10,3,9,5,8,4,4,1,1,0,4,8,6,8,5,0,3,1,0,2,0,7,7,7,7,0,3,3,7,0,0,2,7,6,8,7,8,6,0,9,2,1,0,0,9,2,0,8,0,8,3,7,8,0,10,5,9,4,0,8,1,5,10,5,5,6,6,7,0,9,7,6,8,7,10,6,9
n235,3,2,9,6,3,4,9,8,10,4,3,9,1,10,3,9,5,8,4,4,1,1,0,4,8,6,8,5,7,3,1,2,2,0,7,7,7,7,0,3,3,7,0,0,2,7,6,8,7,8,6,0,9,2,1,0,0,9,2,0,8,0,8,3,7,8,0,10,5,0,4,0,8,1,5,10,5,5,6,6,7,0,9,0,0,8,7,10,6,9
n240,3,2,9,6,3,4,9,8,10,4,3,9,1,10,3,9,5,8,4,4,1,1,0,4,8,6,8,5,0,3,1,8,2,4,7,7,7,7,0,3,0,7,6,3,2,7,6,8,7,8,6,0,9,2,1,2,1,9,2,2,8,0,8,3,7,8,2,10,5,0,4,0,5,1,5,10,5,5,6,6,7,1,9,2,9,8,7,10,0,9
n239,3,2,9,6,3,4,9,8,10,4,3,9,1,10,3,9,5,8,4,4,1,1,0,4,8,6,8,5,0,3,1,8,2,4,7,7,7,7,0,3,7,7,6,3,2,7,6,8,7,8,6,0,9,2,1,0,0,9,2,2,8,0,8,3,7,8,0,10,5,0,4,0,0,1,5,10,5,5,6,6,7,0,9,2,9,8,7,10,10,9
n242,3,2,9,6,3,4,9,8,10,4,3,9,1,10,3,9,5,8,4,4,1,1,4,4,8,6,8,5,0,3,1,8,2,4,0,7,7,7,0,3,0,7,0,3,2,7,6,8,7,8,6,0,9,2,1,7,0,9,2,6,8,0,8,3,7,8,2,10,5,0,4,0,0,1,5,10,5,5,6,6,7,1,9,6,0,8,7,10,0,9
n241,3,2,9,6,3,4,9,8,10,4,3,9,1,10,3,9,5,8,4,4,1,1,4,4,8,6,8,5,0,3,1,8,2,4,0,7,7,7,0,3,0,7,2,3,2,7,6,8,7,8,6,0,9,2,1,7,3,9,2,0,8,0,8,3,7,8,0,10,5,0,4,0,0,1,5,10,5,5,6,6,7,8,9,6,0,8,7,10,6,9
n248,3,2,9,6,3,4,9,8,10,4,3,6,0,10,3,9,5,8,4,4,1,1,0,4,8,6,8,5,7,3,1,10,2,1,0,7,7,7,0,3,0,7,10,0,8,7,6,8,7,8,6,9,9,2,1,1,7,9,2,0,8,5,8,3,7,8,10,10,5,0,0,2,0,1,5,10,5,5,6,6,7,9,9,5,0,8,7,10,0,9
n247,3,2,9,6,3,4,9,8,10,4,3,6,0,10,3,9,5,8,4,4,0,1,0,4,8,6,8,5,7,3,1,10,2,0,1,7,7,7,0,3,0,7,8,0,8,7,6,8,7,8,6,0,9,2,1,1,7,9,2,9,8,5,8,3,7,8,10,10,5,0,0,2,0,1,5,10,5,5,6,6,7,9,9,5,0,8,7,10,0,9
n250,3,2,9,6,3,4,9,8,10,4,3,6,0,10,3,9,5,8,4,4,0,1,0,4,8,6,8,5,7,3,1,10,2,0,0,7,7,7,4,3,9,7,8,7,8,7,6,8,7,8,6,0,9,2,1,1,7,9,2,0,8,0,8,3,7,8,10,10,5,0,0,0,0,1,5,10,5,5,6,6,7,0,9,5,0,8,7,10,5,9
n249,3,2,9,6,3,4,9,8,10,4,3,6,0,10,3,9,5,8,4,4,0,1,0,4,8,6,8,5,7,3,1,10,2,0,0,7,7,7,4,3,9,7,10,7,8,7,6,8,7,8,6,0,9,2,1,1,7,9,2,0,8,0,8,3,7,8,10,10,5,0,0,0,0,1,5,10,5,5,6,6,7,0,9,5,0,8,7,10,5,9
n254,3,2,9,6,3,4,9,8,10,4,3,0,2,10,3,9,5,8,4,4,0,1,0,4,8,6,8,5,7,3,1,10,2,0,0,7,7,7,0,3,0,7,0,1,8,7,6,8,7,8,6,0,9,2,1,7,7,9,2,0,8,4,8,3,7,8,10,10,5,0,0,0,6,1,5,10,5,5,6,6,7,8,9,10,0,8,7,10,7,9
n253,3,2,9,6,3,4,9,8,10,4,3,0,0,10,3,9,5,8,4,4,0,1,0,4,8,6,8,5,7,3,1,10,2,6,0,7,7,7,0,3,0,7,0,1,8,7,6,8,7,8,6,0,9,2,1,0,7,9,2,0,8,4,8,3,7,8,10,10,5,0,3,0,6,1,5,10,5,5,6,6,7,8,9,0,0,8,7,10,7,9
n256,3,2,9,6,3,4,9,8,10,4,3,0,0,10,3,9,5,8,4,4,0,1,0,4,8,6,8,5,7,3,1,10,2,0,5,7,7,7,0,3,0,7,0,0,8,7,6,8,7,8,6,4,9,2,1,0,7,9,2,10,8,4,8,3,7,8,10,10,5,0,0,0,0,1,5,10,5,5,6,6,7,0,9,3,6,8,7,10,7,9
n255,3,2,9,6,3,4,9,8,10,4,3,0,0,10,3,9,5,8,4,4,0,1,0,4,8,6,8,5,7,3,1,10,2,0,0,7,7,7,0,3,0,7,2,0,8,7,6,8,7,8,6,0,9,2,1,0,7,9,2,10,8,4,8,3,7,8,10,10,5,0,9,0,9,1,5,10,5,5,6,6,7,0,9,3,6,8,7,10,0,9
n270,5,2,0,6,3,4,10,3,10,7,8,6,8,10,3,0,7,8,7,0,4,9,6,0,0,1,5,10,5,0,5,7,6,9,0,3,7,8,5,7,4,6,1,8,2,10,8,0,9,8,6,0,8,9,8,3,9,6,2,9,8,0,0,4,4,7,9,10,0,1,8,4,4,1,10,10,1,8,5,0,2,0,3,0,4,1,7,9,7,3
n269,5,2,0,6,3,4,10,0,10,7,8,6,8,10,3,0,7,8,7,0,0,9,6,0,9,1,5,10,5,0,5,7,6,9,0,3,7,8,5,0,4,6,0,8,2,10,8,0,9,8,6,0,8,9,8,0,9,0,2,9,8,0,0,4,4,7,9,10,2,1,8,4,4,1,10,10,1,8,5,0,2,0,3,0,4,1,7,9,7,3
n272,5,2,3,6,3,4,10,0,10,7,9,6,8,10,3,0,7,8,7,0,0,9,6,0,3,1,5,10,5,0,5,7,6,9,0,3,7,8,5,0,4,6,0,8,2,10,8,0,9,8,6,0,8,9,8,0,9,6,2,9,8,0,0,4,4,7,0,10,0,1,8,0,4,1,10,10,1,8,5,8,2,0,3,0,4,1,7,9,7,3
n271,5,2,0,6,3,4,10,0,10,7,2,6,8,10,3,0,7,8,7,0,0,9,6,0,3,1,5,10,5,0,5,7,6,9,0,3,7,8,5,0,4,6,0,8,2,10,8,7,9,8,6,0,8,9,8,0,9,6,2,9,8,0,0,4,4,7,10,10,0,1,8,0,4,1,10,10,1,8,5,0,2,0,3,0,4,1,7,9,7,3
n276,5,2,0,6,3,4,10,2,10,7,0,6,8,10,3,0,7,8,7,0,3,9,6,0,0,1,5,10,5,6,5,7,0,9,0,3,7,5,5,0,4,6,6,8,2,1,8,5,9,8,6,6,8,9,8,5,9,0,2,9,8,5,3,3,4,7,0,10,5,1,8,0,4,1,10,10,1,8,5,0,2,5,3,1,4,1,7,9,7,3
n275,5,2,0,6,3,4,10,0,10,7,0,6,8,10,3,0,7,8,7,0,3,9,6,0,0,1,5,10,5,6,5,7,0,9,0,3,7,5,5,0,4,6,6,8,2,1,8,0,9,8,6,6,8,9,8,5,9,0,2,9,8,5,3,3,4,7,0,10,5,1,8,0,4,1,10,10,1,8,5,0,2,5,3,1,4,1,7,9,7,3
n278,5,2,0,6,3,4,10,5,10,7,0,6,8,10,3,1,7,8,7,4,3,9,6,0,0,1,5,10,5,6,5,7,0,9,0,3,7,5,5,0,4,6,6,8,2,3,8,0,9,8,6,6,8,9,8,5,9,8,2,9,8,5,3,3,4,7,0,10,5,1,8,0,4,1,10,10,1,8,5,6,2,0,3,1,4,1,7,9,7,3
n277,5,2,0,6,3,4,10,0,10,7,4,6,8,10,3,0,7,8,7,4,3,9,6,0,3,1,5,10,5,6,5,7,0,9,3,3,7,5,5,0,4,6,6,8,2,0,8,0,9,8,6,6,8,9,8,5,9,0,2,9,8,5,3,3,4,7,1,10,5,1,8,0,4,1,10,10,1,8,5,6,2,0,3,1,4,1,7,9,7,3
n284,5,2,0,6,3,4,10,0,10,7,7,6,8,10,3,8,7,8,7,2,10,9,6,0,0,1,0,10,5,8,5,7,0,9,4,3,7,0,5,0,4,6,0,8,6,7,8,2,9,8,6,5,8,9,8,1,9,8,2,9,8,0,0,0,4,7,0,10,0,1,8,4,4,1,10,10,1,4,5,0,2,7,3,9,4,1,7,9,7,3
n283,5,2,8,6,3,4,10,0,10,7,7,6,8,10,3,8,7,8,7,2,10,9,6,0,0,1,0,10,5,8,5,7,0,9,0,3,7,0,5,0,4,6,0,8,6,7,8,2,9,8,6,5,8,9,8,1,9,0,2,9,8,1,0,0,4,7,0,10,0,1,8,4,4,1,10,10,1,0,5,0,2,7,3,0,4,1,7,9,7,3
n286,5,2,0,6,3,4,10,0,10,7,7,6,8,10,3,8,7,8,7,3,5,9,6,5,0,1,0,10,5,8,5,7,0,9,0,3,7,0,5,5,4,6,10,8,6,7,8,2,9,8,6,5,8,9,8,1,9,0,2,9,8,0,0,7,4,7,3,10,0,1,8,4,4,1,10,10,1,0,5,0,2,0,3,7,4,1,7,9,7,3
n285,5,2,0,6,3,4,10,2,10,7,7,6,8,10,3,8,7,8,7,3,5,9,6,0,0,1,0,10,5,8,5,7,0,9,0,3,7,0,5,0,4,6,10,8,6,7,8,2,9,8,6,5,8,9,8,1,9,0,2,9,8,0,0,0,4,7,0,10,0,1,8,4,4,1,10,10,1,0,5,0,2,0,3,7,4,1,7,9,7,3
n290,5,2,0,6,3,4,10,8,10,7,0,6,8,10,3,7,7,8,7,0,7,9,6,0,10,1,0,10,5,0,5,7,0,9,9,3,7,2,5,0,4,6,0,8,0,0,8,2,9,8,6,5,8,9,8,1,9,3,2,9,8,6,0,6,4,7,0,10,5,1,8,4,4,1,10,10,1,6,5,0,2,8,3,0,4,1,7,9,7,3
n289,5,2,0,6,3,4,10,0,10,7,6,6,8,10,3,7,7,8,7,0,7,9,6,0,10,1,0,10,5,0,5,7,0,9,0,3,7,0,5,0,4,6,10,8,0,0,8,2,9,8,6,5,8,9,8,1,9,3,2,9,8,6,9,0,4,7,0,10,0,1,8,4,4,1,10,10,1,6,5,3,2,8,3,0,4,1,7,9,7,3
n292,5,2,0,6,3,4,10,0,10,7,0,6,8,10,3,7,7,8,7,4,0,9,6,0,0,1,0,10,5,0,5,7,0,9,7,3,7,0,5,0,4,6,8,8,0,5,8,2,9,8,6,5,8,9,8,1,9,6,2,9,8,6,0,0,4,7,8,10,0,1,8,4,4,1,10,10,1,6,5,0,2,8,3,0,4,1,7,9,7,3
n291,5,2,0,6,3,4,10,0,10,7,0,6,8,10,3,7,7,8,7,4,0,9,6,0,1,1,0,10,5,0,5,7,0,9,7,3,7,0,5,0,4,6,0,8,0,0,8,2,9,8,6,5,8,9,8,1,9,5,2,9,8,6,0,0,4,7,8,10,1,1,8,4,4,1,10,10,1,6,5,0,2,8,3,0,4,1,7,9,7,3
n300,5,2,0,6,3,4,10,0,10,7,0,6,8,10,3,8,7,8,0,0,0,9,6,4,10,1,1,10,5,0,5,7,0,9,2,3,7,8,5,9,4,6,0,8,2,9,8,10,9,8,6,4,8,9,8,0,9,8,2,9,8,1,0,4,4,0,0,10,10,1,8,0,4,1,10,10,1,0,5,10,2,3,3,7,4,1,7,9,7,3
n299,5,2,0,6,3,4,10,0,10,7,0,6,8,10,3,8,7,8,0,0,0,9,6,4,10,1,0,10,5,0,5,7,0,9,2,3,7,8,5,9,4,6,0,8,2,9,8,10,9,8,6,4,8,9,8,0,9,8,2,9,8,1,0,4,4,0,0,10,10,1,8,0,4,1,10,10,1,5,5,10,2,3,3,7,4,1,7,9,7,3
n302,5,2,0,6,3,4,10,0,10,7,0,6,8,10,3,8,7,8,3,0,7,9,6,0,10,1,0,10,5,0,5,7,0,9,2,3,7,8,5,9,4,6,0,8,2,0,8,10,9,8,6,0,8,9,8,5,9,8,2,9,8,1,0,3,4,0,0,10,10,1,8,6,4,1,10,10,1,7,5,0,2,3,3,7,4,1,7,9,7,3
n301,5,2,0,6,3,4,10,1,10,7,0,6,8,10,3,8,7,8,3,0,0,9,6,0,10,1,0,10,5,1,5,7,0,9,2,3,7,8,5,9,4,6,5,8,2,0,8,10,9,8,6,0,8,9,8,5,9,8,2,9,8,1,0,0,4,0,0,10,10,1,8,6,4,1,10,10,1,7,5,0,2,3,3,7,4,1,7,9,7,3
n306,5,2,0,6,3,4,10,0,10,7,0,6,8,10,3,8,7,8,8,0,1,9,6,0,10,1,0,10,5,0,5,7,7,9,2,3,7,8,5,9,4,6,0,8,2,0,8,10,9,8,6,9,8,9,8,0,9,8,2,9,8,1,0,0,4,0,0,10,10,1,8,4,4,1,10,10,1,1,5,0,2,0,3,7,4,1,7,9,7,3
n305,5,2,0,6,3,4,10,0,10,7,0,6,8,10,3,8,7,8,8,10,1,9,6,0,10,1,0,10,5,0,5,7,7,9,2,3,7,8,5,9,4,6,0,8,2,0,8,10,9,8,6,5,8,9,8,0,9,8,2,9,8,1,0,0,4,0,0,10,10,1,8,4,4,1,10,10,1,1,5,3,2,0,3,7,4,1,7,9,7,3
n308,5,2,0,6,3,4,10,0,10,7,8,6,8,10,3,8,7,8,0,0,1,9,6,10,10,1,0,10,5,0,5,7,7,9,2,3,7,8,5,9,4,6,0,8,2,0,8,10,9,8,6,0,8,9,8,5,9,8,2,9,8,1,3,0,4,0,0,10,10,1,8,5,4,1,10,10,1,0,5,0,2,0,3,7,4,1,7,9,7,3
n307,5,2,7,6,3,4,10,0,10,7,0,6,8,10,3,8,7,8,0,0,1,9,6,0,10,1,0,10,5,0,5,7,7,9,2,3,7,8,5,9,4,6,0,8,2,0,8,10,9,8,6,0,8,9,8,5,9,8,2,9,8,1,0,0,4,0,3,10,10,1,8,5,4,1,10,10,1,0,5,0,2,0,3,7,4,1,7,9,7,3
n314,5,2,10,6,3,4,10,8,10,7,0,6,8,10,3,5,7,8,2,4,0,9,6,0,8,1,2,10,5,0,5,7,0,9,0,3,7,8,5,0,4,6,4,8,0,0,8,0,9,8,6,0,8,9,8,5,9,8,2,9,8,1,0,0,4,4,0,10,10,1,8,0,4,1,10,10,1,5,5,3,2,10,3,5,4,1,7,9,7,3
n313,5,2,10,6,3,4,10,8,10,7,0,6,8,10,3,5,7,8,2,4,8,9,6,0,8,1,0,10,5,0,5,7,0,9,0,3,7,8,5,0,4,6,0,8,6,0,8,0,9,8,6,0,8,9,8,5,9,8,2,9,8,1,0,0,4,4,0,10,10,1,8,0,4,1,10,10,1,5,5,0,2,0,3,5,4,1,7,9,7,3
n316,5,2,10,6,3,4,10,8,10,7,6,6,8,10,3,0,7,8,2,4,0,9,6,0,0,1,3,10,5,7,5,7,6,9,4,3,7,8,5,0,4,6,10,8,10,0,8,0,9,8,6,0,8,9,8,0,9,8,2,9,8,1,7,0,4,4,7,10,10,1,8,0,4,1,10,10,1,5,5,0,2,9,3,4,4,1,7,9,7,3
n315,5,2,10,6,3,4,10,8,10,7,6,6,8,10,3,8,7,8,2,4,0,9,6,0,0,1,3,10,5,0,5,7,0,9,4,3,7,8,5,8,4,6,0,8,10,0,8,0,9,8,6,0,8,9,8,0,9,8,2,9,8,1,7,0,4,4,7,10,10,1,8,0,4,1,10,10,1,5,5,8,2,4,3,0,4,1,7,9,7,3
n320,5,2,8,6,3,4,10,6,10,7,0,6,8,10,3,0,7,8,0,4,0,9,6,0,5,1,0,10,5,0,5,7,3,9,0,3,7,8,5,0,4,6,0,8,10,0,8,0,9,8,6,1,8,9,8,9,9,8,2,9,8,1,3,0,4,0,0,10,10,1,8,0,4,1,10,10,1,0,5,0,2,4,3,0,4,1,7,9,7,3
n319,5,2,8,6,3,4,10,6,10,7,3,6,8,10,3,0,7,8,0,4,0,9,6,0,0,1,7,10,5,8,5,7,3,9,0,3,7,8,5,0,4,6,0,8,10,0,8,0,9,8,6,5,8,9,8,9,9,8,2,9,8,1,3,0,4,0,0,10,10,1,8,0,4,1,10,10,1,0,5,0,2,4,3,0,4,1,7,9,7,3
n322,5,2,8,6,3,4,10,2,10,7,0,6,8,10,3,5,7,8,0,4,0,9,6,7,0,1,0,10,5,0,5,7,3,9,0,3,7,8,5,0,4,6,7,8,10,0,8,0,9,8,6,0,8,9,8,9,9,8,2,9,8,1,2,0,4,0,0,10,10,1,8,0,4,1,10,10,1,6,5,0,2,4,3,8,4,1,7,9,7,3
n321,5,2,8,6,3,4,10,6,10,7,0,6,8,10,3,9,7,8,5,4,0,9,6,7,0,1,0,10,5,0,5,7,3,9,0,3,7,8,5,4,4,6,1,8,10,7,8,0,9,8,6,0,8,9,8,9,9,8,2,9,8,1,2,0,4,5,0,10,10,1,8,0,4,1,10,10,1,0,5,0,2,4,3,8,4,1,7,9,7,3
n332,5,2,0,6,3,4,10,6,10,7,2,0,8,10,3,6,7,8,8,7,4,9,6,0,1,1,0,10,5,5,5,7,0,0,0,3,7,6,6,6,4,6,4,8,5,0,8,0,9,8,6,0,8,9,8,4,9,0,2,9,8,2,10,2,4,0,0,10,9,1,8,6,4,1,4,10,1,0,5,7,5,9,4,0,10,1,7,9,0,4
n331,5,2,0,6,3,4,10,6,10,7,0,0,8,10,3,7,7,8,8,7,0,9,6,0,0,1,8,10,5,5,5,7,0,0,0,3,7,6,6,6,4,6,4,8,0,0,8,0,9,8,6,0,8,9,8,4,9,0,2,9,8,2,10,2,4,0,0,10,9,1,8,6,4,1,4,10,1,5,5,7,5,9,4,10,0,1,7,9,0,4
n334,5,2,0,6,3,4,10,6,10,7,0,0,8,10,3,0,7,8,8,7,0,9,6,9,9,1,0,10,5,5,5,7,0,4,0,3,7,4,6,6,4,6,0,8,0,0,8,0,9,8,6,0,8,9,8,4,9,0,2,9,8,2,10,2,4,0,0,10,9,1,8,6,4,1,0,10,1,3,5,7,5,9,4,2,2,1,7,9,0,4
n333,5,2,0,6,3,4,10,6,10,7,0,0,8,10,3,0,7,8,8,7,0,9,6,9,0,1,0,10,5,5,5,7,0,4,0,3,7,0,6,6,4,6,0,8,0,0,8,8,9,8,6,0,8,9,8,4,9,0,2,9,8,2,10,2,4,0,0,10,9,1,8,6,4,1,0,10,1,0,5,7,5,9,4,2,2,1,7,9,0,4
n338,5,2,8,6,3,4,10,6,10,7,0,0,8,10,3,4,7,8,8,8,10,9,6,10,4,1,0,10,5,5,5,7,10,0,0,3,7,0,6,6,4,6,0,8,0,0,8,0,9,8,6,1,8,9,8,4,9,1,2,9,8,2,10,2,4,10,0,10,0,1,8,0,4,1,10,10,1,0,5,7,10,5,4,0,7,1,7,9,8,4
n337,5,2,8,6,3,4,10,6,10,7,2,0,8,10,3,0,7,8,8,0,10,9,6,0,4,1,0,10,5,5,5,7,10,1,0,3,7,0,6,6,4,6,0,8,0,0,8,0,9,8,6,1,8,9,8,4,9,1,2,9,8,2,10,2,4,10,4,10,0,1,8,0,4,1,10,10,1,0,5,7,10,5,4,0,0,1,7,9,8,4
n340,5,2,0,6,3,4,10,6,10,7,0,10,8,10,3,8,7,8,8,0,0,9,6,9,4,1,0,10,5,5,5,7,10,0,0,3,7,0,6,6,4,6,8,8,0,0,8,6,9,8,6,0,8,9,8,4,9,1,2,9,8,2,10,2,4,0,2,10,4,1,8,0,4,1,10,10,1,0,5,7,0,0,4,0,0,1,7,9,0,4
n339,5,2,0,6,3,4,10,6,10,7,0,10,8,10,3,8,7,8,8,0,0,9,6,9,4,1,0,10,5,5,5,7,10,0,0,3,7,0,6,6,4,6,8,8,0,0,8,6,9,8,6,0,8,9,8,4,9,1,2,9,8,2,10,2,4,6,2,10,0,1,8,2,4,1,10,10,1,0,5,7,0,0,4,0,0,1,7,9,7,4
n346,5,2,0,6,3,4,10,6,10,7,3,3,8,10,3,7,7,8,8,8,0,9,6,0,0,1,4,10,5,5,5,7,0,2,0,3,7,0,6,6,4,6,0,8,0,3,8,0,9,8,6,0,8,9,8,4,9,6,2,9,8,2,0,2,4,0,0,10,5,1,8,3,4,1,0,10,1,5,5,7,2,8,4,0,7,1,7,9,5,4
n345,5,2,0,6,3,4,10,6,10,7,0,3,8,10,3,7,7,8,8,8,0,9,6,0,0,1,4,10,5,5,5,7,0,2,0,3,7,0,6,6,4,6,0,8,0,0,8,0,9,8,6,0,8,9,8,4,9,6,2,9,8,2,3,2,4,0,0,10,5,1,8,3,4,1,0,10,1,5,5,7,2,8,4,0,7,1,7,9,5,4
n348,5,2,0,6,3,4,10,6,10,7,0,3,8,10,3,9,7,8,8,8,0,9,6,1,0,1,4,10,5,5,5,7,0,2,9,3,7,0,6,6,4,6,3,8,0,7,8,0,9,8,6,3,8,9,8,4,9,6,2,9,8,2,0,2,4,0,4,10,5,1,8,3,4,1,6,10,1,0,5,7,2,8,4,0,7,1,7,9,0,4
n347,5,2,0,6,3,4,10,6,10,7,0,3,8,10,3,0,7,8,8,8,0,9,6,1,6,1,4,10,5,5,5,7,0,2,0,3,7,0,6,6,4,6,0,8,0,0,8,9,9,8,6,3,8,9,8,4,9,6,2,9,8,2,0,2,4,0,4,10,5,1,8,3,4,1,4,10,1,0,5,7,2,8,4,0,7,1,7,9,0,4
n352,5,2,0,6,3,4,10,6,10,7,6,3,8,10,3,10,7,8,8,8,3,9,6,4,9,1,8,10,5,5,5,7,0,2,0,3,7,0,6,6,4,6,1,8,0,5,8,7,9,8,6,0,8,9,8,4,9,6,2,9,8,2,2,2,4,0,0,10,5,1,8,3,4,1,0,10,1,0,5,7,0,8,4,6,7,1,7,9,9,4
n351,5,2,4,6,3,4,10,6,10,7,0,3,8,10,3,10,7,8,8,8,3,9,6,0,9,1,8,10,5,5,5,7,0,2,0,3,7,7,6,6,4,6,1,8,0,2,8,7,9,8,6,0,8,9,8,4,9,6,2,9,8,2,2,2,4,0,0,10,5,1,8,3,4,1,6,10,1,3,5,7,0,8,4,6,7,1,7,9,0,4
n354,5,2,0,6,3,4,10,6,10,7,0,3,8,10,3,10,7,8,8,8,3,9,6,0,1,1,8,10,5,5,5,7,0,2,0,3,7,0,6,6,4,6,0,8,6,0,8,7,9,8,6,0,8,9,8,4,9,6,2,9,8,2,0,2,4,0,0,10,5,1,8,3,4,1,4,10,1,0,5,7,0,8,4,6,7,1,7,9,9,4
n353,5,2,0,6,3,4,10,6,10,7,0,3,8,10,3,10,7,8,8,8,3,9,6,0,1,1,8,10,5,5,5,7,0,2,0,3,7,0,6,6,4,6,0,8,0,1,8,7,9,8,6,7,8,9,8,4,9,6,2,9,8,2,0,2,4,0,0,10,5,1,8,3,4,1,0,10,1,0,5,7,4,8,4,6,7,1,7,9,9,4
n362,5,2,3,6,3,4,10,6,10,7,8,4,8,10,3,0,7,8,3,9,6,9,6,7,8,1,8,10,5,8,5,7,9,5,6,3,7,7,6,0,4,6,0,8,10,0,8,10,9,8,6,0,8,9,8,0,9,3,2,9,8,2,9,0,4,4,0,10,4,1,8,0,4,1,0,10,1,2,5,7,10,10,4,0,8,1,7,9,0,9
n361,5,2,3,6,3,4,10,6,10,7,8,4,8,10,3,0,7,8,0,9,6,9,6,7,8,1,8,10,5,8,5,7,9,5,6,3,7,7,6,0,4,6,0,8,10,0,8,10,9,8,6,0,8,9,8,0,9,3,2,9,8,2,9,0,4,4,4,10,4,1,8,5,4,1,0,10,1,2,5,7,10,10,4,0,8,1,7,9,10,9
n364,5,2,0,6,3,4,10,6,10,7,8,4,8,10,3,0,7,8,3,9,0,9,6,0,0,1,8,10,5,8,5,7,9,0,6,3,7,7,6,0,4,6,0,8,10,0,8,0,9,8,6,0,8,9,8,9,9,3,2,9,8,2,9,0,4,4,9,10,4,1,8,2,4,1,0,10,1,2,5,7,10,10,4,0,8,1,7,9,0,9
n363,5,2,0,6,3,4,10,6,10,7,8,4,8,10,3,0,7,8,3,9,0,9,6,0,0,1,8,10,5,8,5,7,9,0,6,3,7,7,6,0,4,6,0,8,10,0,8,0,9,8,6,0,8,9,8,0,9,3,2,9,8,2,9,0,4,4,9,10,4,1,8,0,4,1,0,10,1,2,5,7,10,10,4,0,8,1,7,9,0,9
n368,5,2,7,6,3,4,10,6,10,7,8,4,8,10,3,0,7,8,0,9,0,9,6,3,0,1,8,10,5,8,5,7,9,0,6,3,7,7,6,0,4,6,0,8,10,0,8,10,9,8,6,0,8,9,8,2,9,3,2,9,8,2,7,0,4,0,0,10,4,1,8,9,4,1,6,10,1,0,5,7,10,10,4,1,0,1,7,9,0,9
n367,5,2,7,6,3,4,10,6,10,7,8,4,8,10,3,0,7,8,0,9,0,9,6,3,0,1,8,10,5,8,5,7,9,0,6,3,7,7,6,8,4,6,6,8,10,4,8,10,9,8,6,0,8,9,8,2,9,3,2,9,8,2,0,0,4,0,0,10,4,1,8,9,4,1,6,10,1,0,5,7,10,10,4,1,6,1,7,9,0,9
n370,5,2,5,6,3,4,10,6,10,7,8,4,8,10,3,0,7,8,0,9,0,9,6,3,0,1,8,10,5,8,5,7,9,0,6,3,7,7,6,8,4,6,0,8,10,9,8,10,9,8,6,0,8,9,8,0,9,3,2,9,8,2,1,0,4,1,0,10,4,1,8,9,4,1,0,10,1,0,5,7,10,10,4,0,6,1,7,9,1,9
n369,5,2,0,6,3,4,10,6,10,7,8,4,8,10,3,0,7,8,0,9,0,9,6,3,0,1,8,10,5,8,5,7,9,0,6,3,7,7,6,8,4,6,0,8,10,0,8,10,9,8,6,0,8,9,8,0,9,3,2,9,8,2,1,5,4,0,0,10,4,1,8,9,4,1,0,10,1,0,5,7,10,10,4,0,6,1,7,9,0,9
n376,5,2,0,6,3,4,10,6,10,7,0,4,8,10,3,0,7,8,9,4,6,9,6,10,10,1,8,10,5,8,5,7,0,7,2,3,7,7,6,7,4,6,10,8,10,0,8,0,9,8,6,0,8,9,8,9,9,3,2,9,8,2,5,0,4,0,4,10,4,1,8,2,4,1,0,10,1,0,5,7,6,10,4,0,8,1,7,9,0,9
n375,5,2,0,6,3,4,10,6,10,7,0,4,8,10,3,0,7,8,9,4,6,9,6,10,10,1,8,10,5,8,5,7,0,7,2,3,7,7,6,7,4,6,10,8,10,0,8,0,9,8,6,0,8,9,8,9,9,3,2,9,8,2,5,0,4,0,4,10,4,1,8,2,4,1,2,10,1,0,5,7,0,10,4,0,8,1,7,9,0,9
n378,5,2,4,6,3,4,10,6,10,7,0,4,8,10,3,0,7,8,9,4,4,9,6,10,10,1,8,10,5,8,5,7,0,7,2,3,7,7,6,7,4,6,0,8,10,2,8,0,9,8,6,0,8,9,8,0,9,3,2,9,8,2,5,0,4,0,4,10,4,1,8,2,4,1,0,10,1,5,5,7,0,10,4,0,2,1,7,9,7,9
n377,5,2,4,6,3,4,10,6,10,7,0,4,8,10,3,5,7,8,9,4,0,9,6,10,10,1,8,10,5,8,5,7,0,7,2,3,7,7,6,7,4,6,0,8,10,0,8,9,9,8,6,0,8,9,8,0,9,3,2,9,8,2,5,0,4,0,4,10,4,1,8,2,4,1,0,10,1,0,5,7,0,10,4,0,0,1,7,9,0,9
n382,5,2,0,6,3,4,10,6,10,7,0,4,8,10,3,8,7,8,6,0,10,9,6,0,2,1,8,10,5,8,5,7,7,0,2,3,7,7,6,8,4,6,0,8,10,0,8,0,9,8,6,0,8,9,8,0,9,3,2,9,8,2,0,10,4,0,4,10,4,1,8,2,4,1,9,10,1,10,5,7,5,10,4,1,0,1,7,9,2,9
n381,5,2,0,6,3,4,10,6,10,7,8,4,8,10,3,4,7,8,6,10,10,9,6,0,2,1,8,10,5,8,5,7,7,0,2,3,7,7,6,8,4,6,0,8,10,4,8,0,9,8,6,0,8,9,8,0,9,3,2,9,8,2,0,10,4,0,4,10,4,1,8,2,4,1,9,10,1,0,5,7,5,10,4,1,5,1,7,9,2,9
n384,5,2,8,6,3,4,10,6,10,7,0,4,8,10,3,0,7,8,6,0,0,9,6,0,0,1,8,10,5,8,5,7,0,0,2,3,7,7,6,8,4,6,3,8,10,2,8,1,9,8,6,0,8,9,8,10,9,3,2,9,8,2,0,10,4,0,4,10,4,1,8,2,4,1,9,10,1,0,5,7,0,10,4,1,8,1,7,9,2,9
n383,5,2,0,6,3,4,10,6,10,7,0,4,8,10,3,3,7,8,6,9,0,9,6,0,7,1,8,10,5,8,5,7,0,0,2,3,7,7,6,8,4,6,3,8,10,2,8,1,9,8,6,0,8,9,8,10,9,3,2,9,8,2,0,10,4,2,4,10,4,1,8,2,4,1,9,10,1,0,5,7,0,10,4,1,8,1,7,9,2,9
n396,5,2,2,6,3,4,9,6,10,4,5,10,8,10,3,0,7,8,10,9,7,1,6,10,0,1,0,3,5,0,5,0,6,0,5,3,7,5,3,7,4,6,7,8,6,6,0,1,2,8,6,6,8,9,4,5,9,0,2,9,8,1,1,2,4,8,10,10,10,1,2,8,4,1,0,10,6,4,5,10,0,5,0,5,2,1,7,9,0,0
n395,5,2,2,6,3,4,9,6,10,4,5,10,8,10,3,0,7,8,10,9,7,1,6,0,0,1,0,3,5,0,5,0,6,0,5,3,7,5,3,0,4,6,7,8,6,6,10,1,2,8,6,6,8,9,4,5,9,0,2,9,8,1,1,2,4,8,10,10,10,1,0,8,4,1,6,10,6,4,5,10,0,5,0,5,2,1,7,9,1,0
n398,5,2,2,6,3,4,0,6,10,4,5,10,8,10,3,8,7,8,10,9,7,1,6,4,0,1,0,3,5,0,5,0,6,0,5,3,7,5,3,0,4,6,7,8,6,6,10,1,2,8,6,6,8,9,4,5,9,0,2,9,8,1,1,2,4,8,10,10,10,1,0,8,4,1,8,10,6,4,5,0,0,5,0,5,2,1,7,9,0,7
n397,5,2,2,6,3,4,0,6,10,4,5,10,8,10,3,3,7,8,10,9,7,1,6,4,0,1,0,3,5,0,5,0,6,0,5,3,7,5,3,0,4,6,7,8,6,6,10,1,2,8,6,6,8,9,4,5,9,0,2,9,8,1,1,2,4,8,10,10,10,1,0,8,4,1,8,10,6,4,5,0,0,5,0,5,2,1,7,9,0,0
n402,5,2,2,6,3,4,4,6,10,4,5,0,8,10,3,0,7,8,10,9,7,1,6,3,0,1,0,3,5,3,5,10,6,7,5,3,7,5,3,0,4,6,7,8,6,6,0,8,2,8,6,6,8,9,4,5,9,5,2,9,8,1,1,2,4,8,10,10,10,1,0,8,4,1,2,10,6,4,5,0,0,4,5,5,2,1,7,9,0,6
n401,5,2,2,6,3,4,4,6,10,4,5,0,8,10,3,0,7,8,10,9,7,1,6,3,0,1,2,3,5,3,5,10,6,7,5,3,7,5,3,0,4,6,7,8,6,6,0,8,2,8,6,6,8,9,4,5,9,0,2,9,8,1,1,2,4,8,10,10,10,1,0,8,4,1,2,10,6,4,5,0,0,4,4,5,2,1,7,9,0,6
n404,5,2,2,6,3,4,4,6,10,4,5,9,8,10,3,0,7,8,10,9,7,1,6,0,0,1,0,3,5,3,5,0,6,0,5,3,7,5,0,0,4,6,7,8,6,6,0,8,2,8,6,6,8,9,4,5,9,0,2,9,8,1,1,2,4,8,10,10,10,1,7,8,4,1,2,10,6,4,5,0,0,5,0,5,2,1,7,9,3,0
n403,5,2,2,6,3,4,4,6,10,4,5,9,8,10,3,0,7,8,10,9,7,1,6,0,6,1,1,3,5,3,5,8,6,8,5,3,7,5,0,0,4,6,7,8,6,6,0,8,2,8,6,6,8,9,4,5,9,6,2,9,8,1,1,2,4,8,10,10,10,1,7,8,4,1,2,10,6,4,5,0,0,0,0,5,2,1,7,9,3,0
n410,5,2,2,6,3,4,9,6,10,2,5,9,8,10,3,0,7,8,10,9,7,1,6,0,0,1,3,3,5,3,5,4,0,2,5,3,7,5,0,10,4,6,7,8,6,6,0,0,2,8,6,6,8,9,1,5,9,0,2,9,8,1,1,2,4,8,10,10,4,1,3,3,4,1,7,10,1,4,5,0,3,3,5,9,2,1,7,9,3,1
n409,5,2,2,6,3,4,9,6,10,2,5,9,8,10,3,0,7,8,10,9,7,1,6,0,0,1,3,3,5,3,5,4,0,2,5,3,7,5,6,10,4,6,7,8,6,6,0,0,2,8,6,6,8,9,1,5,9,0,2,9,8,1,1,2,4,8,10,10,4,1,3,3,4,1,7,10,1,4,5,0,3,3,5,9,2,1,7,9,3,1
n412,5,2,2,6,3,4,4,6,10,0,5,9,8,10,3,0,7,8,10,9,7,1,6,8,9,1,3,3,5,3,5,0,0,2,5,3,7,5,0,10,4,6,7,8,6,6,9,9,2,8,6,6,8,9,0,5,9,0,2,9,8,1,1,2,4,8,10,10,4,1,0,3,4,1,7,10,0,4,5,0,3,3,0,9,2,1,7,9,3,0
n411,5,2,2,6,3,4,0,6,10,0,5,9,8,10,3,3,7,8,10,9,7,1,6,8,0,1,3,3,5,3,5,0,0,2,5,3,7,5,0,10,4,6,7,8,6,6,0,9,2,8,6,6,8,9,0,5,9,0,2,9,8,1,1,2,4,8,10,10,4,1,0,3,4,1,7,10,0,4,5,4,3,3,0,9,2,1,7,9,3,0
n416,5,2,2,6,3,4,4,6,10,0,5,9,8,10,3,0,7,8,10,9,7,1,6,0,1,1,3,3,5,10,5,4,0,2,5,3,7,5,10,0,4,6,7,8,6,6,4,6,2,8,6,6,8,9,0,5,9,5,2,9,8,1,1,2,4,8,10,10,0,1,0,5,4,1,9,10,6,4,5,4,0,3,0,9,2,1,7,9,3,0
n415,5,2,2,6,3,4,4,6,10,0,5,9,8,10,3,0,7,8,10,9,7,1,6,0,5,1,3,3,5,10,5,4,0,2,5,3,7,5,10,0,4,6,7,8,6,6,4,6,2,8,6,6,8,9,0,5,9,5,2,9,8,1,1,2,4,8,10,10,10,1,0,5,4,1,9,10,6,4,5,4,0,3,0,9,2,1,7,9,3,0
n418,5,2,2,6,3,4,4,6,10,0,5,9,8,10,3,0,7,8,10,9,7,1,6,10,10,1,3,3,5,10,5,9,0,2,5,3,7,5,10,8,4,6,7,8,6,6,1,6,2,8,6,6,8,9,0,5,9,5,2,9,8,1,1,2,4,8,10,10,5,1,5,5,4,1,9,10,6,4,5,4,0,3,1,9,2,1,7,9,3,2
n417,5,2,2,6,3,4,4,6,10,0,5,9,8,10,3,0,7,8,10,9,7,1,6,0,10,1,3,3,5,10,5,9,0,2,5,3,7,5,10,0,4,6,7,8,6,6,1,6,2,8,6,6,8,9,0,5,9,5,2,9,8,1,1,2,4,8,10,10,0,1,5,5,4,1,9,10,6,4,5,4,0,3,1,9,2,1,7,9,3,2
n426,5,2,2,6,3,4,10,6,10,0,5,0,8,10,3,7,7,8,3,9,7,1,6,10,6,1,0,3,5,0,5,0,2,0,5,3,7,5,4,0,4,6,7,8,5,6,0,0,2,8,6,8,8,9,8,5,9,10,2,9,8,9,1,2,4,5,6,10,0,1,0,0,4,1,1,10,2,4,5,0,3,0,3,6,2,1,7,9,0,2
n425,5,2,2,6,3,4,10,6,10,0,5,0,8,10,3,7,7,8,3,9,7,1,6,10,6,1,0,3,5,0,5,0,2,0,5,3,7,5,4,0,4,6,7,8,5,6,6,0,2,8,6,8,8,9,8,5,9,7,2,9,8,9,1,2,4,0,6,10,0,1,0,1,4,1,1,10,0,4,5,0,3,0,3,6,2,1,7,9,0,2
n428,5,2,2,6,3,4,10,6,10,0,5,0,8,10,3,7,7,8,3,9,7,1,6,0,6,1,0,3,5,8,5,0,2,0,5,3,7,5,4,0,4,6,7,8,0,6,0,6,2,8,6,8,8,9,0,5,9,0,2,9,8,9,1,2,4,0,6,10,0,1,1,0,4,1,1,10,10,4,5,5,3,4,3,3,2,1,7,9,0,2
n427,5,2,2,6,3,4,10,6,10,0,5,0,8,10,3,7,7,8,3,9,7,1,6,0,6,1,0,3,5,8,5,0,2,0,5,3,7,5,4,10,4,6,7,8,2,6,0,0,2,8,6,8,8,9,0,5,9,0,2,9,8,9,1,2,4,0,6,10,0,1,0,7,4,1,1,10,0,4,5,0,3,10,3,3,2,1,7,9,0,2
n432,5,2,0,6,3,4,10,6,10,8,5,0,8,10,3,7,7,8,0,9,7,1,6,3,6,1,6,3,5,6,5,0,2,4,5,3,7,5,4,7,4,6,7,8,0,6,2,7,2,8,6,8,8,9,10,5,9,3,2,9,8,0,1,2,4,4,0,10,0,1,10,7,4,1,0,10,1,4,5,0,3,4,0,0,2,1,7,9,0,2
n431,5,2,7,6,3,4,10,6,10,8,5,0,8,10,3,7,7,8,0,9,7,1,6,8,6,1,0,3,5,6,5,0,2,4,5,3,7,5,4,7,4,6,7,8,0,6,0,7,2,8,6,8,8,9,10,5,9,3,2,9,8,0,1,2,4,4,0,10,0,1,0,0,4,1,0,10,1,4,5,0,3,4,0,0,2,1,7,9,0,2
n434,5,2,0,6,3,4,10,6,10,6,5,0,8,10,3,7,7,8,3,9,7,1,6,0,6,1,0,3,5,6,5,7,2,0,5,3,7,5,4,7,4,6,7,8,3,6,0,7,2,8,6,8,8,9,1,5,9,0,2,9,8,3,1,2,4,4,4,10,0,1,0,10,4,1,0,10,1,4,5,0,3,0,8,0,2,1,7,9,1,2
n433,5,2,0,6,3,4,10,6,10,6,5,0,8,10,3,7,7,8,3,9,7,1,6,0,6,1,8,3,5,6,5,7,2,0,5,3,7,5,4,7,4,6,7,8,0,6,0,7,2,8,6,8,8,9,1,5,9,0,2,9,8,3,1,2,4,4,4,10,0,1,0,10,4,1,0,10,1,4,5,0,3,0,8,3,2,1,7,9,2,2
n440,5,2,1,6,3,4,6,6,10,7,5,7,8,10,3,7,7,8,10,9,7,1,6,7,6,1,0,3,5,0,5,0,5,6,5,3,7,5,3,5,4,6,7,8,0,6,0,0,2,8,6,10,8,9,0,5,9,3,2,9,8,10,1,2,4,0,4,10,0,1,2,4,4,1,0,10,0,4,5,6,10,5,2,2,2,1,7,9,5,2
n439,5,2,0,6,3,4,6,6,10,7,5,7,8,10,3,7,7,8,0,9,7,1,6,7,6,1,2,3,5,0,5,0,5,0,5,3,7,5,3,5,4,6,7,8,0,6,0,5,2,8,6,10,8,9,0,5,9,3,2,9,8,10,1,2,4,3,4,10,0,1,2,4,4,1,0,10,0,4,5,6,10,0,7,2,2,1,7,9,0,2
n442,5,2,0,6,3,4,6,6,10,5,5,7,8,10,3,7,7,8,6,9,7,1,6,0,6,1,0,3,5,8,5,0,5,0,5,3,7,5,0,5,4,6,7,8,0,6,0,0,2,8,6,10,8,9,0,5,9,3,2,9,8,10,1,2,4,0,4,10,0,1,2,4,4,1,8,10,0,4,5,6,10,0,0,2,2,1,7,9,0,2
n441,5,2,5,6,3,4,6,6,10,5,5,7,8,10,3,7,7,8,0,9,7,1,6,0,6,1,0,3,5,8,5,0,5,0,5,3,7,5,0,5,4,6,7,8,0,6,10,0,2,8,6,10,8,9,0,5,9,3,2,9,8,10,1,2,4,4,4,10,0,1,2,4,4,1,0,10,0,4,5,6,10,0,0,2,2,1,7,9,0,2
n446,5,2,6,6,3,4,6,6,10,0,5,7,8,10,3,0,7,8,6,9,7,1,6,10,6,1,0,3,5,3,5,6,5,0,5,3,7,5,2,5,4,6,7,8,0,6,0,4,2,8,6,10,8,9,4,5,9,0,2,9,8,10,1,2,4,0,0,10,5,1,0,1,4,1,3,10,10,4,5,0,5,0,0,2,2,1,7,9,0,2
n445,5,2,6,6,3,4,0,6,10,1,5,7,8,10,3,0,7,8,6,9,7,1,6,10,6,1,0,3,5,0,5,0,5,0,5,3,7,5,0,5,4,6,7,8,0,6,0,4,2,8,6,10,8,9,4,5,9,0,2,9,8,10,1,2,4,0,0,10,0,1,0,1,4,1,3,10,0,4,5,0,5,3,0,2,2,1,7,9,0,2
n448,5,2,5,6,3,4,0,6,10,4,5,7,8,10,3,0,7,8,0,9,7,1,6,6,6,1,5,3,5,0,5,5,5,0,5,3,7,5,6,5,4,6,7,8,5,6,2,0,2,8,6,10,8,9,4,5,9,0,2,9,8,10,1,2,4,5,5,10,0,1,0,9,4,1,3,10,0,4,5,0,0,0,3,2,2,1,7,9,0,2
n447,5,2,5,6,3,4,0,6,10,0,5,7,8,10,3,0,7,8,0,9,7,1,6,0,6,1,8,3,5,0,5,5,5,0,5,3,7,5,6,5,4,6,7,8,5,6,0,0,2,8,6,10,8,9,4,5,9,0,2,9,8,10,1,2,4,5,0,10,0,1,0,0,4,1,3,10,0,4,5,6,9,0,0,2,2,1,7,9,0,2
n458,5,2,6,6,3,4,9,6,10,1,2,10,8,10,3,0,7,8,7,0,7,0,6,10,3,1,1,0,5,0,5,4,8,10,5,3,7,5,6,5,4,6,7,8,1,0,6,0,2,8,6,8,8,9,0,9,9,2,2,9,8,0,0,2,4,0,9,10,0,1,0,0,4,1,2,10,3,0,5,5,3,2,6,8,2,1,7,9,4,10
n457,5,2,6,6,3,4,9,6,10,1,2,10,8,10,3,0,7,8,7,0,7,0,6,10,0,1,1,1,5,0,5,4,8,10,5,3,7,5,6,5,4,6,7,8,1,0,6,0,2,8,6,8,8,9,0,9,9,2,2,9,8,0,0,2,4,0,9,10,2,1,0,0,4,1,2,10,3,0,5,5,3,2,6,8,2,1,7,9,4,10
n460,5,2,6,6,3,4,9,6,10,1,2,10,8,10,3,0,7,8,7,0,7,0,6,0,2,1,1,0,5,0,5,4,8,10,5,3,7,5,6,0,4,6,7,8,1,0,6,0,2,8,6,8,8,9,0,9,9,2,2,9,8,0,0,2,4,0,9,10,10,1,9,9,4,1,2,10,0,0,5,5,3,2,6,8,2,1,7,9,0,0
n459,5,2,6,6,3,4,9,6,10,1,2,10,8,10,3,0,7,8,7,0,7,0,6,7,2,1,1,0,5,0,5,4,8,10,5,3,7,5,6,0,4,6,7,8,1,0,6,0,2,8,6,8,8,9,0,9,9,2,2,9,8,0,0,2,4,0,9,10,10,1,0,0,4,1,2,10,4,0,5,5,3,2,6,8,2,1,7,9,6,0
n464,5,2,6,6,3,4,4,6,10,0,2,10,8,10,3,0,7,8,7,0,7,2,6,0,0,1,1,0,5,8,5,4,8,0,5,3,7,5,0,8,4,6,7,8,1,0,6,0,2,8,6,8,8,9,0,9,9,2,2,9,8,8,0,2,4,10,9,10,0,1,0,3,4,1,0,10,9,0,5,4,3,2,6,8,2,1,7,9,0,0
n463,5,2,6,6,3,4,4,6,10,0,2,10,8,10,3,0,7,8,7,0,7,0,6,0,0,1,1,0,5,8,5,4,8,0,5,3,7,5,6,0,4,6,7,8,1,0,6,10,2,8,6,8,8,9,0,9,9,2,2,9,8,8,1,2,4,10,9,10,0,1,0,0,4,1,0,10,0,0,5,4,3,2,6,8,2,1,7,9,0,0
n466,5,2,6,6,3,4,4,6,10,0,2,10,8,10,3,0,7,8,7,0,7,0,6,7,0,1,1,0,5,8,5,4,8,0,5,3,7,5,0,0,4,6,7,8,1,0,6,0,2,8,6,8,8,9,0,9,9,2,2,9,8,8,0,2,4,0,9,10,0,1,4,0,4,1,0,10,1,3,5,0,3,2,6,8,2,1,7,9,5,0
n465,5,2,6,6,3,4,4,6,10,2,2,10,8,10,3,7,7,8,7,0,7,0,6,0,0,1,1,0,5,8,5,4,8,0,5,3,7,5,0,0,4,6,7,8,1,0,6,0,2,8,6,8,8,9,0,9,9,2,2,9,8,8,0,2,4,0,9,10,1,1,0,0,4,1,0,10,1,3,5,0,3,2,6,8,2,1,7,9,5,0
n472,5,2,6,6,3,4,9,6,10,9,2,10,8,10,3,7,7,8,0,9,7,6,6,9,6,1,1,0,5,8,5,4,8,8,5,3,7,5,7,7,4,6,7,8,3,1,0,4,2,8,6,8,8,9,6,9,9,2,2,9,8,0,0,2,4,4,9,10,0,1,5,4,4,1,0,10,9,8,5,6,3,2,1,8,2,1,7,9,3,10
n471,5,2,6,6,3,4,9,6,10,0,2,10,8,10,3,7,7,8,0,9,7,6,6,9,6,1,1,0,5,0,5,4,8,8,5,3,7,5,4,7,4,6,7,8,3,1,0,4,2,8,6,8,8,9,6,9,9,2,2,9,8,0,0,2,4,4,9,10,9,1,5,4,4,1,0,10,9,8,5,0,3,2,1,8,2,1,7,9,3,10
n474,5,2,6,6,3,4,9,6,10,0,2,10,8,10,3,7,7,8,1,9,7,6,6,9,1,1,1,3,5,0,5,4,8,8,5,3,7,5,7,7,4,6,7,8,3,1,5,4,2,8,6,8,8,9,6,9,9,2,2,9,8,1,8,2,4,4,9,10,0,1,5,4,4,1,10,10,9,0,5,2,3,2,1,8,2,1,7,9,3,0
n473,5,2,6,6,3,4,9,6,10,0,2,10,8,10,3,7,7,8,0,9,7,6,6,9,0,1,1,3,5,0,5,4,8,8,5,3,7,5,2,7,4,6,7,8,3,1,0,4,2,8,6,8,8,9,6,9,9,2,2,9,8,0,8,2,4,4,9,10,0,1,5,4,4,1,10,10,9,0,5,0,3,2,1,8,2,1,7,9,3,0
n478,5,2,6,6,3,4,0,6,10,2,2,10,8,10,3,7,7,8,4,4,7,1,6,0,0,1,1,3,5,5,5,4,8,0,5,3,7,5,0,7,4,6,7,8,3,3,0,4,2,8,6,8,8,9,6,9,9,2,2,9,8,0,0,2,4,4,9,10,3,1,5,6,4,1,0,10,9,0,5,10,3,2,1,8,2,1,7,9,3,0
n477,5,2,6,6,3,4,5,6,10,2,2,10,8,10,3,7,7,8,4,0,7,1,6,0,9,1,1,3,5,5,5,4,8,0,5,3,7,5,0,7,4,6,7,8,3,0,0,4,2,8,6,8,8,9,6,9,9,2,2,9,8,0,0,2,4,4,9,10,3,1,5,6,4,1,0,10,9,0,5,10,3,2,1,8,2,1,7,9,3,5
n480,5,2,6,6,3,4,0,6,10,0,2,10,8,10,3,7,7,8,10,9,7,0,6,8,0,1,1,3,5,1,5,4,8,7,5,3,7,5,9,7,4,6,7,8,3,0,0,4,2,8,6,8,8,9,6,9,9,2,2,9,8,0,5,2,4,4,9,10,10,1,5,0,4,1,5,10,9,0,5,10,3,2,1,8,2,1,7,9,3,0
n479,5,2,6,6,3,4,0,6,10,0,2,10,8,10,3,7,7,8,10,9,7,0,6,8,0,1,1,3,5,1,5,4,8,0,5,3,7,5,9,7,4,6,7,8,3,0,0,4,2,8,6,8,8,9,6,9,9,2,2,9,8,0,0,2,4,4,9,10,10,1,5,0,4,1,5,10,9,0,5,10,3,2,1,8,2,1,7,9,3,1
n488,5,2,6,6,3,4,10,6,10,0,2,10,8,10,3,4,7,8,6,4,7,0,6,2,4,1,3,7,5,0,5,4,8,0,5,3,7,5,0,10,4,6,7,8,0,0,10,0,2,8,6,9,8,9,1,9,9,0,2,9,8,0,2,2,4,7,9,10,1,1,0,8,4,1,0,10,0,0,5,0,2,2,2,2,2,1,7,9,0,8
n487,5,2,6,6,3,4,10,6,10,0,2,10,8,10,3,4,7,8,6,4,7,0,6,2,4,1,3,0,5,0,5,4,8,0,5,3,7,5,2,10,4,6,7,8,0,7,10,0,2,8,6,9,8,9,1,9,9,0,2,9,8,0,2,2,4,7,9,10,1,1,0,8,4,1,0,10,0,0,5,0,0,2,2,2,2,1,7,9,3,8
n490,5,2,6,6,3,4,10,6,10,7,2,10,8,10,3,0,7,8,6,9,7,0,6,2,5,1,3,0,5,0,5,4,8,0,5,3,7,5,0,10,4,6,7,8,2,0,10,0,2,8,6,0,8,9,1,9,9,0,2,9,8,0,0,2,4,7,9,10,1,1,0,8,4,1,0,10,0,0,5,0,0,2,2,0,2,1,7,9,0,8
n489,5,2,6,6,3,4,10,6,10,7,2,10,8,10,3,0,7,8,6,9,7,0,6,2,0,1,3,0,5,6,5,4,8,0,5,3,7,5,0,10,4,6,7,8,2,0,10,0,2,8,6,0,8,9,1,9,9,0,2,9,8,0,0,2,4,7,9,10,1,1,0,8,4,1,0,10,0,0,5,0,4,2,2,0,2,1,7,9,0,8
n494,5,2,6,6,3,4,10,6,10,1,2,10,8,10,3,0,7,8,6,0,7,10,6,0,0,1,3,0,5,0,5,4,8,0,5,3,7,5,0,10,4,6,7,8,0,5,3,9,2,8,6,0,8,9,1,9,9,10,2,9,8,0,0,2,4,7,9,10,1,1,3,8,4,1,5,10,0,4,5,0,1,2,2,10,2,1,7,9,7,8
n493,5,2,6,6,3,4,10,6,10,1,2,10,8,10,3,0,7,8,6,0,7,0,6,4,0,1,3,0,5,0,5,4,8,2,5,3,7,5,0,10,4,6,7,8,0,5,3,9,2,8,6,10,8,9,1,9,9,10,2,9,8,0,0,2,4,7,9,10,1,1,5,8,4,1,5,10,0,0,5,0,1,2,2,10,2,1,7,9,7,8
n496,5,2,6,6,3,4,10,6,10,1,2,10,8,10,3,0,7,8,6,0,7,1,6,0,0,1,3,9,5,0,5,4,8,1,5,3,7,5,0,10,4,6,7,8,8,5,3,7,2,8,6,0,8,9,1,9,9,10,2,9,8,0,0,2,4,7,9,10,1,1,10,8,4,1,5,10,0,0,5,0,1,2,2,10,2,1,7,9,7,8
n495,5,2,6,6,3,4,10,6,10,1,2,10,8,10,3,0,7,8,6,0,7,1,6,0,0,1,3,0,5,0,5,4,8,0,5,3,7,5,0,10,4,6,7,8,8,5,3,0,2,8,6,0,8,9,1,9,9,10,2,9,8,9,0,2,4,7,9,10,1,1,0,8,4,1,5,10,0,0,5,10,1,2,2,10,2,1,7,9,7,8
n502,5,2,6,6,3,4,2,6,10,0,2,10,8,10,3,0,7,8,0,0,7,3,6,0,0,1,3,3,5,0,5,4,8,0,5,3,7,5,10,10,4,6,7,8,9,0,0,4,2,8,6,0,8,9,1,9,9,0,2,9,8,0,0,2,4,7,9,10,1,1,4,6,4,1,4,10,0,1,5,0,0,2,9,0,2,1,7,9,0,2
n501,5,2,6,6,3,4,2,6,10,0,2,10,8,10,3,0,7,8,0,0,7,3,6,0,0,1,3,3,5,0,5,4,8,0,5,3,7,5,10,10,4,6,7,8,0,0,0,0,2,8,6,0,8,9,1,9,9,0,2,9,8,0,0,2,4,7,9,10,1,1,4,6,4,1,4,10,0,1,5,0,0,2,9,0,2,1,7,9,0,2
n504,5,2,6,6,3,4,2,6,10,5,2,10,8,10,3,0,7,8,1,4,7,10,6,0,0,1,3,3,5,0,5,4,8,0,5,3,7,5,0,10,4,6,7,8,5,0,9,0,2,8,6,0,8,9,1,9,9,0,2,9,8,0,0,2,4,7,9,10,1,1,4,0,4,1,4,10,0,1,5,0,0,2,9,0,2,1,7,9,0,2
n503,5,2,6,6,3,4,2,6,10,7,2,10,8,10,3,2,7,8,1,4,7,0,6,0,0,1,3,3,5,0,5,4,8,0,5,3,7,5,0,10,4,6,7,8,5,0,9,0,2,8,6,0,8,9,1,9,9,0,2,9,8,1,0,2,4,7,9,10,1,1,4,0,4,1,4,10,0,1,5,0,0,2,9,0,2,1,7,9,0,2
n508,5,2,6,6,3,4,2,6,10,5,2,10,8,10,3,9,7,8,0,8,7,0,6,5,7,1,3,3,5,10,5,4,8,0,5,3,7,5,10,10,4,6,7,8,0,5,0,0,2,8,6,9,8,9,1,9,9,0,2,9,8,10,0,2,4,7,9,10,1,1,4,0,4,1,4,10,5,2,5,4,0,2,0,1,2,1,7,9,9,2
n507,5,2,6,6,3,4,2,6,10,5,2,10,8,10,3,9,7,8,10,8,7,0,6,5,7,1,3,3,5,0,5,4,8,0,5,3,7,5,9,10,4,6,7,8,0,5,0,0,2,8,6,0,8,9,1,9,9,0,2,9,8,0,0,2,4,7,9,10,1,1,4,1,4,1,4,10,5,0,5,4,0,2,0,1,2,1,7,9,9,0
n510,5,2,6,6,3,4,2,6,10,2,2,10,8,10,3,9,7,8,0,8,7,2,6,5,4,1,3,3,5,6,5,4,8,0,5,3,7,5,0,10,4,6,7,8,0,5,4,0,2,8,6,0,8,9,1,9,9,9,2,9,8,0,0,2,4,7,9,10,1,1,4,0,4,1,4,10,0,0,5,4,6,2,3,0,2,1,7,9,7,0
n509,5,2,6,6,3,4,2,6,10,2,2,10,8,10,3,9,7,8,1,8,7,2,6,5,0,1,3,3,5,6,5,4,8,0,5,3,7,5,0,10,4,6,7,8,0,5,0,9,2,8,6,0,8,9,1,9,9,0,2,9,8,0,0,2,4,7,9,10,1,1,4,1,4,1,4,10,0,0,5,4,6,2,0,0,2,1,7,9,7,0
