cell,r1,r2,r3,r4,r5,r6,r7,r8,r9,r10,r11,r12,r13,r14,r15,r16,r17,r18,r19,r20,r21,r22,r23,r24,r25,r26,r27,r28,r29,r30,r31,r32,r33,r34,r35,r36,r37,r38,r39,r40,r41,r42,r43,r44,r45,r46,r47,r48,r49,r50
n16,0,3,1,9,6,7,9,0,9,9,7,2,1,2,5,8,6,10,9,2,3,0,0,0,9,7,9,6,7,8,4,2,1,8,0,8,7,3,6,0,9,7,8,8,8,8,5,5,10,1
n15,0,3,1,9,6,7,9,0,9,9,7,2,1,2,5,8,6,10,9,2,3,0,0,0,9,7,9,6,7,8,4,2,1,8,0,8,7,3,6,0,9,7,8,8,8,8,5,5,10,2
n18,0,3,1,9,6,7,9,0,9,9,7,2,1,0,5,8,6,10,9,2,3,0,0,2,9,7,9,6,7,8,4,2,1,8,0,8,7,8,6,0,9,7,8,8,8,8,5,5,10,0
n17,0,3,1,9,6,7,9,0,9,9,7,2,1,0,5,8,6,10,9,2,3,6,0,0,9,7,9,6,7,8,4,2,1,8,0,8,7,0,6,4,9,7,8,8,8,8,5,5,10,0
n22,0,3,1,9,6,7,9,0,9,9,7,2,1,0,5,8,6,10,9,2,3,0,0,7,9,7,2,6,7,8,4,2,1,8,0,8,7,1,6,0,9,7,8,8,8,8,5,5,10,10
n21,0,3,1,9,6,7,9,0,9,9,7,2,1,0,5,8,6,10,9,2,3,0,0,7,9,7,2,6,7,8,4,2,1,8,0,8,7,1,6,2,9,7,8,8,8,8,5,5,10,10
n24,0,3,1,9,6,7,9,1,9,9,7,2,1,0,5,8,6,10,9,2,3,0,0,7,9,7,2,6,7,8,4,2,1,8,9,8,7,1,6,0,9,7,8,8,8,8,5,5,10,2
n23,0,3,1,9,6,7,9,0,9,9,7,2,1,0,5,8,6,10,9,2,3,0,0,7,9,7,2,6,7,8,4,2,1,8,9,8,7,1,6,0,9,7,8,8,8,8,5,5,10,2
n30,3,3,1,9,6,7,9,0,9,9,7,2,1,7,5,8,6,10,9,2,3,0,0,7,9,7,2,6,7,8,4,2,1,8,8,8,7,2,6,5,8,7,8,8,8,8,5,5,10,3
n29,0,3,1,9,6,7,9,0,9,9,7,2,1,7,5,8,6,10,9,2,3,0,0,7,9,7,2,6,7,8,4,2,1,8,0,8,7,2,6,5,8,7,8,8,8,8,5,5,10,3
n32,0,3,1,9,6,7,9,4,9,9,7,2,1,7,5,8,6,10,9,2,3,0,1,7,9,7,2,6,7,8,4,2,1,8,0,8,7,2,6,5,8,7,8,8,8,8,5,5,10,3
n31,0,3,1,9,6,7,9,0,9,9,7,2,1,7,5,8,6,10,9,2,3,0,0,7,9,7,2,6,7,8,4,2,1,8,0,8,7,2,6,5,8,7,8,8,8,8,5,5,10,3
n36,3,3,1,9,6,7,9,10,9,9,7,2,1,7,5,8,6,10,9,2,3,0,3,9,9,7,2,6,7,8,4,2,1,8,0,8,7,3,6,5,2,7,8,8,8,8,5,5,10,3
n35,3,3,1,9,6,7,9,10,9,9,7,2,1,7,5,8,6,10,9,2,3,0,3,9,9,7,2,6,7,8,4,2,1,8,10,8,7,0,6,5,2,7,8,8,8,8,5,5,10,3
n38,3,3,1,9,6,7,9,3,9,9,7,2,1,7,5,8,6,10,9,2,3,0,3,0,9,7,2,6,7,8,4,2,1,8,0,8,7,1,6,5,2,7,8,8,8,8,5,5,10,3
n37,3,3,1,9,6,7,9,0,9,9,7,2,1,7,5,8,6,10,9,2,3,0,3,0,9,7,2,6,7,8,4,2,1,8,0,8,7,0,6,5,2,7,8,8,8,8,5,5,10,3
n46,1,3,1,9,6,7,9,10,9,7,7,2,1,4,5,0,6,10,9,2,3,1,0,0,9,7,9,6,7,8,4,0,1,8,6,8,7,0,6,4,9,7,8,8,8,8,5,5,10,10
n45,1,3,1,9,6,7,9,0,9,7,7,2,1,4,5,0,6,10,9,2,3,1,0,0,9,7,9,6,7,8,4,2,1,8,6,8,7,0,6,4,9,7,8,8,8,8,5,5,10,10
n48,0,3,1,9,6,7,9,0,9,7,7,2,1,2,5,0,6,10,9,2,3,1,5,0,9,7,9,6,7,8,4,7,1,8,6,8,7,0,6,0,9,7,8,8,8,8,5,5,10,10
n47,0,3,1,9,6,7,9,0,9,7,7,2,1,0,5,0,6,10,9,2,3,1,5,0,9,7,9,6,7,8,4,0,1,8,6,8,7,7,6,0,9,7,8,8,8,8,5,5,10,10
n52,4,3,1,9,6,7,9,0,9,7,7,2,1,0,5,0,6,10,9,2,3,1,0,0,9,7,9,6,7,8,4,0,1,8,6,8,7,2,6,10,0,7,8,8,8,8,5,5,10,0
n51,4,3,1,9,6,7,9,0,9,7,7,2,1,0,5,9,6,10,9,2,3,1,2,0,9,7,0,6,7,8,4,0,1,8,6,8,7,2,6,10,0,7,8,8,8,8,5,5,10,0
n54,1,3,1,9,6,7,9,0,9,7,7,2,1,10,5,0,6,10,9,2,3,1,0,0,9,7,8,6,7,8,4,0,1,8,6,8,7,2,6,10,0,7,8,8,8,8,5,5,10,7
n53,1,3,1,9,6,7,9,0,9,7,7,2,1,0,5,0,6,10,9,2,3,1,0,0,9,7,8,6,7,8,4,0,1,8,6,8,7,2,6,10,0,7,8,8,8,8,5,5,10,0
n60,0,3,1,9,6,7,9,0,9,0,7,2,1,10,5,0,6,10,9,2,3,0,9,0,9,7,0,6,7,8,4,0,1,8,7,8,7,0,6,3,0,7,8,8,8,8,5,5,10,0
n59,0,3,1,9,6,7,9,0,9,0,7,2,1,10,5,0,6,10,9,2,3,10,9,0,9,7,1,6,7,8,4,0,1,8,7,8,7,0,6,3,0,7,8,8,8,8,5,5,10,0
n62,5,3,1,9,6,7,9,7,9,3,7,2,1,0,5,0,6,10,9,2,3,0,9,3,9,7,2,6,7,8,4,0,1,8,7,8,7,0,6,3,5,7,8,8,8,8,5,5,10,0
n61,0,3,1,9,6,7,9,0,9,0,7,2,1,0,5,0,6,10,9,2,3,0,9,0,9,7,0,6,7,8,4,0,1,8,7,8,7,10,6,3,2,7,8,8,8,8,5,5,10,0
n66,3,3,1,9,6,7,9,0,9,2,7,2,1,0,5,7,6,10,9,2,3,6,0,0,9,7,0,6,7,8,4,0,1,8,0,8,7,3,6,3,0,7,8,8,8,8,5,5,10,2
n65,0,3,1,9,6,7,9,0,9,2,7,2,1,0,5,7,6,10,9,2,3,0,9,2,9,7,8,6,7,8,4,0,1,8,0,8,7,3,6,0,2,7,8,8,8,8,5,5,10,2
n68,0,3,1,9,6,7,9,1,9,0,7,2,1,5,5,7,6,10,9,2,3,0,0,0,9,7,0,6,7,8,4,0,1,8,10,8,7,4,6,0,2,7,8,8,8,8,5,5,10,2
n67,5,3,1,9,6,7,9,1,9,0,7,2,1,5,5,7,6,10,9,2,3,0,8,0,9,7,0,6,7,8,4,0,1,8,0,8,7,4,6,0,2,7,8,8,8,8,5,5,10,2
n78,4,3,3,9,6,7,9,4,9,1,7,2,0,0,5,4,1,10,9,2,3,0,1,3,9,7,5,6,7,8,4,0,1,8,10,8,7,5,6,1,5,7,8,8,8,8,5,5,10,6
n77,4,3,3,9,6,7,9,4,9,1,7,2,4,0,5,0,1,10,9,2,3,0,5,3,9,7,5,6,7,8,4,3,1,8,0,8,7,5,6,0,0,7,8,8,8,8,5,5,10,6
n80,4,3,3,9,6,7,9,4,9,1,7,2,0,0,5,2,1,10,9,2,3,0,0,0,9,7,0,6,7,8,4,0,1,8,10,8,7,5,6,7,3,7,8,8,8,8,5,5,10,6
n79,4,3,3,9,6,7,9,4,9,1,7,2,0,0,5,9,1,10,9,2,3,0,0,0,9,7,0,6,7,8,4,0,1,8,10,8,7,5,6,7,3,7,8,8,8,8,5,5,10,6
n84,4,3,3,9,6,7,9,4,9,10,7,2,10,0,5,8,1,10,9,2,3,0,0,0,9,7,0,6,7,8,4,10,1,8,7,8,7,5,6,7,10,7,8,8,8,8,5,5,10,6
n83,4,3,3,9,6,7,9,4,9,10,7,2,0,0,5,8,1,10,9,2,3,0,0,0,9,7,7,6,7,8,4,10,1,8,7,8,7,5,6,7,0,7,8,8,8,8,5,5,10,6
n86,4,3,3,9,6,7,9,4,9,10,7,2,0,0,5,0,1,10,9,2,3,0,0,0,9,7,0,6,7,8,4,10,1,8,0,8,7,5,6,0,0,7,8,8,8,8,5,5,10,6
n85,4,3,3,9,6,7,9,4,9,10,7,2,0,0,5,7,1,10,9,2,3,0,0,7,9,7,8,6,7,8,4,10,1,8,0,8,7,5,6,0,0,7,8,8,8,8,5,5,10,6
n92,0,3,3,9,6,7,9,4,9,1,7,2,4,8,5,1,1,10,9,2,3,0,3,7,9,7,8,6,7,8,4,2,1,8,0,8,7,5,6,4,0,7,8,8,8,8,5,5,10,0
n91,0,3,3,9,6,7,9,4,9,1,7,2,4,0,5,1,1,10,9,2,3,0,3,7,9,7,0,6,7,8,4,0,1,8,0,8,7,5,6,0,5,7,8,8,8,8,5,5,10,0
n94,7,3,3,9,6,7,9,4,9,1,7,2,4,0,5,1,1,10,9,2,3,9,3,0,9,7,0,6,7,8,4,0,1,8,1,8,7,5,6,0,0,7,8,8,8,8,5,5,10,2
n93,0,3,3,9,6,7,9,4,9,1,7,2,4,2,5,1,1,10,9,2,3,9,3,0,9,7,0,6,7,8,4,0,1,8,1,8,7,5,6,0,0,7,8,8,8,8,5,5,10,2
n98,0,3,3,9,6,7,9,4,9,1,7,2,4,0,5,8,1,10,9,2,3,0,0,0,9,7,0,6,7,8,4,0,1,8,0,8,7,5,6,0,1,7,8,8,8,8,5,5,10,10
n97,7,3,3,9,6,7,9,4,9,1,7,2,4,0,5,0,1,10,9,2,3,0,0,0,9,7,0,6,7,8,4,0,1,8,0,8,7,5,6,0,10,7,8,8,8,8,5,5,10,10
n100,9,3,3,9,6,7,9,4,9,1,7,2,4,0,5,0,1,10,9,2,3,0,0,2,9,7,0,6,7,8,4,9,1,8,6,8,7,5,6,0,0,7,8,8,8,8,5,5,10,0
n99,9,3,3,9,6,7,9,4,9,1,7,2,4,0,5,0,1,10,9,2,3,0,0,2,9,7,8,6,7,8,4,10,1,8,6,8,7,5,6,8,1,7,8,8,8,8,5,5,10,0
n108,0,3,3,9,6,7,9,4,9,0,7,2,10,7,5,0,1,10,9,2,3,0,5,0,9,7,0,6,7,8,4,4,1,8,8,8,7,1,6,5,9,7,8,8,8,8,5,5,10,0
n107,0,3,3,9,6,7,9,4,9,0,7,2,10,7,5,8,1,10,9,2,3,0,5,0,9,7,0,6,7,8,4,4,1,8,8,8,7,1,6,5,9,7,8,8,8,8,5,5,10,0
n110,4,3,3,9,6,7,9,4,9,7,7,2,10,0,5,0,1,10,9,2,3,0,0,0,9,7,7,6,7,8,4,4,1,8,8,8,7,1,6,5,9,7,8,8,8,8,5,5,10,4
n109,0,3,3,9,6,7,9,4,9,7,7,2,10,0,5,0,1,10,9,2,3,0,0,0,9,7,0,6,7,8,4,4,1,8,8,8,7,1,6,5,9,7,8,8,8,8,5,5,10,0
n114,4,3,3,9,6,7,9,4,9,0,7,2,10,0,5,0,1,10,9,2,3,0,1,3,9,7,0,6,7,8,4,4,1,8,0,8,7,1,6,5,9,7,8,8,8,8,5,5,10,0
n113,0,3,3,9,6,7,9,4,9,0,7,2,10,0,5,0,1,10,9,2,3,0,0,3,9,7,0,6,7,8,4,4,1,8,0,8,7,1,6,5,9,7,8,8,8,8,5,5,10,0
n116,0,3,3,9,6,7,9,4,9,0,7,2,10,0,5,0,1,10,9,2,3,0,7,8,9,7,0,6,7,8,4,4,1,8,0,8,7,1,6,5,9,7,8,8,8,8,5,5,10,0
n115,0,3,3,9,6,7,9,4,9,0,7,2,10,0,5,0,1,10,9,2,3,0,7,0,9,7,0,6,7,8,4,4,1,8,0,8,7,1,6,5,9,7,8,8,8,8,5,5,10,0
n122,0,3,3,9,6,7,9,4,9,1,7,2,0,5,5,0,1,10,9,2,3,1,8,10,9,7,1,6,7,8,4,4,1,8,0,8,7,9,6,6,9,7,8,8,8,8,5,5,10,0
n121,0,3,3,9,6,7,9,4,9,1,7,2,0,5,5,0,1,10,9,2,3,1,8,0,9,7,1,6,7,8,4,4,1,8,0,8,7,9,6,6,9,7,8,8,8,8,5,5,10,0
n124,0,3,3,9,6,7,9,4,9,1,7,2,10,0,5,0,1,10,9,2,3,7,8,6,9,7,0,6,7,8,4,4,1,8,9,8,7,9,6,6,9,7,8,8,8,8,5,5,10,0
n123,0,3,3,9,6,7,9,4,9,1,7,2,10,0,5,0,1,10,9,2,3,7,8,0,9,7,0,6,7,8,4,4,1,8,0,8,7,9,6,6,9,7,8,8,8,8,5,5,10,2
n128,9,3,3,9,6,7,9,4,9,1,7,2,1,0,5,0,1,10,9,2,3,0,8,6,9,7,0,6,7,8,4,4,1,8,9,8,7,0,6,6,9,7,8,8,8,8,5,5,10,0
n127,9,3,3,9,6,7,9,4,9,1,7,2,6,0,5,0,1,10,9,2,3,2,8,6,9,7,8,6,7,8,4,4,1,8,0,8,7,0,6,6,9,7,8,8,8,8,5,5,10,0
n130,9,3,3,9,6,7,9,4,9,1,7,2,0,0,5,5,1,10,9,2,3,0,8,6,9,7,0,6,7,8,4,4,1,8,8,8,7,7,6,6,9,7,8,8,8,8,5,5,10,1
n129,9,3,3,9,6,7,9,4,9,1,7,2,0,0,5,5,1,10,9,2,3,0,8,6,9,7,0,6,7,8,4,4,1,8,8,8,7,10,6,6,9,7,8,8,8,8,5,5,10,1
n142,0,3,0,9,6,7,0,4,1,6,7,0,1,0,0,10,0,10,9,0,3,0,4,8,10,2,4,6,7,8,4,3,1,8,0,8,7,0,6,1,4,7,2,8,6,8,5,5,10,4
n141,0,3,0,9,6,7,0,4,1,6,7,4,1,0,0,10,0,10,9,0,3,0,4,8,0,2,4,6,7,8,4,3,1,8,0,8,7,0,6,1,4,7,2,8,6,8,5,5,10,4
n144,0,3,8,9,6,7,0,4,1,6,7,0,1,0,0,10,7,10,9,4,3,2,4,8,1,2,4,6,7,8,4,3,1,8,0,8,7,5,6,1,4,7,2,8,6,8,5,5,10,4
n143,0,3,8,9,6,7,0,4,1,6,7,0,1,0,10,10,7,10,9,4,3,2,4,8,1,2,4,6,7,8,4,3,1,8,2,8,7,5,6,1,4,7,2,8,6,8,5,5,10,4
n148,0,3,10,9,6,7,5,4,1,6,7,10,1,0,0,10,5,10,9,3,3,0,4,8,7,2,4,6,7,8,4,3,1,8,8,8,7,0,6,1,4,7,2,8,6,8,5,5,10,4
n147,3,3,10,9,6,7,5,4,1,6,7,10,1,0,0,10,5,10,9,3,3,0,4,8,7,2,4,6,7,8,4,3,1,8,8,8,7,0,6,1,4,7,2,8,6,8,5,5,10,4
n150,0,3,10,9,6,7,0,4,1,6,7,0,1,4,0,10,5,10,9,3,3,0,4,8,7,2,4,6,7,8,4,3,1,8,8,8,7,0,6,1,4,7,2,8,6,8,5,5,10,4
n149,0,3,10,9,6,7,0,4,1,6,7,0,1,4,0,10,5,10,9,3,3,0,4,8,7,2,4,6,7,8,4,3,1,8,8,8,7,0,6,1,4,7,2,8,6,8,5,5,10,4
n156,8,3,3,9,6,7,0,4,7,6,7,4,1,9,0,10,4,10,9,0,3,1,4,8,9,2,4,6,7,8,4,7,1,8,0,8,7,0,6,1,0,7,2,8,6,8,5,5,10,4
n155,8,3,3,9,6,7,10,4,7,6,7,4,1,9,1,10,4,10,9,0,3,1,4,8,0,2,4,6,7,8,4,7,1,8,0,8,7,0,6,1,5,7,2,8,6,8,5,5,10,4
n158,2,3,0,9,6,7,0,4,7,6,7,4,1,9,0,10,6,10,9,0,3,1,4,8,0,2,4,6,7,8,4,7,1,8,2,8,7,0,6,1,6,7,2,8,6,8,5,5,10,4
n157,2,3,0,9,6,7,0,4,7,6,7,4,1,9,0,10,6,10,9,0,3,1,4,8,0,2,4,6,7,8,4,7,1,8,0,8,7,0,6,1,0,7,2,8,6,8,5,5,10,4
n162,0,3,0,9,6,7,0,4,4,6,7,0,1,0,0,10,0,10,9,7,3,0,4,8,7,2,4,6,7,8,4,8,1,8,2,8,7,2,6,1,0,7,2,8,6,8,5,5,10,4
n161,0,3,0,9,6,7,8,4,4,6,7,10,1,0,0,10,0,10,9,7,3,0,4,8,7,2,4,6,7,8,4,8,1,8,0,8,7,0,6,1,0,7,2,8,6,8,5,5,10,4
n164,5,3,8,9,6,7,0,4,4,6,7,0,1,8,2,10,1,10,9,5,3,0,4,8,0,2,4,6,7,8,4,8,1,8,7,8,7,0,6,1,0,7,2,8,6,8,5,5,10,4
n163,0,3,0,9,6,7,0,4,4,6,7,0,1,8,2,10,0,10,9,0,3,0,4,8,0,2,4,6,7,8,4,8,1,8,7,8,7,0,6,1,0,7,2,8,6,8,5,5,10,4
n172,0,3,5,9,6,7,3,4,0,6,7,0,1,0,8,0,0,10,9,8,3,7,4,8,0,2,4,6,7,8,4,0,1,8,5,8,7,2,6,1,6,7,2,8,10,8,5,5,10,10
n171,4,3,3,9,6,7,3,4,0,6,7,0,1,0,8,0,4,10,9,8,3,7,4,8,3,2,4,6,7,8,4,5,1,8,5,8,7,2,6,1,6,7,2,8,10,8,5,5,10,10
n174,10,3,7,9,6,7,3,4,0,6,7,0,1,0,8,5,6,10,9,8,3,7,4,8,3,0,4,6,7,8,4,0,1,8,0,8,7,2,6,1,6,7,2,8,10,8,5,5,10,10
n173,0,3,0,9,6,7,3,4,0,6,7,0,1,0,8,0,6,10,9,8,3,7,4,8,3,0,4,6,7,8,4,0,1,8,0,8,7,2,6,1,6,7,2,8,10,8,5,5,10,10
n178,6,3,0,9,6,7,3,4,0,6,7,0,1,3,8,0,0,10,9,8,3,7,4,8,8,3,4,6,7,8,4,0,1,8,5,8,7,2,6,1,6,7,2,8,5,8,5,5,10,10
n177,2,3,0,9,6,7,3,4,0,6,7,0,1,3,8,0,7,10,9,8,3,7,4,8,0,3,4,6,7,8,4,5,1,8,5,8,7,2,6,1,6,7,2,8,5,8,5,5,10,10
n180,0,3,6,9,6,7,3,4,3,6,7,0,1,2,8,0,0,10,9,8,3,7,4,8,0,0,4,6,7,8,4,0,1,8,5,8,7,2,6,1,6,7,2,8,5,8,5,5,10,10
n179,0,3,0,9,6,7,3,4,0,6,7,0,1,0,8,0,1,10,9,8,3,7,4,8,0,0,4,6,7,8,4,0,1,8,5,8,7,2,6,1,6,7,2,8,5,8,5,5,10,10
n186,4,3,4,9,6,7,0,4,0,6,7,0,1,0,8,3,0,10,9,8,3,9,4,8,0,7,4,6,7,8,4,10,1,8,0,8,7,3,6,1,6,7,2,8,7,8,5,5,10,10
n185,4,3,4,9,6,7,0,4,0,6,7,0,1,0,8,3,0,10,9,8,3,9,4,8,2,0,4,6,7,8,4,0,1,8,0,8,7,3,6,1,6,7,2,8,7,8,5,5,10,10
n188,4,3,9,9,6,7,0,4,0,6,7,0,1,0,8,0,0,10,9,8,3,9,4,8,2,2,4,6,7,8,4,0,1,8,0,8,7,3,6,1,6,7,2,8,7,8,5,5,10,10
n187,4,3,9,9,6,7,4,4,0,6,7,0,1,4,8,0,0,10,9,8,3,9,4,8,0,2,4,6,7,8,4,0,1,8,0,8,7,3,6,1,6,7,2,8,7,8,5,5,10,10
n192,0,3,5,9,6,7,0,4,0,6,7,0,1,5,8,2,0,10,9,8,3,9,4,8,2,0,4,6,7,8,4,4,1,8,0,8,7,0,6,1,6,7,2,8,7,8,5,5,10,10
n191,0,3,5,9,6,7,5,4,0,6,7,0,1,5,8,2,0,10,9,8,3,9,4,8,2,0,4,6,7,8,4,4,1,8,0,8,7,5,6,1,6,7,2,8,7,8,5,5,10,10
n194,0,3,10,9,6,7,0,4,10,6,7,0,1,7,8,2,0,10,9,8,3,9,4,8,2,0,4,6,7,8,4,0,1,8,0,8,7,0,6,1,6,7,2,8,7,8,5,5,10,10
n193,6,3,0,9,6,7,0,4,10,6,7,0,1,7,8,2,0,10,9,8,3,9,4,8,2,0,4,6,7,8,4,0,1,8,0,8,7,0,6,1,6,7,2,8,7,8,5,5,10,10
n204,5,3,1,9,6,7,3,4,5,6,7,0,1,8,8,10,4,10,9,5,3,4,10,10,0,0,4,6,7,8,4,0,1,8,1,8,7,6,6,1,0,7,2,8,0,8,5,5,10,1
n203,5,3,1,9,6,7,3,4,5,6,7,0,1,10,8,10,4,10,9,5,3,4,10,10,0,0,4,6,7,8,4,8,1,8,1,8,7,6,6,1,0,7,2,8,0,8,5,5,10,1
n206,0,3,1,9,6,7,3,4,5,6,7,0,1,0,8,10,4,10,9,5,3,4,10,10,2,0,4,6,7,8,4,0,1,8,1,8,7,6,6,1,0,7,2,8,8,8,5,5,10,1
n205,10,3,1,9,6,7,3,4,5,6,7,7,1,0,8,10,4,10,9,5,3,4,10,10,2,0,4,6,7,8,4,0,1,8,1,8,7,6,6,1,0,7,2,8,6,8,5,5,10,1
n210,0,3,1,9,6,7,3,4,5,6,7,3,6,0,8,10,4,10,9,5,3,4,10,10,0,0,4,6,7,8,4,8,1,8,1,8,7,0,6,1,4,7,2,8,0,8,5,5,10,1
n209,0,3,1,9,6,7,3,4,5,6,7,3,6,0,8,10,4,10,9,5,3,4,10,10,0,0,4,6,7,8,4,8,1,8,1,8,7,0,6,1,4,7,2,8,0,8,5,5,10,1
n212,0,3,1,9,6,7,3,4,5,6,7,3,6,6,8,10,4,10,9,5,3,4,10,10,0,0,4,6,7,8,4,8,1,8,1,8,7,8,6,1,0,7,2,8,0,8,5,5,10,1
n211,0,3,1,9,6,7,3,4,5,6,7,3,6,0,8,10,4,10,9,5,3,4,10,10,0,0,4,6,7,8,4,8,1,8,1,8,7,8,6,1,0,7,2,8,0,8,5,5,10,1
n218,3,3,1,9,6,7,3,4,8,6,7,7,0,6,8,10,4,10,9,5,3,0,4,10,0,9,4,6,7,8,4,0,1,8,1,8,7,9,6,1,0,7,2,8,1,8,5,5,10,1
n217,3,3,1,9,6,7,3,4,0,6,7,0,0,7,8,10,4,10,9,5,3,3,4,10,0,0,4,6,7,8,4,0,1,8,1,8,7,9,6,1,0,7,2,8,1,8,5,5,10,1
n220,3,3,1,9,6,7,3,4,0,6,7,4,0,0,8,10,4,10,9,5,3,0,0,10,0,0,4,6,7,8,4,0,1,8,1,8,7,0,6,1,0,7,2,8,1,8,5,5,10,1
n219,3,3,1,9,6,7,3,4,0,6,7,4,4,0,8,10,4,10,9,5,3,0,0,10,10,0,4,6,7,8,4,0,1,8,1,8,7,0,6,1,0,7,2,8,1,8,5,5,10,1
n224,0,3,1,9,6,7,3,4,0,6,7,8,0,0,8,10,4,10,9,5,3,0,6,10,7,10,4,6,7,8,4,0,1,8,1,8,7,9,6,1,3,7,2,8,10,8,5,5,10,1
n223,0,3,1,9,6,7,3,4,0,6,7,8,0,0,8,10,4,10,9,5,3,7,6,10,7,10,4,6,7,8,4,8,1,8,1,8,7,9,6,1,3,7,2,8,0,8,5,5,10,1
n226,0,3,1,9,6,7,3,4,0,6,7,0,0,0,8,10,4,10,9,5,3,0,6,10,7,0,4,6,7,8,4,0,1,8,1,8,7,9,6,1,0,7,2,8,7,8,5,5,10,1
n225,0,3,1,9,6,7,3,4,0,6,7,0,0,0,8,10,4,10,9,5,3,0,6,10,7,7,4,6,7,8,4,0,1,8,1,8,7,9,6,1,0,7,2,8,0,8,5,5,10,1
n234,0,3,1,9,6,7,3,0,6,6,7,1,0,0,2,7,4,10,9,0,3,0,0,10,7,1,4,6,7,8,4,5,1,8,1,8,7,0,6,1,0,7,2,8,9,8,5,5,10,1
n233,0,3,1,9,6,7,3,0,6,6,7,1,0,0,2,7,4,10,9,0,3,10,0,10,7,1,4,6,7,8,4,5,1,8,1,8,7,10,6,1,0,7,2,8,9,8,5,5,10,1
n236,0,3,1,9,6,7,3,1,6,6,7,0,8,0,2,0,4,10,9,0,3,1,0,10,0,1,4,6,7,8,4,5,1,8,1,8,7,5,6,1,0,7,2,8,9,8,5,5,10,1
n235,6,3,1,9,6,7,3,1,6,6,7,0,8,0,2,0,4,10,9,0,3,1,9,10,0,1,4,6,7,8,4,5,1,8,1,8,7,5,6,1,0,7,2,8,9,8,5,5,10,1
n240,0,3,1,9,6,7,3,0,6,6,7,0,7,0,0,3,4,10,9,0,3,0,7,10,7,1,4,6,7,8,4,5,1,8,1,8,7,3,6,1,3,7,2,8,9,8,5,5,10,1
n239,0,3,1,9,6,7,3,0,6,6,7,0,7,0,0,3,4,10,9,0,3,0,7,10,0,1,4,6,7,8,4,5,1,8,1,8,7,3,6,1,3,7,2,8,9,8,5,5,10,1
n242,0,3,1,9,6,7,3,0,6,6,7,0,7,0,0,3,4,10,9,0,3,5,7,10,3,1,4,6,7,8,4,5,1,8,1,8,7,0,6,1,3,7,2,8,9,8,5,5,10,1
n241,0,3,1,9,6,7,3,3,6,6,7,0,7,0,0,3,4,10,9,0,3,0,7,10,3,1,4,6,7,8,4,5,1,8,1,8,7,0,6,1,3,7,2,8,9,8,5,5,10,1
n248,5,3,1,9,6,7,3,10,0,6,7,2,7,0,0,10,4,10,9,7,3,0,10,10,8,1,4,6,7,8,4,5,1,8,1,8,7,7,6,1,0,7,2,8,9,8,5,5,10,1
n247,5,3,1,9,6,7,3,10,0,6,7,0,0,0,0,10,4,10,9,7,3,0,0,10,8,1,4,6,7,8,4,5,1,8,1,8,7,7,6,1,0,7,2,8,9,8,5,5,10,1
n250,5,3,1,9,6,7,3,0,0,6,7,0,0,0,2,10,4,10,9,7,3,1,7,10,8,1,4,6,7,8,4,5,1,8,1,8,7,7,6,1,0,7,2,8,9,8,5,5,10,1
n249,5,3,1,9,6,7,3,2,0,6,7,0,0,0,0,10,4,10,9,7,3,0,0,10,8,1,4,6,7,8,4,5,1,8,1,8,7,7,6,1,0,7,2,8,9,8,5,5,10,1
n254,5,3,1,9,6,7,3,0,0,6,7,7,0,0,0,10,4,10,9,0,3,0,8,10,9,1,4,6,7,8,4,5,1,8,1,8,7,7,6,1,0,7,2,8,9,8,5,5,10,1
n253,5,3,1,9,6,7,3,0,0,6,7,7,2,0,0,10,4,10,9,0,3,0,8,10,9,1,4,6,7,8,4,5,1,8,1,8,7,7,6,1,0,7,2,8,9,8,5,5,10,1
n256,5,3,1,9,6,7,3,0,0,6,7,4,0,0,0,10,4,10,9,0,3,0,8,10,9,1,4,6,7,8,4,5,1,8,1,8,7,7,6,1,0,7,2,8,9,8,5,5,10,1
n255,5,3,1,9,6,7,3,0,0,6,7,0,6,0,0,10,4,10,9,0,3,0,8,10,9,1,4,6,7,8,4,5,1,8,1,8,7,7,6,1,0,7,2,8,9,8,5,5,10,1
n270,8,6,0,9,2,5,0,3,6,8,7,1,0,1,0,0,4,10,1,0,3,5,4,5,8,4,9,6,7,8,9,6,1,8,5,10,4,7,0,1,3,7,4,8,6,8,5,0,10,7
n269,8,6,0,9,2,5,0,3,6,8,7,1,0,1,0,0,4,10,1,4,3,5,4,5,8,4,9,6,7,8,9,6,1,8,5,10,4,7,0,1,3,7,4,8,6,8,5,0,10,7
n272,8,6,7,9,2,5,0,3,4,8,7,1,9,1,9,6,4,10,1,0,3,5,4,5,8,4,9,6,7,8,9,6,1,8,5,10,4,7,0,1,3,7,4,8,6,8,5,0,10,7
n271,8,6,7,9,2,5,6,3,4,8,7,1,9,1,9,6,4,10,1,0,3,5,4,5,8,4,9,6,7,8,9,6,1,8,5,10,4,7,0,1,3,7,4,8,6,8,5,0,10,7
n276,8,6,5,9,2,5,0,3,8,8,7,1,0,1,9,0,4,10,1,3,3,5,4,5,8,4,9,6,7,8,9,6,1,8,5,10,4,0,0,1,3,7,4,8,6,8,5,0,10,7
n275,8,6,5,9,2,5,8,3,8,8,7,1,0,1,2,0,4,10,1,3,3,5,4,5,8,4,9,6,7,8,9,6,1,8,5,10,4,0,0,1,3,7,4,8,6,8,5,0,10,7
n278,8,6,0,9,2,5,0,3,8,8,7,1,0,1,8,0,4,10,1,3,3,5,4,5,8,4,9,6,7,8,9,6,1,8,5,10,4,0,0,1,3,7,4,8,6,8,5,9,10,7
n277,8,6,0,9,2,5,0,3,8,8,7,1,2,1,8,0,4,10,1,3,3,5,4,5,8,4,9,6,7,8,9,6,1,8,5,10,4,0,0,1,3,7,4,8,6,8,5,9,10,7
n284,8,6,10,9,2,5,0,3,10,8,7,0,2,1,8,6,4,10,1,0,3,5,4,5,8,4,9,6,7,8,9,6,1,8,5,10,4,9,1,1,3,7,4,8,6,8,5,7,10,7
n283,8,6,10,9,2,5,0,3,0,8,7,6,0,1,8,9,4,10,1,0,3,5,4,5,8,4,9,6,7,8,9,6,1,8,5,10,4,9,1,1,0,7,4,8,6,8,5,7,10,7
n286,8,6,10,9,2,5,0,3,0,8,7,4,0,1,8,0,4,10,1,10,3,5,4,5,8,4,9,6,7,8,9,6,1,8,5,10,4,9,0,1,2,7,4,8,6,8,5,7,10,7
n285,8,6,10,9,2,5,0,3,0,8,7,4,0,1,8,0,4,10,1,6,3,5,4,5,8,4,9,6,7,8,9,6,1,8,5,10,4,9,0,1,0,7,4,8,6,8,5,7,10,7
n290,8,6,0,9,2,5,0,3,9,8,7,3,0,1,8,10,4,10,1,9,3,5,4,5,8,4,9,6,7,8,9,6,1,8,5,10,4,9,0,1,0,7,4,8,6,8,5,7,10,7
n289,8,6,8,9,2,5,0,3,9,8,7,0,0,1,8,10,4,10,1,9,3,5,4,5,8,4,9,6,7,8,9,6,1,8,5,10,4,9,0,1,0,7,4,8,6,8,5,4,10,7
n292,8,6,0,9,2,5,4,3,2,8,7,0,0,1,8,0,4,10,1,7,3,5,4,5,8,4,9,6,7,8,9,6,1,8,5,10,4,9,0,1,0,7,4,8,6,8,5,0,10,7
n291,8,6,1,9,2,5,4,3,0,8,7,0,0,1,8,0,4,10,1,7,3,5,4,5,8,4,9,6,7,8,9,6,1,8,5,10,4,9,0,1,0,7,4,8,6,8,5,0,10,7
n300,8,6,3,9,0,2,0,3,10,0,7,2,0,1,4,10,4,10,1,0,3,5,4,5,8,4,9,6,7,8,9,6,1,8,5,10,4,0,0,1,5,7,4,8,5,8,5,9,10,7
n299,8,6,3,9,9,2,0,3,10,0,7,2,0,1,4,10,4,10,1,0,3,5,4,5,8,4,9,6,7,8,9,6,1,8,5,10,4,0,9,1,5,7,4,8,0,8,5,9,10,7
n302,8,6,0,9,0,2,7,3,10,0,7,2,0,1,0,10,4,10,1,0,3,5,4,5,8,4,9,6,7,8,9,6,1,8,5,10,4,0,0,1,0,7,4,8,0,8,5,9,10,7
n301,8,6,0,9,0,2,7,3,10,0,7,2,5,1,1,10,4,10,1,7,3,5,4,5,8,4,9,6,7,8,9,6,1,8,5,10,4,0,0,1,9,7,4,8,0,8,5,9,10,7
n306,8,6,4,9,0,2,0,3,10,0,7,3,7,1,0,10,4,10,1,10,3,5,4,5,8,4,9,6,7,8,9,6,1,8,5,10,4,0,10,1,0,7,4,8,0,8,5,9,10,7
n305,8,6,4,9,0,2,0,3,10,0,7,0,7,1,9,10,4,10,1,10,3,5,4,5,8,4,9,6,7,8,9,6,1,8,5,10,4,0,6,1,0,7,4,8,6,8,5,9,10,7
n308,8,6,4,9,0,2,7,3,10,10,7,0,7,1,10,10,4,10,1,10,3,5,4,5,8,4,9,6,7,8,9,6,1,8,5,10,4,2,0,1,0,7,4,8,0,8,5,9,10,7
n307,8,6,4,9,0,2,0,3,10,0,7,6,7,1,0,10,4,10,1,10,3,5,4,5,8,4,9,6,7,8,9,6,1,8,5,10,4,4,0,1,0,7,4,8,0,8,5,9,10,7
n314,8,6,0,9,0,2,0,3,0,2,7,6,0,1,0,10,4,10,1,0,3,5,4,5,8,4,9,6,7,8,9,6,1,8,5,10,4,0,0,1,5,7,4,8,7,8,5,0,10,7
n313,8,6,0,9,0,2,0,3,0,2,7,6,0,1,0,10,4,10,1,0,3,5,4,5,8,4,9,6,7,8,9,6,1,8,5,10,4,10,0,1,5,7,4,8,7,8,5,0,10,7
n316,8,6,0,9,10,2,0,3,0,2,7,6,0,1,0,10,4,10,1,2,3,5,4,5,8,4,9,6,7,8,9,6,1,8,5,10,4,0,0,1,5,7,4,8,7,8,5,8,10,7
n315,8,6,0,9,10,2,0,3,0,2,7,6,0,1,0,10,4,10,1,2,3,5,4,5,8,4,9,6,7,8,9,6,1,8,5,10,4,0,0,1,5,7,4,8,7,8,5,8,10,7
n320,8,6,0,9,0,2,6,3,5,2,7,6,0,1,0,10,4,10,1,0,3,5,4,5,8,4,9,6,7,8,9,6,1,8,5,10,4,9,2,1,3,7,4,8,7,8,5,6,10,7
n319,8,6,0,9,0,2,6,3,5,2,7,6,0,1,0,10,4,10,1,1,3,5,4,5,8,4,9,6,7,8,9,6,1,8,5,10,4,9,0,1,3,7,4,8,7,8,5,0,10,7
n322,8,6,0,9,0,2,6,3,5,3,7,0,0,1,8,10,4,10,1,0,3,5,4,5,8,4,9,6,7,8,9,6,1,8,5,10,4,0,0,1,0,7,4,8,7,8,5,0,10,7
n321,8,6,3,9,0,2,6,3,5,3,7,0,0,1,8,10,4,10,1,0,3,5,4,5,8,4,9,6,7,8,9,6,1,8,5,10,4,10,0,1,0,7,4,8,7,8,5,9,10,7
n332,8,6,5,9,0,0,0,3,6,7,7,0,8,1,0,5,4,10,0,10,3,5,4,5,8,4,9,6,7,8,0,0,1,8,5,10,4,9,0,0,0,7,4,8,3,8,5,7,10,7
n331,8,6,5,9,0,0,0,3,6,7,7,0,8,1,0,5,4,10,0,10,3,5,4,5,8,4,9,6,7,8,0,5,1,8,5,10,4,9,0,0,0,7,4,8,3,8,5,7,10,7
n334,8,6,5,9,0,0,0,3,6,7,7,10,8,1,8,5,4,10,4,10,3,5,4,5,8,4,9,6,7,8,0,0,1,8,5,10,4,9,0,4,0,7,4,8,0,8,5,7,10,7
n333,8,6,5,9,6,0,0,3,6,7,7,10,8,1,8,5,4,10,0,10,3,5,4,5,8,4,9,6,7,8,0,0,1,8,5,10,4,9,10,0,0,7,4,8,0,8,5,7,10,7
n338,8,6,5,9,1,4,2,3,6,10,7,0,0,1,0,5,4,10,0,10,3,5,4,5,8,4,9,6,7,8,6,0,1,8,5,10,4,0,10,0,0,7,4,8,0,8,5,7,10,7
n337,8,6,5,9,1,4,2,3,6,10,7,7,0,1,0,5,4,10,0,10,3,5,4,5,8,4,9,6,7,8,6,0,1,8,5,10,4,0,10,0,4,7,4,8,0,8,5,7,10,7
n340,8,6,5,9,0,4,2,3,6,0,7,2,0,1,0,5,4,10,0,10,3,5,4,5,8,4,9,6,7,8,0,0,1,8,5,10,4,0,0,0,0,7,4,8,2,8,5,7,10,7
n339,8,6,5,9,0,4,2,3,6,8,7,0,0,1,0,5,4,10,0,10,3,5,4,5,8,4,9,6,7,8,0,0,1,8,5,10,4,0,4,0,0,7,4,8,0,8,5,7,10,7
n346,8,6,5,9,0,0,0,3,6,7,7,0,2,1,10,5,4,10,0,10,3,5,4,5,8,4,9,6,7,8,0,0,1,8,5,10,4,0,0,1,8,7,4,8,8,8,5,7,10,7
n345,8,6,5,9,0,0,0,3,6,7,7,0,2,1,0,5,4,10,0,10,3,5,4,5,8,4,9,6,7,8,0,0,1,8,5,10,4,0,5,1,8,7,4,8,8,8,5,7,10,7
n348,8,6,5,9,0,3,0,3,6,7,7,2,0,1,0,5,4,10,0,10,3,5,4,5,8,4,9,6,7,8,0,0,1,8,5,10,4,0,0,0,8,7,4,8,8,8,5,7,10,7
n347,8,6,5,9,4,0,0,3,6,7,7,2,0,1,0,5,4,10,3,10,3,5,4,5,8,4,9,6,7,8,0,0,1,8,5,10,4,5,9,0,8,7,4,8,8,8,5,7,10,7
n352,8,6,5,9,0,8,6,3,6,1,7,2,0,1,0,5,4,10,4,10,3,5,4,5,8,4,9,6,7,8,0,0,1,8,5,10,4,0,6,5,8,7,4,8,6,8,5,7,10,7
n351,8,6,5,9,4,3,6,3,6,1,7,2,1,1,0,5,4,10,9,10,3,5,4,5,8,4,9,6,7,8,10,0,1,8,5,10,4,10,0,5,8,7,4,8,6,8,5,7,10,7
n354,8,6,5,9,0,3,6,3,6,0,7,0,0,1,0,5,4,10,0,10,3,5,4,5,8,4,9,6,7,8,0,0,1,8,5,10,4,0,0,5,8,7,4,8,0,8,5,7,10,7
n353,8,6,5,9,0,3,6,3,6,0,7,0,0,1,0,5,4,10,7,10,3,5,4,5,8,4,9,6,7,8,0,0,1,8,5,10,4,0,0,5,8,7,4,8,0,8,5,7,10,7
n362,8,6,0,9,0,4,5,3,6,5,7,6,0,1,10,8,4,10,8,10,3,5,4,5,8,4,9,6,7,8,6,0,1,8,5,10,4,0,9,1,0,7,4,8,1,8,5,7,10,7
n361,8,6,3,9,0,4,5,3,6,0,7,6,0,1,10,0,4,10,0,10,3,5,4,5,8,4,9,6,7,8,0,0,1,8,5,10,4,0,0,0,0,7,4,8,1,8,5,7,10,7
n364,8,6,0,9,8,4,5,3,6,0,7,6,0,1,0,0,4,10,5,10,3,5,4,5,8,4,9,6,7,8,0,4,1,8,5,10,4,0,0,8,0,7,4,8,1,8,5,7,10,7
n363,8,6,0,9,8,4,5,3,6,0,7,6,0,1,5,1,4,10,0,10,3,5,4,5,8,4,9,6,7,8,0,4,1,8,5,10,4,0,0,8,0,7,4,8,1,8,5,7,10,7
n368,8,6,1,9,1,4,5,3,6,5,7,10,0,1,8,2,4,10,0,10,3,5,4,5,8,4,9,6,7,8,0,4,1,8,5,10,4,2,0,2,0,7,4,8,1,8,5,7,10,7
n367,8,6,0,9,1,4,5,3,6,5,7,0,0,1,0,2,4,10,8,10,3,5,4,5,8,4,9,6,7,8,0,0,1,8,5,10,4,2,0,2,0,7,4,8,1,8,5,7,10,7
n370,8,6,6,9,10,4,5,3,6,5,7,0,0,1,2,2,4,10,5,10,3,5,4,5,8,4,9,6,7,8,10,2,1,8,5,10,4,8,0,0,0,7,4,8,1,8,5,7,10,7
n369,8,6,8,9,1,4,5,3,6,5,7,0,10,1,0,2,4,10,0,10,3,5,4,5,8,4,9,6,7,8,0,0,1,8,5,10,4,0,0,0,0,7,4,8,1,8,5,7,10,7
n376,8,6,9,9,2,4,5,3,6,3,7,0,0,1,2,0,4,10,0,10,3,5,4,5,8,4,9,6,7,8,9,0,1,8,5,10,4,0,7,9,6,7,4,8,0,8,5,7,10,7
n375,8,6,0,9,2,4,5,3,6,0,7,0,9,1,2,0,4,10,2,10,3,5,4,5,8,4,9,6,7,8,9,5,1,8,5,10,4,0,7,9,6,7,4,8,0,8,5,7,10,7
n378,8,6,3,9,9,4,5,3,6,0,7,0,3,1,2,8,4,10,5,10,3,5,4,5,8,4,9,6,7,8,0,0,1,8,5,10,4,0,7,8,6,7,4,8,0,8,5,7,10,7
n377,8,6,3,9,9,4,5,3,6,0,7,1,3,1,2,8,4,10,5,10,3,5,4,5,8,4,9,6,7,8,0,0,1,8,5,10,4,0,7,0,6,7,4,8,0,8,5,7,10,7
n382,8,6,0,9,0,4,5,3,6,2,7,10,0,1,2,0,4,10,0,10,3,5,4,5,8,4,9,6,7,8,5,0,1,8,5,10,4,0,0,5,10,7,4,8,5,8,5,7,10,7
n381,8,6,0,9,0,4,5,3,6,2,7,0,0,1,2,0,4,10,0,10,3,5,4,5,8,4,9,6,7,8,5,0,1,8,5,10,4,0,2,0,10,7,4,8,3,8,5,7,10,7
n384,8,6,0,9,3,4,5,3,6,0,7,3,0,1,2,0,4,10,2,10,3,5,4,5,8,4,9,6,7,8,5,1,1,8,5,10,4,0,6,7,0,7,4,8,0,8,5,7,10,7
n383,8,6,0,9,0,4,5,3,6,0,7,3,0,1,2,0,4,10,0,10,3,5,4,5,8,4,9,6,7,8,5,1,1,8,5,10,4,0,6,7,10,7,4,8,0,8,5,7,10,7
n396,7,2,1,9,9,8,7,5,0,0,7,9,5,0,7,10,4,10,0,4,3,5,4,5,8,4,9,6,7,8,10,4,1,8,5,10,4,6,3,5,0,7,5,8,1,8,5,6,10,8
n395,7,2,1,9,9,0,7,5,0,7,7,0,5,0,7,10,4,10,0,4,3,5,4,5,8,4,9,6,7,8,10,4,1,8,5,10,4,6,3,5,0,7,5,8,1,8,5,6,10,8
n398,7,0,0,9,9,0,7,5,0,0,7,4,5,0,0,10,4,10,0,0,3,0,4,5,8,4,9,6,7,8,0,4,1,8,5,10,4,6,3,5,3,7,5,8,1,8,5,6,10,8
n397,7,0,5,9,9,0,7,5,2,6,7,0,5,0,0,10,4,10,0,0,3,9,4,5,8,4,9,6,7,8,0,4,1,8,5,10,4,6,3,5,7,7,5,8,1,8,5,6,10,8
n402,7,0,0,9,9,9,7,5,8,0,7,0,5,3,6,10,4,10,0,0,3,9,4,5,8,4,9,6,7,8,2,4,1,8,5,10,4,6,3,5,0,7,0,8,1,8,5,6,10,8
n401,7,0,0,9,9,9,7,5,8,0,7,6,5,3,6,10,4,10,0,0,3,9,4,5,8,4,9,6,7,8,2,4,1,8,5,10,4,6,3,5,0,7,10,8,1,8,5,6,10,8
n404,7,0,8,9,9,9,7,5,3,0,7,0,5,3,6,10,4,10,0,0,3,7,4,5,8,4,9,6,7,8,2,4,1,8,5,10,4,6,3,5,10,7,0,8,1,8,5,6,10,8
n403,7,0,0,9,9,9,7,5,0,7,7,8,5,3,6,10,4,10,0,0,3,0,4,5,8,4,9,6,7,8,2,4,1,8,5,10,4,6,3,5,10,7,0,8,1,8,5,6,10,8
n410,6,4,0,9,9,0,7,8,6,0,7,2,5,0,0,5,4,10,4,2,3,2,4,5,8,4,9,6,7,8,0,4,1,8,5,10,4,7,3,5,7,7,5,8,0,8,5,6,10,8
n409,6,4,1,9,9,0,7,8,6,0,7,0,5,10,0,5,4,10,4,2,3,0,4,5,8,4,9,6,7,8,0,4,1,8,5,10,4,7,3,5,7,7,5,8,0,8,5,6,10,8
n412,6,4,0,9,9,0,7,8,0,0,7,0,5,0,0,5,4,10,4,2,3,0,4,5,8,4,9,6,7,8,0,4,1,8,5,10,4,0,3,5,0,7,5,8,0,8,5,6,10,8
n411,6,4,0,9,9,0,7,8,0,6,7,0,5,0,9,5,4,10,4,2,3,0,4,5,8,4,9,6,7,8,0,4,1,8,5,10,4,0,3,5,0,7,5,8,0,8,5,6,10,8
n416,6,8,9,9,9,0,7,8,0,0,7,0,5,0,0,8,4,10,4,2,3,6,4,5,8,4,9,6,7,8,0,4,1,8,5,10,4,0,3,5,5,7,5,8,5,8,5,6,10,8
n415,6,0,9,9,9,0,7,8,0,1,7,0,5,0,0,8,4,10,4,2,3,6,4,5,8,4,9,6,7,8,0,4,1,8,5,10,4,0,3,5,2,7,5,8,5,8,5,6,10,8
n418,6,10,9,9,9,0,7,8,0,0,7,0,5,0,0,0,4,10,4,2,3,6,4,5,8,4,9,6,7,8,0,4,1,8,5,10,4,0,3,5,0,7,5,8,5,8,5,6,10,8
n417,6,10,9,9,9,0,7,8,0,0,7,0,5,0,0,10,4,10,4,2,3,6,4,5,8,4,9,6,7,8,0,4,1,8,5,10,4,0,3,5,5,7,5,8,5,8,5,6,10,8
n426,0,9,6,9,9,4,7,6,0,7,7,0,0,8,4,3,4,10,0,6,3,5,4,5,8,4,9,6,7,8,0,4,1,8,5,10,4,4,3,5,2,7,8,8,10,8,5,6,10,8
n425,0,9,6,9,9,4,7,6,0,7,7,0,10,8,4,3,4,10,2,6,3,5,4,5,8,4,9,6,7,8,2,4,1,8,5,10,4,0,3,5,2,7,8,8,10,8,5,6,10,8
n428,3,9,6,9,9,6,7,6,4,7,7,0,4,1,4,1,4,10,2,6,3,5,4,5,8,4,9,6,7,8,0,4,1,8,5,10,4,2,3,5,2,7,8,8,10,8,5,6,10,8
n427,0,9,6,9,9,0,7,6,9,7,7,0,0,1,4,1,4,10,2,6,3,5,4,5,8,4,9,6,7,8,0,4,1,8,5,10,4,2,3,5,2,7,8,8,10,8,5,6,10,8
n432,2,9,6,9,9,3,7,6,0,7,7,2,1,0,4,5,4,10,3,6,3,5,4,5,8,4,9,6,7,8,0,4,1,8,5,10,4,1,3,5,0,7,8,8,10,8,5,6,10,8
n431,0,9,6,9,9,3,7,6,0,7,7,2,0,0,4,5,4,10,0,6,3,5,4,5,8,4,9,6,7,8,0,4,1,8,5,10,4,1,3,5,0,7,8,8,10,8,5,6,10,8
n434,0,9,6,9,9,3,7,6,0,7,7,3,0,0,4,8,4,10,0,6,3,5,4,5,8,4,9,6,7,8,0,4,1,8,5,10,4,1,3,5,0,7,8,8,10,8,5,6,10,8
n433,0,9,6,9,9,3,7,6,0,7,7,0,0,0,4,8,4,10,0,6,3,5,4,5,8,4,9,6,7,8,7,4,1,8,5,10,4,1,3,5,0,7,8,8,10,8,5,6,10,8
n440,0,9,6,9,9,0,7,4,0,7,7,3,4,6,4,0,4,10,0,6,3,5,4,5,8,4,9,6,7,8,0,4,1,8,5,10,4,2,3,5,0,7,0,8,0,8,5,6,10,8
n439,0,9,6,9,9,0,7,4,0,7,7,3,4,0,4,0,4,10,4,6,3,5,4,5,8,4,9,6,7,8,0,4,1,8,5,10,4,2,3,5,0,7,0,8,0,8,5,6,10,8
n442,0,9,6,9,9,0,7,4,9,7,7,3,4,0,4,3,4,10,0,6,3,5,4,5,8,4,9,6,7,8,0,4,1,8,5,10,4,2,3,5,5,7,4,8,0,8,5,6,10,8
n441,0,9,6,9,9,0,7,4,9,7,7,3,4,0,4,3,4,10,2,6,3,5,4,5,8,4,9,6,7,8,9,4,1,8,5,10,4,2,3,5,0,7,4,8,0,8,5,6,10,8
n446,3,9,6,9,9,9,7,4,0,7,7,3,0,4,4,0,4,10,0,6,3,5,4,5,8,4,9,6,7,8,0,4,1,8,5,10,4,2,3,5,0,7,3,8,2,8,5,6,10,8
n445,3,9,6,9,9,9,7,4,0,7,7,3,0,0,4,0,4,10,9,6,3,5,4,5,8,4,9,6,7,8,0,4,1,8,5,10,4,2,3,5,0,7,0,8,0,8,5,6,10,8
n448,3,9,6,9,9,9,7,4,7,7,7,3,2,0,4,0,4,10,0,6,3,5,4,5,8,4,9,6,7,8,1,4,1,8,5,10,4,2,3,5,7,7,7,8,7,8,5,6,10,8
n447,3,9,6,9,9,0,7,4,7,7,7,3,2,0,4,0,4,10,0,6,3,5,4,5,8,4,9,6,7,8,1,4,1,8,5,10,4,2,3,5,0,7,7,8,7,8,5,6,10,8
n458,8,7,1,9,8,9,7,8,6,8,7,0,8,10,5,0,4,10,1,0,3,2,4,5,8,4,9,6,7,8,2,4,1,8,5,10,4,0,3,5,8,7,1,8,1,8,5,6,10,8
n457,8,7,0,9,8,9,7,0,6,8,7,1,8,10,0,9,4,10,1,10,3,2,4,5,8,4,9,6,7,8,2,4,1,8,5,10,4,8,3,5,8,7,1,8,1,8,5,6,10,8
n460,8,7,1,9,8,9,7,0,6,8,7,0,8,10,0,8,4,10,0,0,3,2,4,5,8,4,9,6,7,8,2,4,1,8,5,10,4,0,3,5,8,7,1,8,0,8,5,6,10,8
n459,8,7,0,9,8,9,7,0,6,8,7,8,8,10,0,10,4,10,0,0,3,2,4,5,8,4,9,6,7,8,2,4,1,8,5,10,4,0,3,5,8,7,1,8,10,8,5,6,10,8
n464,8,7,0,9,8,9,7,8,6,4,7,5,0,10,0,1,4,10,0,5,3,2,4,5,8,4,9,6,7,8,2,4,1,8,5,10,4,7,3,5,0,7,1,8,9,8,5,6,10,8
n463,8,7,0,9,8,9,7,8,6,4,7,5,0,10,0,1,4,10,10,5,3,2,4,5,8,4,9,6,7,8,2,4,1,8,5,10,4,0,3,5,0,7,1,8,9,8,5,6,10,8
n466,8,7,0,9,8,9,7,8,6,4,7,5,0,10,3,1,4,10,4,3,3,2,4,5,8,4,9,6,7,8,2,4,1,8,5,10,4,5,3,5,7,7,1,8,9,8,5,6,10,8
n465,8,7,3,9,8,9,7,8,6,4,7,5,0,10,10,1,4,10,7,3,3,2,4,5,8,4,9,6,7,8,2,4,1,8,5,10,4,5,3,5,7,7,1,8,9,8,5,6,10,8
n472,8,8,5,9,8,9,7,4,6,4,7,8,0,0,2,2,4,10,0,0,3,2,4,5,8,4,9,6,7,8,2,4,1,8,5,10,4,7,3,5,7,7,1,8,3,8,5,6,10,8
n471,8,8,5,9,8,9,7,4,6,4,7,8,0,9,2,2,4,10,0,7,3,2,4,5,8,4,9,6,7,8,2,4,1,8,5,10,4,0,3,5,7,7,1,8,3,8,5,6,10,8
n474,8,0,5,9,8,9,7,4,6,4,7,0,7,0,2,2,4,10,0,0,3,2,4,5,8,4,9,6,7,8,2,4,1,8,5,10,4,5,3,5,7,7,1,8,3,8,5,6,10,8
n473,8,0,5,9,8,9,7,4,6,4,7,7,0,0,2,2,4,10,0,0,3,2,4,5,8,4,9,6,7,8,2,4,1,8,5,10,4,5,3,5,7,7,1,8,3,8,5,6,10,8
n478,8,10,7,9,8,9,7,4,6,4,7,0,0,6,0,0,4,10,0,0,3,2,4,5,8,4,9,6,7,8,2,4,1,8,5,10,4,7,3,5,7,7,1,8,5,8,5,6,10,8
n477,8,10,0,9,8,9,7,4,6,4,7,0,0,6,0,9,4,10,0,0,3,2,4,5,8,4,9,6,7,8,2,4,1,8,5,10,4,7,3,5,7,7,1,8,5,8,5,6,10,8
n480,8,10,0,9,8,9,7,4,6,4,7,0,0,6,7,8,4,10,0,6,3,2,4,5,8,4,9,6,7,8,2,4,1,8,5,10,4,7,3,5,7,7,1,8,5,8,5,6,10,8
n479,8,10,0,9,8,9,7,4,6,4,7,0,4,6,7,8,4,10,10,0,3,2,4,5,8,4,9,6,7,8,2,4,1,8,5,10,4,7,3,5,7,7,1,8,5,8,5,6,10,8
n488,8,9,7,9,8,9,7,10,6,3,7,4,4,4,0,0,4,10,0,2,3,2,4,5,8,4,9,6,7,8,2,4,1,8,5,10,4,9,3,5,1,7,0,8,10,8,5,6,10,8
n487,8,9,7,9,0,9,7,10,6,3,7,4,4,4,0,0,4,10,0,4,3,2,4,5,8,4,9,6,7,8,2,4,1,8,5,10,4,9,3,5,1,7,0,8,10,8,5,6,10,8
n490,8,9,7,9,0,9,7,10,6,3,7,0,4,4,0,0,4,10,1,0,3,2,4,5,8,4,9,6,7,8,2,4,1,8,5,10,4,9,3,5,1,7,0,8,10,8,5,6,10,8
n489,8,9,7,9,0,9,7,10,6,3,7,0,4,4,0,0,4,10,1,7,3,2,4,5,8,4,9,6,7,8,2,4,1,8,5,10,4,9,3,5,1,7,0,8,10,8,5,6,10,8
n494,8,9,7,9,3,9,7,10,6,3,7,0,4,4,4,2,4,10,5,0,3,2,4,5,8,4,9,6,7,8,2,4,1,8,5,10,4,9,3,5,1,7,0,8,10,8,5,6,10,8
n493,8,9,7,9,3,9,7,10,6,3,7,0,4,4,4,0,4,10,5,0,3,2,4,5,8,4,9,6,7,8,2,4,1,8,5,10,4,9,3,5,1,7,0,8,10,8,5,6,10,8
n496,8,9,7,9,3,9,7,10,6,3,7,7,4,4,4,0,4,10,10,0,3,2,4,5,8,4,9,6,7,8,2,4,1,8,5,10,4,9,3,5,1,7,2,8,10,8,5,6,10,8
n495,8,9,7,9,3,9,7,10,6,3,7,7,4,4,4,0,4,10,10,0,3,2,4,5,8,4,9,6,7,8,2,4,1,8,5,10,4,9,3,5,1,7,2,8,10,8,5,6,10,8
n502,8,2,7,9,4,9,7,10,6,1,7,0,1,4,0,0,4,10,0,0,3,2,4,5,8,4,9,6,7,8,2,4,1,8,5,10,4,10,3,5,1,7,0,8,0,8,5,6,10,8
n501,8,0,7,9,4,9,7,10,6,1,7,0,1,4,6,0,4,10,0,0,3,2,4,5,8,4,9,6,7,8,2,4,1,8,5,10,4,10,3,5,1,7,0,8,0,8,5,6,10,8
n504,8,9,7,9,4,9,7,10,6,1,7,4,0,4,0,0,4,10,0,0,3,2,4,5,8,4,9,6,7,8,2,4,1,8,5,10,4,10,3,5,1,7,0,8,0,8,5,6,10,8
n503,8,0,7,9,4,9,7,10,6,1,7,4,1,4,0,0,4,10,0,0,3,2,4,5,8,4,9,6,7,8,2,4,1,8,5,10,4,10,3,5,1,7,1,8,0,8,5,6,10,8
n508,8,2,7,9,4,9,7,10,6,1,7,7,0,4,0,0,4,10,0,0,3,2,4,5,8,4,9,6,7,8,2,4,1,8,5,10,4,10,3,5,1,7,7,8,10,8,5,6,10,8
n507,8,2,7,9,4,9,7,10,6,1,7,7,2,4,0,0,4,10,0,0,3,2,4,5,8,4,9,6,7,8,2,4,1,8,5,10,4,10,3,5,1,7,7,8,10,8,5,6,10,8
n510,8,7,7,9,4,9,7,10,6,1,7,0,0,4,0,1,4,10,0,0,3,2,4,5,8,4,9,6,7,8,2,4,1,8,5,10,4,10,3,5,1,7,7,8,9,8,5,6,10,8
n509,8,0,7,9,4,9,7,10,6,1,7,0,0,4,0,6,4,10,0,0,3,2,4,5,8,4,9,6,7,8,2,4,1,8,5,10,4,10,3,5,1,7,7,8,4,8,5,6,10,8
