cell,r1,r2,r3,r4,r5,r6,r7,r8,r9,r10,r11,r12,r13,r14,r15,r16,r17,r18,r19,r20,r21,r22,r23,r24,r25,r26,r27,r28,r29,r30,r31,r32,r33,r34,r35,r36,r37,r38,r39,r40,r41,r42,r43,r44,r45,r46,r47,r48,r49,r50,r51,r52,r53,r54,r55,r56,r57,r58,r59,r60,r61,r62,r63,r64,r65,r66,r67,r68,r69,r70
n16,2,5,9,9,10,8,6,8,2,5,7,1,4,3,10,6,2,1,9,3,0,9,6,1,3,4,4,0,5,4,9,3,6,3,4,7,3,1,10,5,9,5,0,1,2,4,2,6,0,3,2,7,10,0,7,0,9,10,10,1,5,10,0,2,1,10,2,4,7,8
n15,2,5,9,9,10,8,6,8,2,5,7,1,4,3,10,6,2,1,9,3,0,9,6,1,3,4,4,0,5,4,9,3,6,3,4,7,3,1,10,5,9,5,0,1,0,4,2,6,0,3,2,7,10,0,7,0,9,10,10,1,5,0,0,2,1,10,2,4,7,8
n18,2,5,9,9,10,8,6,8,2,5,7,1,4,3,10,6,2,1,9,3,0,9,6,1,3,4,4,6,5,4,9,3,6,3,0,7,3,1,10,5,9,5,0,1,0,4,2,6,0,3,2,7,10,4,7,8,9,10,10,1,5,0,0,2,1,10,2,4,7,8
n17,2,5,9,9,10,8,6,8,2,5,7,1,4,3,10,6,2,1,9,3,2,9,6,1,3,4,4,6,5,4,9,3,6,3,0,7,3,1,10,5,9,5,0,1,0,4,2,6,0,3,2,7,10,4,7,8,9,10,10,1,5,0,0,2,1,10,2,4,7,8
n22,2,5,9,9,10,8,6,0,2,5,7,1,4,3,4,6,2,1,9,3,3,9,6,0,7,4,4,7,5,4,9,3,6,3,0,7,10,1,10,5,9,5,0,1,0,4,2,6,0,3,0,7,10,0,7,0,9,5,10,1,5,0,0,2,1,10,2,4,7,8
n21,2,5,9,9,10,8,6,0,2,5,7,1,4,3,4,6,2,1,9,3,0,9,6,0,7,4,4,0,5,4,9,3,6,3,0,7,10,1,10,5,9,5,0,1,8,4,2,6,0,3,0,7,10,0,7,0,9,5,10,1,5,4,10,2,1,10,2,4,7,8
n24,2,5,9,9,10,8,6,0,2,5,7,1,4,3,4,6,2,1,9,3,0,9,6,0,0,4,4,4,5,4,9,3,6,3,0,7,10,1,10,5,9,5,3,1,0,4,2,6,4,3,0,7,10,0,7,0,9,0,10,1,5,0,3,2,1,10,2,4,7,8
n23,2,5,9,9,10,8,6,0,2,5,7,1,4,3,4,6,2,1,9,3,5,9,6,0,0,4,4,4,5,4,9,3,6,3,3,7,10,1,10,5,9,5,0,1,0,4,2,6,4,3,0,7,10,0,7,0,9,10,10,1,5,5,3,2,1,10,2,4,7,8
n30,2,5,9,9,10,8,6,7,2,5,7,1,4,3,0,6,2,1,9,3,0,9,6,3,6,4,10,4,5,4,9,3,0,3,0,7,6,1,10,5,9,5,1,1,0,4,2,6,6,3,0,7,10,0,7,1,9,1,10,1,5,0,3,0,1,0,0,4,7,8
n29,2,5,9,9,10,8,6,7,2,5,7,1,4,3,0,6,2,1,9,3,0,9,6,3,6,4,10,4,5,4,9,3,0,3,0,7,6,1,10,5,9,5,1,1,0,4,2,6,6,3,0,7,10,0,7,1,9,1,10,1,5,0,3,0,1,0,0,4,7,8
n32,2,5,9,9,10,8,6,7,2,5,7,1,4,3,0,6,2,1,9,3,0,9,6,0,6,4,10,4,5,4,9,3,0,3,0,7,6,1,10,5,9,5,1,1,0,4,2,6,6,3,8,7,10,1,7,8,9,1,10,1,5,0,3,0,1,0,0,4,7,8
n31,2,5,9,9,10,8,6,7,2,5,7,1,4,3,7,6,2,1,9,3,0,9,6,0,6,4,10,4,5,4,9,3,0,3,0,7,6,1,10,5,9,5,1,1,0,4,2,6,6,3,8,7,10,0,7,0,9,1,10,1,5,0,3,10,1,0,0,4,7,8
n36,2,5,9,9,10,8,6,7,2,5,7,1,4,3,0,6,2,1,9,3,10,9,6,4,2,4,10,4,5,4,9,3,0,3,0,7,6,1,10,5,9,5,0,1,4,4,2,6,6,3,7,7,10,7,7,7,9,1,10,1,5,0,2,0,1,7,0,4,7,8
n35,2,5,9,9,10,8,6,7,2,5,7,1,4,3,0,6,2,1,9,3,10,9,6,4,2,4,10,4,5,4,9,3,0,3,0,7,6,1,10,5,9,5,0,1,4,4,2,6,6,3,7,7,10,7,7,7,9,1,10,1,5,0,2,0,1,0,0,4,7,8
n38,2,5,9,9,10,8,6,7,2,5,7,1,4,3,0,6,2,1,9,3,5,9,6,4,0,4,10,4,5,4,9,3,0,3,0,7,6,1,10,5,9,5,0,1,4,4,2,6,6,3,7,7,10,7,7,0,9,1,10,1,5,0,0,0,1,0,0,4,7,8
n37,2,5,9,9,10,8,6,7,2,5,7,1,4,3,0,6,2,1,9,3,5,9,6,4,0,4,10,4,5,4,9,3,0,3,0,7,6,1,10,5,9,5,0,1,4,4,2,6,6,3,7,7,10,7,7,0,9,1,10,1,5,2,0,0,1,9,0,4,7,8
n46,2,5,9,9,10,8,6,0,2,5,7,1,4,3,2,6,2,1,3,3,4,9,10,0,8,4,5,8,2,4,9,3,9,3,6,7,2,1,10,5,9,5,1,1,0,4,2,6,9,3,5,7,10,1,7,10,9,8,10,1,5,2,0,2,1,0,10,1,7,8
n45,2,5,9,9,10,8,6,0,2,5,7,1,4,3,2,6,2,1,3,3,4,9,10,0,8,4,5,8,2,4,9,3,9,3,6,7,2,1,10,5,9,5,1,1,0,4,2,6,9,3,5,7,10,1,7,10,9,8,10,1,5,2,0,2,1,0,10,1,7,8
n48,2,5,9,9,10,8,6,5,2,5,7,1,4,3,2,6,2,1,3,3,4,9,10,0,3,4,5,8,0,4,9,3,9,3,6,7,2,1,10,5,9,5,0,1,0,4,2,6,9,3,8,7,10,1,7,10,9,8,10,1,5,2,0,2,1,8,10,0,7,8
n47,2,5,9,9,10,8,6,0,2,5,7,1,4,3,2,6,2,1,3,3,4,9,10,0,3,4,5,8,0,4,9,3,9,3,6,7,2,1,10,5,9,5,0,1,0,4,2,6,9,3,8,7,10,1,7,10,9,8,10,1,5,2,0,2,1,8,10,0,7,8
n52,2,5,9,9,10,8,6,0,2,5,7,1,4,3,2,6,2,1,0,3,4,9,10,0,8,4,6,8,0,4,9,3,9,3,1,7,3,1,10,5,9,5,2,1,9,4,2,6,9,3,0,7,10,1,7,0,9,8,10,1,5,2,0,2,1,3,10,0,7,8
n51,2,5,9,9,10,8,6,8,2,5,7,1,4,3,2,6,2,1,0,3,4,9,10,3,8,4,6,8,0,4,9,3,9,3,1,7,3,1,10,5,9,5,0,1,9,4,2,6,9,3,7,7,10,1,7,0,9,8,10,1,5,2,0,2,1,3,10,8,7,8
n54,2,5,9,9,10,8,6,0,2,5,7,1,4,3,2,6,2,1,0,3,4,9,10,0,8,4,6,8,0,4,9,3,9,3,0,7,3,1,10,5,9,5,0,1,9,4,2,6,9,3,0,7,10,1,7,7,9,8,10,1,5,2,0,2,1,3,10,0,7,8
n53,2,5,9,9,10,8,6,6,2,5,7,1,4,3,2,6,2,1,0,3,4,9,10,8,8,4,6,8,0,4,9,3,9,3,0,7,3,1,10,5,9,5,6,1,9,4,2,6,9,3,0,7,10,1,7,0,9,8,10,1,5,2,0,2,1,3,10,0,7,8
n60,2,5,9,9,10,8,6,10,2,5,7,1,4,3,2,6,2,1,9,3,0,9,6,0,0,4,8,0,4,4,9,3,0,3,1,7,0,1,10,5,9,5,6,1,8,4,2,6,9,3,8,7,10,1,7,10,9,8,10,1,5,0,0,2,1,5,10,0,7,8
n59,2,5,9,9,10,8,6,10,2,5,7,1,4,3,2,6,2,1,9,3,0,9,6,9,6,4,8,2,4,4,9,3,5,3,1,7,0,1,10,5,9,5,0,1,8,4,2,6,9,3,8,7,10,1,7,10,9,8,10,1,5,0,0,2,1,5,10,0,7,8
n62,2,5,9,9,10,8,6,10,2,5,7,1,4,3,2,6,2,1,0,3,0,9,6,0,9,4,8,0,4,4,9,3,0,3,1,7,0,1,10,5,9,5,0,1,8,4,2,6,9,3,8,7,10,1,7,10,9,8,10,1,5,0,3,2,1,5,10,0,7,8
n61,2,5,9,9,10,8,6,10,2,5,7,1,4,3,2,6,2,1,0,3,9,9,6,8,9,4,8,0,4,4,9,3,0,3,1,7,0,1,10,5,9,5,8,1,8,4,2,6,9,3,8,7,10,1,7,10,9,8,10,1,5,3,0,2,1,5,10,0,7,8
n66,2,5,9,9,10,8,6,2,2,5,7,1,4,3,2,6,2,1,0,3,0,9,9,1,1,4,9,3,0,4,9,3,0,3,1,7,5,1,10,5,9,5,0,1,0,4,2,6,9,3,6,7,10,1,7,0,9,0,10,1,5,0,5,2,1,5,10,5,7,8
n65,2,5,9,9,10,8,6,2,2,5,7,1,4,3,2,6,2,1,0,3,0,9,9,0,1,4,0,3,0,4,9,3,0,3,1,7,5,1,10,5,9,5,0,1,0,4,2,6,9,3,6,7,10,1,7,0,9,0,10,1,5,0,5,2,1,5,10,5,7,8
n68,2,5,9,9,10,8,6,0,2,5,7,1,4,3,2,6,2,1,0,3,8,9,9,0,1,4,1,0,0,4,9,3,0,3,1,7,5,1,10,5,9,5,10,1,0,4,2,6,9,3,6,7,10,1,7,6,9,6,10,1,5,3,5,2,1,5,10,0,7,8
n67,2,5,9,9,10,8,6,0,2,5,7,1,4,3,2,6,2,1,0,3,0,9,9,0,1,4,1,0,0,4,9,3,0,3,1,7,5,1,10,5,9,5,10,1,0,4,2,6,9,3,6,7,10,1,7,6,9,6,10,1,5,0,5,2,1,5,10,0,7,8
n78,2,5,9,9,10,8,6,2,2,5,7,1,4,3,7,6,2,1,7,3,0,0,4,0,2,4,9,0,3,4,9,3,2,3,10,7,0,3,10,5,9,5,0,1,5,4,2,2,1,3,0,7,10,0,1,0,9,7,10,1,5,8,9,0,1,4,0,6,7,8
n77,2,5,9,9,10,8,6,2,2,5,7,1,4,3,7,6,2,1,7,3,6,0,4,0,2,4,9,1,3,4,9,3,2,3,10,7,0,3,10,5,9,5,0,1,5,4,2,2,0,3,0,7,10,0,1,0,9,7,10,1,5,8,9,0,1,4,0,6,7,8
n80,2,5,9,9,10,8,6,2,2,5,7,1,4,3,7,6,2,1,8,3,0,0,4,0,2,4,1,0,3,4,9,3,2,3,10,7,0,3,10,5,9,5,0,1,0,4,2,2,7,3,0,7,10,5,1,0,9,7,10,1,5,8,9,0,1,4,0,6,7,8
n79,2,5,9,9,10,8,6,2,2,5,7,1,4,3,7,6,2,1,9,3,3,5,4,0,2,4,0,0,3,4,9,3,2,3,10,7,1,3,10,5,9,5,0,1,10,4,2,2,7,3,0,7,10,5,1,0,9,7,10,1,5,8,9,0,1,4,0,6,7,8
n84,2,5,9,9,10,8,6,2,2,5,7,1,4,3,7,6,2,1,0,3,0,0,4,0,2,4,2,0,3,4,9,3,2,3,10,7,8,3,10,5,9,5,0,1,5,4,2,2,1,3,0,7,10,0,1,0,9,7,10,1,5,8,9,7,1,4,9,0,7,8
n83,2,5,9,9,10,8,6,2,2,5,7,1,4,3,7,6,2,1,0,3,2,0,4,0,2,4,2,0,3,4,9,3,2,3,10,7,8,3,10,5,9,5,0,1,5,4,2,2,1,3,7,7,10,10,1,0,9,7,10,1,5,8,9,7,1,4,9,0,7,8
n86,2,5,9,9,10,8,6,2,2,5,7,1,4,3,7,6,2,1,0,3,0,0,4,10,2,4,2,6,3,4,9,3,2,3,10,7,8,3,10,5,9,5,5,1,0,4,2,2,1,3,5,7,10,0,1,0,9,7,10,1,5,8,9,7,1,4,1,0,7,8
n85,2,5,9,9,10,8,6,2,2,5,7,1,4,3,7,6,2,1,0,3,0,0,4,10,2,4,2,6,3,4,9,3,2,3,10,7,8,3,10,5,9,5,5,1,0,4,2,2,1,3,1,7,10,8,1,0,9,7,10,1,5,8,9,7,1,4,1,0,7,8
n92,2,5,9,9,10,8,6,0,2,5,7,1,4,3,0,6,2,1,0,3,6,0,4,0,2,4,4,1,8,4,9,3,2,3,10,7,8,3,10,5,9,5,3,1,10,4,2,2,0,3,2,7,10,0,0,0,9,7,10,1,5,8,3,0,1,4,0,8,7,8
n91,2,5,9,9,10,8,6,0,2,5,7,1,4,3,0,6,2,1,7,3,6,0,4,0,2,4,4,1,8,4,9,3,2,3,10,7,1,3,10,5,9,5,3,1,10,4,2,2,0,3,2,7,10,0,0,0,9,7,10,1,5,8,3,0,1,4,0,8,7,8
n94,2,5,9,9,10,8,6,6,2,5,7,1,4,3,0,6,2,1,0,3,6,0,4,1,2,4,4,1,0,4,9,3,2,3,10,7,0,3,10,5,9,5,3,1,10,4,2,2,0,3,2,7,10,9,0,2,9,7,10,1,5,8,3,0,1,4,0,8,7,8
n93,2,5,9,9,10,8,6,6,2,5,7,1,4,3,0,6,2,1,4,3,6,0,4,0,2,4,4,1,0,4,9,3,2,3,10,7,0,3,10,5,9,5,3,1,10,4,2,2,0,3,2,7,10,0,0,2,9,7,10,1,5,8,3,5,1,4,0,8,7,8
n98,2,5,9,9,10,8,6,0,2,5,7,1,4,3,2,6,2,1,6,3,0,7,4,2,2,4,0,1,0,4,9,3,2,3,10,7,10,3,10,5,9,5,10,1,9,4,2,2,0,3,2,7,10,1,5,3,9,7,10,1,5,8,10,3,1,4,8,8,7,8
n97,2,5,9,9,10,8,6,0,2,5,7,1,4,3,2,6,2,1,6,3,0,7,4,2,2,4,0,1,0,4,9,3,2,3,10,7,10,3,10,5,9,5,10,1,9,4,2,2,0,3,2,7,10,1,0,3,9,7,10,1,5,8,8,3,1,4,8,8,7,8
n100,2,5,9,9,10,8,6,0,2,5,7,1,4,3,2,6,2,1,6,3,0,2,4,2,2,4,0,1,0,4,9,3,2,3,10,7,10,3,10,5,9,5,0,1,9,4,2,2,0,3,2,7,10,1,6,10,9,7,10,1,5,8,8,0,1,4,8,8,7,8
n99,2,5,9,9,10,8,6,0,2,5,7,1,4,3,2,6,2,1,6,3,5,2,4,2,2,4,0,1,1,4,9,3,2,3,10,7,10,3,10,5,9,5,0,1,9,4,2,2,0,3,2,7,10,1,0,10,9,7,10,1,5,8,8,0,1,4,8,8,7,8
n108,2,5,9,9,10,8,6,0,2,5,7,1,4,3,4,6,2,1,7,3,0,5,4,4,2,4,6,0,0,4,9,3,10,3,2,7,0,0,10,5,9,5,5,1,1,4,2,2,3,3,3,7,10,5,7,0,9,7,10,1,5,8,0,3,1,4,0,0,7,8
n107,2,5,9,9,10,8,6,2,2,5,7,1,4,3,4,6,2,1,7,3,0,0,4,4,2,4,6,0,0,4,9,3,10,3,2,7,8,2,10,5,9,5,5,1,1,4,2,2,3,3,3,7,10,5,7,0,9,7,10,1,5,8,0,3,1,4,0,0,7,8
n110,2,5,9,9,10,8,6,0,2,5,7,1,4,3,4,6,2,1,0,3,0,0,4,0,2,4,6,0,0,4,9,3,3,3,2,7,6,0,10,5,9,5,5,1,1,4,2,2,3,3,3,7,10,5,7,1,9,7,10,1,5,8,2,3,1,4,0,4,7,8
n109,2,5,9,9,10,8,6,0,2,5,7,1,4,3,4,6,2,1,0,3,0,0,4,0,2,4,6,9,2,4,9,3,3,3,2,7,6,8,10,5,9,5,5,1,1,4,2,2,3,3,3,7,10,5,7,1,9,7,10,1,5,8,2,3,1,4,3,4,7,8
n114,2,5,9,9,10,8,6,5,2,5,7,1,4,3,4,6,2,1,0,3,0,8,4,3,2,4,6,3,10,4,9,3,0,3,2,7,6,0,10,5,9,5,5,1,1,4,2,2,0,3,0,7,10,5,7,0,9,7,10,1,5,8,6,3,1,4,0,2,7,8
n113,2,5,9,9,10,8,6,5,2,5,7,1,4,3,4,6,2,1,9,3,0,8,4,3,2,4,6,0,10,4,9,3,0,3,2,7,6,0,10,5,9,5,5,1,1,4,2,2,0,3,0,7,10,5,7,0,9,7,10,1,5,8,6,3,1,4,0,2,7,8
n116,2,5,9,9,10,8,6,0,2,5,7,1,4,3,4,6,2,1,0,3,0,8,4,3,2,4,6,0,10,4,9,3,0,3,2,7,6,5,10,5,9,5,5,1,1,4,2,2,0,3,0,7,10,5,7,0,9,7,10,1,5,8,6,3,1,4,2,0,7,8
n115,2,5,9,9,10,8,6,0,2,5,7,1,4,3,4,6,2,1,0,3,0,8,4,3,2,4,6,0,10,4,9,3,0,3,2,7,6,5,10,5,9,5,5,1,1,4,2,2,0,3,0,7,10,5,7,0,9,7,10,1,5,8,6,3,1,4,2,6,7,8
n122,2,5,9,9,10,8,6,0,2,5,7,1,4,3,10,6,2,1,0,3,4,2,4,0,2,4,6,0,0,4,9,3,0,3,2,7,8,0,10,5,9,5,1,1,4,4,2,2,10,3,0,7,10,5,1,2,9,7,10,1,5,8,0,0,1,4,8,6,7,8
n121,2,5,9,9,10,8,6,5,2,5,7,1,4,3,10,6,2,1,0,3,4,2,4,0,2,4,6,5,0,4,9,3,0,3,2,7,8,0,10,5,9,5,1,1,4,4,2,2,10,3,5,7,10,5,1,5,9,7,10,1,5,8,8,0,1,4,8,6,7,8
n124,2,5,9,9,10,8,6,0,2,5,7,1,4,3,10,6,2,1,0,3,4,2,4,0,2,4,6,0,0,4,9,3,0,3,2,7,8,0,10,5,9,5,1,1,4,4,2,2,0,3,0,7,10,5,1,0,9,7,10,1,5,8,0,0,1,4,8,6,7,8
n123,2,5,9,9,10,8,6,0,2,5,7,1,4,3,10,6,2,1,0,3,4,2,4,1,2,4,6,2,0,4,9,3,0,3,2,7,8,0,10,5,9,5,1,1,4,4,2,2,0,3,0,7,10,5,1,0,9,7,10,1,5,8,0,0,1,4,8,6,7,8
n128,2,5,9,9,10,8,6,0,2,5,7,1,4,3,10,6,2,1,6,3,0,2,4,0,2,4,6,8,4,4,9,3,0,3,2,7,8,9,10,5,9,5,0,1,5,4,2,2,0,3,3,7,10,5,3,0,9,7,10,1,5,8,10,10,1,4,8,6,7,8
n127,2,5,9,9,10,8,6,0,2,5,7,1,4,3,10,6,2,1,0,3,0,2,4,0,2,4,6,8,4,4,9,3,0,3,2,7,8,9,10,5,9,5,9,1,5,4,2,2,0,3,3,7,10,5,3,0,9,7,10,1,5,8,0,10,1,4,8,6,7,8
n130,2,5,9,9,10,8,6,0,2,5,7,1,4,3,10,6,2,1,0,3,7,2,4,0,2,4,6,8,4,4,9,3,0,3,2,7,8,9,10,5,9,5,2,1,8,4,2,2,0,3,0,7,10,5,3,0,9,7,10,1,5,8,0,0,1,4,8,6,7,8
n129,2,5,9,9,10,8,6,0,2,5,7,1,4,3,10,6,2,1,0,3,7,2,4,0,2,4,6,8,4,4,9,3,0,3,2,7,8,9,10,5,9,5,2,1,8,4,2,2,0,3,5,7,10,5,3,0,9,7,10,1,5,8,0,0,1,4,8,6,7,8
n142,2,5,9,9,10,2,6,9,2,5,7,1,4,3,8,6,3,1,0,3,5,0,5,4,6,4,8,8,1,4,7,3,7,3,0,7,6,9,6,5,9,0,4,1,6,4,2,6,0,3,4,7,0,1,9,1,9,10,10,1,5,8,4,0,1,1,1,0,4,9
n141,2,5,9,9,10,2,6,9,2,5,7,1,4,3,0,6,3,1,5,3,5,4,0,4,6,4,0,8,1,4,7,3,7,3,0,7,6,9,6,5,9,0,4,1,6,4,2,6,0,3,4,7,0,1,9,1,9,10,10,1,5,0,4,0,1,1,1,0,4,9
n144,2,5,9,9,10,2,6,9,2,5,7,1,4,3,0,6,3,1,0,3,5,7,0,4,6,4,3,8,1,4,0,3,7,3,0,7,6,9,6,5,9,0,4,1,6,4,2,6,1,3,4,7,8,1,9,1,9,10,10,1,5,7,4,0,1,1,1,2,4,9
n143,2,5,9,9,10,2,6,9,2,5,7,1,4,3,0,6,3,1,0,3,5,7,0,4,6,4,3,8,1,4,8,3,7,3,0,7,6,9,6,5,9,0,4,1,6,4,2,6,7,3,4,7,9,1,9,1,9,10,10,1,5,0,4,0,1,1,1,2,4,9
n148,2,5,9,9,10,2,6,9,2,5,7,1,4,3,0,6,3,1,8,3,0,10,0,4,6,4,1,8,1,4,1,3,7,3,0,7,4,9,0,5,9,2,4,1,6,4,2,0,0,3,4,7,9,1,9,1,9,0,10,1,5,0,4,2,1,1,0,6,4,0
n147,2,5,9,9,10,2,6,9,2,5,7,1,4,3,0,6,0,1,8,3,0,4,0,4,6,4,1,8,1,4,1,3,7,3,0,7,4,9,0,5,9,2,4,1,6,4,2,0,0,3,4,7,9,1,9,1,9,0,10,1,5,0,4,0,1,1,3,6,4,0
n150,2,5,9,9,10,2,6,9,2,5,7,1,4,3,1,6,0,1,0,3,0,8,9,4,6,4,1,8,1,4,0,3,7,3,0,7,0,9,0,5,9,2,4,1,6,4,2,0,9,3,4,7,9,1,9,1,9,0,10,1,5,0,4,0,1,1,7,0,4,0
n149,2,5,9,9,10,2,6,9,2,5,7,1,4,3,0,6,0,1,0,3,7,8,9,4,6,4,1,8,1,4,1,3,7,3,0,7,7,9,8,5,9,2,4,1,6,4,2,0,0,3,4,7,9,1,9,1,9,0,10,1,5,0,4,0,1,1,7,0,4,4
n156,2,5,9,9,10,2,6,9,2,5,7,1,4,3,0,6,0,1,1,3,1,7,8,4,3,4,10,8,6,4,4,3,7,3,3,7,0,9,6,5,9,5,7,1,6,4,2,8,0,3,4,7,3,1,0,1,9,0,10,1,5,5,0,8,1,1,0,0,4,0
n155,2,5,9,9,10,2,6,9,2,5,7,1,4,3,10,6,0,1,0,3,0,7,8,4,3,4,10,8,6,4,4,3,7,3,3,7,0,9,6,5,9,5,7,1,6,4,2,8,0,3,4,7,3,1,0,1,9,0,10,1,5,0,0,8,1,1,0,0,4,0
n158,2,5,9,9,10,2,6,9,2,5,7,1,4,3,3,6,3,1,0,3,0,7,8,4,3,4,10,8,6,4,4,3,7,3,3,7,0,9,6,5,9,5,10,1,6,4,2,8,1,3,4,7,3,1,5,1,9,0,10,1,5,0,0,0,1,1,0,7,4,9
n157,2,5,9,9,10,2,6,9,2,5,7,1,4,3,8,6,3,1,0,3,0,7,8,4,3,4,10,8,6,4,4,3,7,3,3,7,0,9,6,5,9,5,0,1,6,4,2,8,0,3,4,7,3,1,0,1,9,0,10,1,5,0,0,0,1,1,0,7,4,4
n162,2,5,9,9,10,2,6,9,2,5,7,1,4,3,0,6,0,1,0,3,8,3,0,4,3,4,2,8,6,4,0,3,7,3,3,7,0,9,6,5,9,5,10,1,6,4,2,0,0,3,4,7,3,1,0,1,9,0,10,1,5,0,9,0,1,1,5,0,4,8
n161,2,5,9,9,10,2,6,9,2,5,7,1,4,3,0,6,0,1,0,3,8,3,0,4,3,4,0,8,6,4,0,3,7,3,3,7,0,9,6,5,9,5,0,1,6,4,2,0,0,3,4,7,3,1,10,1,9,0,10,1,5,0,0,2,1,1,5,7,4,8
n164,2,5,9,9,10,2,6,9,2,5,7,1,4,3,6,6,0,1,0,3,8,3,0,4,3,4,0,8,6,4,9,3,7,3,3,7,0,9,6,5,9,5,0,1,6,4,2,6,0,3,4,7,3,1,0,1,9,0,10,1,5,0,0,0,1,1,5,0,4,8
n163,2,5,9,9,10,2,6,9,2,5,7,1,4,3,6,6,0,1,0,3,8,3,10,4,3,4,1,8,6,4,9,3,7,3,3,7,0,9,6,5,9,5,2,1,6,4,2,0,0,3,4,7,3,1,0,1,9,8,10,1,5,0,0,0,1,1,5,0,4,8
n172,2,5,9,9,10,0,6,9,2,5,7,1,4,3,8,6,0,1,1,3,0,0,0,4,0,4,5,8,0,4,0,3,7,3,1,7,0,5,8,5,9,9,8,1,6,4,2,0,0,3,4,7,0,6,6,1,9,0,10,1,5,8,0,0,1,1,10,9,7,1
n171,2,5,9,9,10,0,6,9,2,5,7,1,4,3,0,6,0,1,8,3,7,0,0,4,8,4,0,8,0,4,0,3,7,3,1,7,0,5,8,5,9,9,8,1,6,4,2,0,0,3,4,7,0,6,6,1,9,0,10,1,5,8,0,3,1,1,10,9,7,1
n174,2,5,9,9,10,0,6,9,2,5,7,1,4,3,0,6,6,1,0,3,2,0,0,4,0,4,1,8,0,4,0,3,7,3,1,7,0,5,8,5,9,9,1,1,6,4,2,0,0,3,4,7,4,6,6,1,9,0,10,1,5,8,0,0,1,1,0,9,7,1
n173,2,5,9,9,10,0,6,9,2,5,7,1,4,3,0,6,6,1,0,3,2,0,0,4,0,4,0,8,0,4,0,3,7,3,1,7,0,5,8,5,9,9,1,1,6,4,2,0,0,3,4,7,4,6,6,1,9,0,10,1,5,8,0,8,1,1,0,9,7,1
n178,2,5,9,9,10,0,6,9,2,5,7,1,4,3,4,6,0,1,4,3,0,0,5,4,0,4,10,8,0,4,3,3,7,3,1,7,0,5,8,5,9,9,0,1,6,4,2,0,0,3,4,7,1,6,6,1,9,0,10,1,5,10,6,0,1,1,0,9,7,1
n177,2,5,9,9,10,0,6,9,2,5,7,1,4,3,4,6,0,1,4,3,0,0,0,4,0,4,10,8,0,4,3,3,7,3,1,7,0,5,8,5,9,9,0,1,6,4,2,0,0,3,4,7,1,6,6,1,9,0,10,1,5,10,6,0,1,1,0,9,7,1
n180,2,5,9,9,10,2,6,9,2,5,7,1,4,3,2,6,0,1,0,3,0,0,8,4,8,4,0,8,0,4,3,3,7,3,1,7,10,5,8,5,9,9,0,1,6,4,2,9,0,3,4,7,0,6,6,1,9,0,10,1,5,0,6,0,1,1,3,9,7,1
n179,2,5,9,9,10,2,6,9,2,5,7,1,4,3,2,6,0,1,0,3,8,0,0,4,8,4,4,8,0,4,3,3,7,3,1,7,9,5,8,5,9,9,0,1,6,4,2,0,0,3,4,7,0,6,6,1,9,0,10,1,5,0,6,0,1,1,0,9,7,1
n186,2,5,9,9,10,6,6,9,2,5,7,1,4,3,10,6,6,1,0,3,0,0,4,4,0,4,0,8,0,4,0,3,7,3,0,7,0,0,8,5,9,9,4,1,6,4,2,3,0,3,4,7,10,6,6,1,9,8,10,1,5,9,1,2,1,1,9,9,7,0
n185,2,5,9,9,10,6,6,9,2,5,7,1,4,3,10,6,6,1,0,3,0,0,4,4,0,4,0,8,0,4,0,3,7,3,2,7,2,0,8,5,9,9,4,1,6,4,2,3,3,3,4,7,10,6,6,1,9,8,10,1,5,9,1,0,1,1,9,9,7,0
n188,2,5,9,9,10,0,6,9,2,5,7,1,4,3,10,6,6,1,0,3,0,0,4,4,0,4,5,8,0,4,2,3,7,3,0,7,0,0,8,5,9,9,4,1,6,4,2,3,0,3,4,7,0,6,6,1,9,4,10,1,5,9,0,0,1,1,9,9,7,0
n187,2,5,9,9,10,0,6,9,2,5,7,1,4,3,10,6,6,1,0,3,4,0,4,4,2,4,0,8,0,4,0,3,7,3,0,7,0,0,8,5,9,9,4,1,6,4,2,3,0,3,4,7,0,6,6,1,9,4,10,1,5,9,0,0,1,1,9,9,7,0
n192,2,5,9,9,10,0,6,9,2,5,7,1,4,3,5,6,6,1,6,3,4,0,5,4,7,4,5,8,6,4,7,3,7,3,0,7,5,2,8,5,9,9,0,1,6,4,2,3,0,3,4,7,0,6,6,1,9,0,10,1,5,9,0,4,1,1,6,9,7,0
n191,2,5,9,9,10,6,6,9,2,5,7,1,4,3,5,6,6,1,7,3,0,10,5,4,7,4,5,8,6,4,7,3,7,3,4,7,5,2,8,5,9,9,2,1,6,4,2,3,3,3,4,7,0,6,6,1,9,8,10,1,5,9,4,4,1,1,9,9,7,8
n194,2,5,9,9,10,6,6,9,2,5,7,1,4,3,5,6,6,1,0,3,0,0,5,4,7,4,5,8,6,4,7,3,7,3,0,7,0,2,8,5,9,9,0,1,6,4,2,3,0,3,4,7,6,6,6,1,9,0,10,1,5,9,0,4,1,1,0,9,7,0
n193,2,5,9,9,10,0,6,9,2,5,7,1,4,3,5,6,6,1,0,3,0,8,5,4,7,4,5,8,6,4,7,3,7,3,5,7,2,2,8,5,9,9,0,1,6,4,2,3,0,3,4,7,6,6,6,1,9,0,10,1,5,9,0,4,1,1,8,9,7,0
n204,2,5,9,9,10,10,6,10,2,5,7,1,4,3,10,6,8,1,8,3,6,10,2,4,2,4,0,8,1,4,3,3,5,3,0,7,0,0,0,5,9,6,5,1,6,4,2,6,8,3,4,7,9,1,8,9,9,9,10,1,5,0,6,7,1,1,9,10,7,3
n203,2,5,9,9,10,10,6,0,2,5,7,1,4,3,10,6,8,1,8,3,6,10,0,4,2,4,0,8,1,4,3,3,5,3,0,7,0,0,0,5,9,6,5,1,6,4,2,6,1,3,4,7,9,1,8,9,9,9,10,1,5,0,6,7,1,1,9,10,7,3
n206,2,5,9,9,10,5,6,0,2,5,7,1,4,3,0,6,8,1,0,3,6,10,0,4,2,4,9,8,1,4,3,3,5,3,6,7,0,8,8,5,9,6,5,1,6,4,2,0,0,3,4,7,9,1,8,9,9,9,10,1,5,3,6,7,1,1,0,10,7,3
n205,2,5,9,9,10,5,6,0,2,5,7,1,4,3,0,6,8,1,0,3,6,10,0,4,2,4,4,8,1,4,3,3,5,3,0,7,0,8,0,5,9,6,5,1,6,4,2,5,4,3,4,7,9,1,8,9,9,9,10,1,5,3,6,7,1,1,0,10,7,3
n210,2,5,9,9,10,5,6,6,2,5,7,1,4,3,0,6,8,1,0,3,6,10,3,4,2,4,0,8,1,4,3,3,5,3,6,7,0,0,7,5,9,6,5,1,6,4,2,0,0,3,4,7,9,1,8,9,9,9,10,1,5,7,0,0,1,1,6,10,8,3
n209,2,5,9,9,10,0,6,6,2,5,7,1,4,3,0,6,8,1,0,3,6,10,3,4,2,4,0,8,1,4,3,3,5,3,0,7,0,0,6,5,9,6,5,1,6,4,2,0,0,3,4,7,9,1,8,9,9,9,10,1,5,7,0,0,1,1,6,10,8,3
n212,2,5,9,9,10,0,6,6,2,5,7,1,4,3,0,6,8,1,0,3,6,10,3,4,2,4,10,8,1,4,3,3,5,3,0,7,0,0,6,5,9,6,5,1,6,4,2,0,0,3,4,7,9,1,8,9,9,9,10,1,5,0,4,0,1,1,6,10,8,3
n211,2,5,9,9,10,0,6,6,2,5,7,1,4,3,0,6,8,1,0,3,6,10,3,4,2,4,0,8,1,4,3,3,5,3,0,7,0,0,0,5,9,6,5,1,6,4,2,0,2,3,4,7,9,1,8,9,9,9,10,1,5,0,0,0,1,1,6,10,8,3
n218,2,5,9,9,10,5,6,0,2,5,7,1,4,3,0,6,8,1,2,3,6,10,1,4,2,4,0,8,1,4,3,3,5,3,3,7,7,6,1,5,9,6,5,1,6,4,2,0,7,3,4,7,5,1,8,9,9,9,10,1,5,0,4,0,1,1,7,10,8,3
n217,2,5,9,9,10,5,6,6,2,5,7,1,4,3,0,6,8,1,2,3,6,10,1,4,2,4,0,8,1,4,3,3,5,3,3,7,7,0,1,5,9,6,5,1,6,4,2,0,7,3,4,7,5,1,8,9,9,9,10,1,5,0,0,0,1,1,7,10,0,3
n220,2,5,9,9,10,5,6,0,2,5,7,1,4,3,0,6,8,1,2,3,6,10,1,4,2,4,1,8,1,4,3,3,5,3,3,7,0,9,1,5,9,6,5,1,6,4,2,2,0,3,4,7,5,1,8,9,9,9,10,1,5,0,0,0,1,1,0,10,0,3
n219,2,5,9,9,10,5,6,9,2,5,7,1,4,3,0,6,8,1,2,3,6,10,1,4,2,4,1,8,1,4,3,3,5,3,3,7,5,7,1,5,9,6,5,1,6,4,2,2,0,3,4,7,5,1,8,9,9,9,10,1,5,0,0,0,1,1,0,10,0,3
n224,2,5,9,9,10,5,6,8,2,5,7,1,4,3,1,6,8,1,0,3,6,10,1,4,2,4,5,8,1,4,3,3,5,3,7,7,0,0,1,5,9,6,5,1,6,4,2,0,5,3,4,7,5,0,8,9,9,9,10,1,5,0,9,0,1,1,1,10,0,3
n223,2,5,9,9,10,5,6,0,2,5,7,1,4,3,1,6,8,1,0,3,6,10,1,4,2,4,5,8,1,4,3,3,5,3,7,7,0,0,1,5,9,6,5,1,6,4,2,0,0,3,4,7,5,8,8,9,9,9,10,1,5,0,9,0,1,1,1,10,0,3
n226,2,5,9,9,10,5,6,0,2,5,7,1,4,3,7,6,8,1,0,3,6,10,1,4,2,4,5,8,1,4,3,3,5,3,0,7,0,0,1,5,9,6,5,1,6,4,2,0,0,3,4,7,5,0,8,9,9,9,10,1,5,0,9,9,1,1,0,10,0,3
n225,2,5,9,9,10,5,6,0,2,5,7,1,4,3,7,6,8,1,0,3,6,10,1,4,2,4,5,8,1,4,3,3,5,3,4,7,0,0,1,5,9,6,5,1,6,4,2,0,0,3,4,7,5,0,8,9,9,9,10,1,5,0,9,9,1,1,3,10,0,3
n234,2,5,9,9,10,10,6,0,2,5,7,1,4,3,10,6,8,1,2,3,0,4,1,4,2,4,3,8,1,4,5,3,5,3,1,7,9,6,2,5,9,6,5,1,6,4,2,1,0,3,4,7,9,10,8,9,9,0,10,1,5,0,2,6,1,1,1,0,4,0
n233,2,5,9,9,10,0,6,3,2,5,7,1,4,3,10,6,8,1,2,3,0,4,1,4,2,4,3,8,1,4,5,3,5,3,0,7,0,0,0,5,9,6,5,1,6,4,2,1,0,3,4,7,0,10,8,9,9,0,10,1,5,0,2,0,1,1,1,0,4,0
n236,2,5,9,9,10,0,6,0,2,5,7,1,4,3,10,6,8,1,2,3,2,0,0,4,2,4,3,8,1,4,5,3,5,3,0,7,2,0,0,5,9,6,5,1,6,4,2,1,0,3,4,7,0,7,8,9,9,0,10,1,5,10,6,0,1,1,5,0,4,4
n235,2,5,9,9,10,0,6,0,2,5,7,1,4,3,10,6,8,1,2,3,9,0,0,4,2,4,3,8,1,4,5,3,5,3,0,7,2,7,0,5,9,6,5,1,6,4,2,1,2,3,4,7,0,0,8,9,9,0,10,1,5,10,6,0,1,1,5,0,4,0
n240,2,5,9,9,10,5,6,0,2,5,7,1,4,3,10,6,8,1,2,3,10,0,0,4,2,4,1,8,1,4,5,3,5,3,8,7,0,0,0,5,9,6,5,1,6,4,2,1,0,3,4,7,0,0,8,0,9,2,10,1,5,6,0,0,1,1,1,5,0,0
n239,2,5,9,9,10,5,6,5,2,5,7,1,4,3,10,6,8,1,2,3,10,0,0,4,2,4,1,8,1,4,5,3,5,3,0,7,0,5,0,5,9,6,5,1,6,4,2,1,0,3,4,7,0,2,8,0,9,2,10,1,5,0,0,0,1,1,1,5,0,0
n242,2,5,9,9,10,5,6,0,2,5,7,1,4,3,10,6,8,1,2,3,10,0,3,4,2,4,9,8,1,4,5,3,5,3,0,7,0,0,1,5,9,6,5,1,6,4,2,1,0,3,4,7,0,0,8,0,9,0,10,1,5,0,0,1,1,1,1,0,0,0
n241,2,5,9,9,10,5,6,0,2,5,7,1,4,3,10,6,8,1,2,3,10,0,3,4,2,4,0,8,1,4,5,3,5,3,7,7,0,0,0,5,9,6,5,1,6,4,2,1,0,3,4,7,0,0,8,0,9,0,10,1,5,0,0,0,1,1,1,0,0,0
n248,2,5,9,9,10,8,6,0,2,5,7,1,4,3,2,6,8,1,2,3,0,1,10,4,2,4,0,8,1,4,5,3,5,3,0,7,6,0,0,5,9,6,5,1,6,4,2,1,8,3,4,7,0,0,8,3,9,5,10,1,5,2,3,1,1,1,6,0,4,10
n247,2,5,9,9,10,9,6,0,2,5,7,1,4,3,2,6,8,1,2,3,0,0,10,4,2,4,0,8,1,4,5,3,5,3,0,7,0,0,0,5,9,6,5,1,6,4,2,1,8,3,4,7,0,0,8,3,9,5,10,1,5,6,0,1,1,1,6,0,0,10
n250,2,5,9,9,10,0,6,0,2,5,7,1,4,3,2,6,8,1,2,3,0,0,0,4,2,4,0,8,1,4,5,3,5,3,7,7,4,0,0,5,9,6,5,1,6,4,2,1,8,3,4,7,0,5,8,3,9,5,10,1,5,9,0,1,1,1,6,0,1,10
n249,2,5,9,9,10,0,6,0,2,5,7,1,4,3,2,6,8,1,2,3,0,0,10,4,2,4,0,8,1,4,5,3,5,3,0,7,5,4,0,5,9,6,5,1,6,4,2,1,8,3,4,7,0,5,8,3,9,5,10,1,5,0,10,1,1,1,6,0,1,10
n254,2,5,9,9,10,0,6,6,2,5,7,1,4,3,2,6,8,1,2,3,8,3,8,4,2,4,0,8,1,4,5,3,5,3,0,7,6,2,3,5,9,6,5,1,6,4,2,1,8,3,4,7,0,0,8,9,9,5,10,1,5,9,10,0,1,1,6,6,0,0
n253,2,5,9,9,10,0,6,7,2,5,7,1,4,3,2,6,8,1,2,3,8,0,8,4,2,4,0,8,1,4,5,3,5,3,0,7,0,2,0,5,9,6,5,1,6,4,2,1,8,3,4,7,9,0,8,9,9,5,10,1,5,9,0,0,1,1,6,6,0,0
n256,2,5,9,9,10,0,6,0,2,5,7,1,4,3,2,6,8,1,2,3,8,0,8,4,2,4,0,8,1,4,5,3,5,3,0,7,0,2,0,5,9,6,5,1,6,4,2,1,8,3,4,7,0,0,8,0,9,5,10,1,5,0,0,0,1,1,6,0,0,1
n255,2,5,9,9,10,0,6,0,2,5,7,1,4,3,2,6,8,1,2,3,8,0,8,4,2,4,6,8,1,4,5,3,5,3,4,7,2,2,0,5,9,6,5,1,6,4,2,1,8,3,4,7,0,0,8,0,9,5,10,1,5,0,4,0,1,1,6,0,0,1
n270,7,5,3,0,10,8,8,6,2,5,0,1,3,3,9,6,1,1,3,4,8,3,0,1,0,3,8,0,10,1,7,3,9,3,3,7,5,9,8,5,9,0,6,9,5,4,2,4,3,3,5,10,6,3,8,0,9,1,4,5,0,7,3,6,9,5,10,3,0,3
n269,7,5,3,0,10,8,8,6,2,5,7,1,3,3,9,6,1,1,3,4,8,3,0,1,0,3,8,0,10,1,0,3,9,3,3,7,5,9,8,5,9,4,6,9,5,4,2,4,3,3,5,10,6,3,8,0,9,1,4,5,0,7,3,6,9,5,10,3,0,3
n272,7,5,3,5,10,8,8,6,2,5,0,1,3,3,9,6,1,1,3,4,8,3,0,1,0,3,8,6,10,1,0,3,9,3,3,7,5,9,8,5,9,0,6,9,5,4,2,4,3,3,5,10,6,3,8,10,9,0,4,5,0,7,3,6,9,5,10,3,2,3
n271,7,5,3,0,10,8,8,6,2,5,0,1,3,3,9,6,1,1,3,4,8,3,0,1,0,3,8,0,10,1,0,3,9,3,3,7,5,9,8,5,9,0,6,9,5,4,2,4,3,3,5,10,6,3,8,0,9,0,4,5,7,7,3,6,9,5,10,3,2,3
n276,7,5,3,0,10,8,4,6,2,5,0,1,8,3,9,6,1,1,3,4,8,3,9,1,10,3,8,10,10,1,0,3,9,3,3,7,5,9,8,5,9,0,6,9,5,4,2,4,3,3,5,10,6,3,8,2,9,0,4,5,8,7,3,6,9,5,10,3,0,3
n275,7,5,3,10,10,8,4,6,2,5,0,1,8,3,9,6,1,1,3,4,8,3,9,1,0,3,8,0,10,1,0,3,9,3,3,7,5,9,8,5,9,0,6,9,5,4,2,4,3,3,5,10,6,3,8,2,9,0,4,5,0,7,3,6,9,5,10,3,0,3
n278,7,5,3,0,10,8,4,6,2,5,0,1,0,3,9,6,1,1,3,4,8,3,0,1,0,3,8,0,10,1,6,3,9,3,3,7,5,9,8,5,9,0,6,9,5,4,2,4,3,3,5,10,6,3,8,2,9,0,4,5,0,7,3,6,9,5,10,3,0,3
n277,7,5,3,2,10,8,4,6,2,5,0,1,6,3,9,6,1,1,3,4,8,3,6,1,0,3,8,0,10,1,0,3,9,3,3,7,5,9,8,5,9,4,6,9,5,4,2,4,3,3,5,10,6,3,8,2,9,0,4,5,0,7,3,6,9,5,10,3,0,3
n284,7,5,3,1,10,8,0,0,2,5,0,1,3,3,9,6,1,1,3,4,8,3,2,1,6,3,8,5,10,1,0,3,9,3,3,7,5,9,2,5,9,7,6,9,0,4,2,4,3,3,5,0,6,3,8,0,9,2,4,5,10,7,3,6,9,5,10,3,0,3
n283,7,5,3,6,10,8,0,0,2,5,0,1,0,3,9,6,1,1,3,4,8,3,2,1,6,3,8,0,10,1,4,3,9,3,3,7,5,9,2,5,9,7,6,9,7,4,2,4,3,3,5,0,6,3,8,9,9,0,4,5,10,7,3,6,9,5,10,3,0,3
n286,7,5,3,0,10,8,0,1,2,5,0,1,0,3,9,6,1,1,3,4,8,3,2,1,0,3,8,0,10,1,0,3,9,3,3,7,5,9,2,5,9,7,6,9,6,4,2,4,3,3,5,7,6,3,8,0,9,0,4,5,0,7,3,6,9,5,10,3,0,3
n285,7,5,3,0,10,8,0,1,2,5,0,1,0,3,9,6,1,1,3,4,8,3,2,1,0,3,8,0,10,1,0,3,9,3,3,7,5,9,2,5,9,7,6,9,0,4,2,4,3,3,5,7,6,3,8,4,9,0,4,5,0,7,3,6,9,5,10,3,0,3
n290,7,5,3,8,10,8,0,0,2,5,0,1,0,3,9,6,1,1,3,4,8,3,0,1,0,3,8,0,10,1,0,3,9,3,3,7,5,9,2,5,9,0,6,9,1,4,2,4,3,3,5,10,6,3,8,8,9,0,4,5,0,7,3,6,9,5,10,3,0,3
n289,7,5,3,8,10,8,0,5,2,5,0,1,0,3,9,6,1,1,3,4,8,3,0,1,4,3,8,0,10,1,0,3,9,3,3,7,5,9,2,5,9,0,6,9,0,4,2,4,3,3,5,10,6,3,8,0,9,0,4,5,9,7,3,6,9,5,10,3,0,3
n292,7,5,3,8,10,8,0,0,2,5,0,1,0,3,9,6,1,1,3,4,8,3,0,1,4,3,8,0,10,1,4,3,9,3,3,7,5,9,2,5,9,7,6,9,9,4,2,4,3,3,5,0,6,3,8,3,9,0,4,5,0,7,3,6,9,5,10,3,0,3
n291,7,5,3,8,10,8,0,0,2,5,0,1,0,3,9,6,1,1,3,4,8,3,4,1,0,3,8,3,10,1,6,3,9,3,3,7,5,9,2,5,9,7,6,9,9,4,2,4,3,3,5,3,6,3,8,0,9,1,4,5,0,7,3,6,9,5,10,3,0,3
n300,0,5,3,0,10,8,1,7,2,5,2,1,2,3,9,6,1,1,3,4,8,3,0,0,0,3,8,2,10,1,7,3,9,3,3,7,5,0,7,5,9,4,8,9,0,4,2,4,3,3,5,0,6,6,8,2,9,0,4,5,2,7,3,6,5,0,0,3,2,3
n299,7,5,3,0,10,8,0,7,2,5,2,1,2,3,9,6,1,1,3,4,8,3,5,3,0,3,8,2,10,1,7,3,9,3,3,7,5,0,7,5,9,4,8,9,0,4,2,4,3,3,5,0,6,6,8,2,9,0,4,5,2,7,3,6,5,0,0,3,0,3
n302,0,5,3,0,10,8,7,0,2,5,2,1,2,3,9,6,1,1,3,4,8,3,0,10,0,3,8,0,10,1,7,3,9,3,3,7,5,0,7,5,9,4,0,9,0,4,2,4,3,3,5,0,6,6,8,0,9,1,4,5,2,7,3,6,5,0,0,3,9,3
n301,4,5,3,0,10,8,0,0,2,5,2,1,2,3,9,6,1,1,3,4,8,3,0,0,0,3,8,7,10,1,7,3,9,3,3,7,5,0,7,5,9,4,0,9,0,4,2,4,3,3,5,0,6,6,8,0,9,0,4,5,2,7,3,6,5,0,0,3,9,3
n306,0,5,3,0,10,8,0,0,2,5,2,1,2,3,9,6,1,1,3,4,8,3,7,0,4,3,8,0,10,1,7,3,9,3,3,7,5,0,10,5,9,5,0,9,3,4,2,4,3,3,5,0,6,6,8,0,9,0,4,5,2,7,3,6,5,0,0,3,0,3
n305,5,5,3,2,10,8,0,0,2,5,2,1,2,3,9,6,1,1,3,4,8,3,7,0,4,3,8,6,10,1,7,3,9,3,3,7,5,0,10,5,9,5,0,9,3,4,2,4,3,3,5,0,6,6,8,0,9,0,4,5,2,7,3,6,5,0,0,3,0,3
n308,2,5,3,0,10,8,9,0,2,5,2,1,2,3,9,6,1,1,3,4,8,3,7,3,0,3,8,0,10,1,7,3,9,3,3,7,5,0,10,5,9,0,0,9,3,4,2,4,3,3,5,0,6,6,8,5,9,0,4,5,2,7,3,6,5,0,0,3,8,3
n307,2,5,3,0,10,8,0,0,2,5,2,1,2,3,9,6,1,1,3,4,8,3,7,0,0,3,8,0,10,1,7,3,9,3,3,7,5,0,10,5,9,0,0,9,3,4,2,4,3,3,5,1,6,6,8,5,9,0,4,5,2,7,3,6,5,0,0,3,8,3
n314,4,5,3,1,10,8,0,0,2,5,3,1,6,3,9,6,1,1,3,4,8,3,1,6,5,3,8,10,10,1,7,3,9,3,3,7,5,10,0,5,9,0,0,9,8,4,2,4,3,3,8,4,6,6,8,0,9,0,4,5,8,7,3,6,4,8,1,3,0,3
n313,4,5,3,1,10,8,0,3,2,5,3,1,6,3,9,6,1,1,3,4,8,3,1,6,5,3,8,10,10,1,7,3,9,3,3,7,5,10,0,5,9,0,0,9,8,4,2,4,3,3,8,4,6,6,8,0,9,5,4,5,8,7,3,6,4,8,1,3,0,3
n316,4,5,3,1,10,8,0,0,2,5,3,1,6,3,9,6,1,1,3,4,8,3,1,6,5,3,8,10,10,1,7,3,9,3,3,7,5,0,8,5,9,4,0,9,8,4,2,4,3,3,0,4,6,6,8,6,9,0,4,5,8,7,3,6,10,8,0,3,0,3
n315,4,5,3,1,10,8,0,0,2,5,3,1,0,3,9,6,1,1,3,4,8,3,1,6,5,3,8,10,10,1,7,3,9,3,3,7,5,5,0,5,9,4,0,9,8,4,2,4,3,3,0,4,6,6,8,6,9,0,4,5,8,7,3,6,10,8,0,3,7,3
n320,4,5,3,1,10,8,10,0,2,5,8,1,0,3,9,6,1,1,3,4,8,3,1,10,5,3,8,0,10,1,7,3,9,3,3,7,5,0,1,5,9,7,0,9,8,4,2,4,3,3,0,0,6,6,8,2,9,2,4,5,8,7,3,6,6,0,0,3,10,3
n319,4,5,3,1,10,8,10,0,2,5,8,1,0,3,9,6,1,1,3,4,8,3,1,10,5,3,8,0,10,1,7,3,9,3,3,7,5,0,1,5,9,7,0,9,8,4,2,4,3,3,9,0,6,6,8,0,9,2,4,5,8,7,3,6,6,0,0,3,10,3
n322,4,5,3,1,10,8,10,0,2,5,0,1,0,3,9,6,1,1,3,4,8,3,1,2,5,3,8,0,10,1,7,3,9,3,3,7,5,6,1,5,9,7,6,9,8,4,2,4,3,3,8,0,6,6,8,0,9,1,4,5,8,7,3,6,1,10,0,3,10,3
n321,4,5,3,1,10,8,10,7,2,5,0,1,4,3,9,6,1,1,3,4,8,3,1,8,5,3,8,0,10,1,7,3,9,3,3,7,5,6,1,5,9,7,7,9,8,4,2,4,3,3,8,0,6,6,8,7,9,0,4,5,8,7,3,6,1,0,0,3,10,3
n332,3,5,3,1,10,8,8,5,2,5,2,1,10,3,9,6,1,1,3,4,7,3,2,0,10,3,8,0,10,1,0,3,9,3,3,7,5,8,3,5,9,4,9,0,9,4,2,4,0,3,8,7,6,0,8,4,9,1,10,5,6,7,3,6,0,0,0,3,0,3
n331,3,5,3,1,10,8,8,5,2,5,2,1,10,3,9,6,1,1,3,4,7,3,2,0,10,3,8,0,10,1,0,3,9,3,3,7,5,8,3,5,9,4,9,0,9,4,2,4,0,3,8,0,6,0,8,4,9,1,10,5,6,7,3,6,10,10,0,3,4,3
n334,3,5,3,1,10,8,8,5,2,5,2,1,10,3,9,6,1,1,3,4,7,3,2,0,10,3,8,9,10,1,0,3,9,3,3,7,5,0,5,5,9,4,3,0,9,4,2,4,0,3,8,0,6,6,8,4,9,1,10,5,6,7,3,6,0,5,0,3,0,3
n333,3,5,3,1,10,8,8,5,2,5,2,1,10,3,9,6,1,1,3,4,7,3,2,0,10,3,8,0,10,1,0,3,9,3,3,7,5,0,5,5,9,4,0,3,9,4,2,4,5,3,8,0,6,6,8,4,9,1,10,5,6,7,3,6,4,0,0,3,9,3
n338,3,5,3,1,10,8,8,4,2,5,0,1,10,3,9,6,1,1,3,4,7,3,2,0,10,3,8,5,10,1,0,3,9,3,3,7,5,0,0,5,9,4,0,0,9,4,2,4,0,3,8,9,6,0,8,0,9,10,0,5,6,7,3,6,8,0,0,3,0,3
n337,3,5,3,1,10,8,8,4,2,5,0,1,10,3,9,6,1,1,3,4,7,3,2,0,10,3,8,9,10,1,0,3,9,3,3,7,5,7,0,5,9,4,0,2,9,4,2,4,0,3,8,9,6,2,8,0,9,10,0,5,6,7,3,6,8,0,0,3,0,3
n340,3,5,3,1,10,8,8,0,2,5,0,1,10,3,9,6,1,1,3,4,7,3,2,0,10,3,8,3,10,1,9,3,9,3,3,7,5,0,0,5,9,4,5,0,9,4,2,4,0,3,8,9,6,0,8,0,9,0,0,5,6,7,3,6,0,0,6,3,2,3
n339,3,5,3,1,10,8,8,0,2,5,0,1,10,3,9,6,1,1,3,4,7,3,2,0,10,3,8,3,10,1,9,3,9,3,3,7,5,0,2,5,9,4,5,0,9,4,2,4,9,3,8,9,6,0,8,2,9,0,0,5,6,7,3,6,10,0,0,3,0,3
n346,0,5,3,1,10,8,8,2,2,5,2,1,10,3,9,6,1,1,3,4,7,3,0,0,10,3,8,10,10,1,0,3,9,3,3,7,5,8,0,5,9,4,0,0,8,4,2,4,0,3,8,9,6,0,8,0,9,0,0,5,9,7,3,6,1,3,10,3,0,3
n345,0,5,3,1,10,8,8,2,2,5,2,1,10,3,9,6,1,1,3,4,7,3,6,0,10,3,8,10,10,1,0,3,9,3,3,7,5,8,6,5,9,4,0,0,8,4,2,4,0,3,8,9,6,0,8,0,9,9,0,5,9,7,3,6,1,3,10,3,5,3
n348,0,5,3,1,10,8,8,0,2,5,2,1,10,3,9,6,1,1,3,4,7,3,8,0,10,3,8,10,10,1,7,3,9,3,3,7,5,8,9,5,9,4,0,0,7,4,2,4,0,3,8,9,6,7,8,0,9,0,6,5,9,7,3,6,0,3,10,3,0,3
n347,0,5,3,1,10,8,8,0,2,5,2,1,10,3,9,6,1,1,3,4,7,3,8,0,10,3,8,10,10,1,0,3,9,3,3,7,5,8,9,5,9,4,0,0,0,4,2,4,0,3,8,9,6,0,8,0,9,0,0,5,9,7,3,6,0,3,10,3,0,3
n352,0,5,3,1,10,8,8,8,2,5,0,1,10,3,9,6,1,1,3,4,7,3,0,1,10,3,8,10,10,1,0,3,9,3,3,7,5,8,0,5,9,4,1,10,0,4,2,4,0,3,8,9,6,0,8,1,9,8,2,5,6,7,3,6,2,3,10,3,9,3
n351,0,5,3,1,10,8,8,0,2,5,0,1,10,3,9,6,1,1,3,4,7,3,0,1,10,3,8,10,10,1,7,3,9,3,3,7,5,8,0,5,9,4,1,10,4,4,2,4,0,3,8,9,6,2,8,1,9,8,2,5,0,7,3,6,0,3,10,3,9,3
n354,0,5,3,1,10,8,8,0,2,5,0,1,10,3,9,6,1,1,3,4,7,3,0,1,10,3,8,10,10,1,10,3,9,3,3,7,5,8,0,5,9,4,8,0,7,4,2,4,0,3,8,9,6,3,8,1,9,8,2,5,7,7,3,6,0,3,10,3,7,3
n353,0,5,3,1,10,8,8,0,2,5,0,1,10,3,9,6,1,1,3,4,7,3,8,1,10,3,8,10,10,1,10,3,9,3,3,7,5,8,0,5,9,4,7,5,7,4,2,4,0,3,8,9,6,3,8,1,9,8,2,5,7,7,3,6,0,3,10,3,7,3
n362,9,5,3,4,10,8,0,8,2,5,3,1,4,3,9,6,1,1,3,4,0,3,1,3,10,3,8,1,10,1,3,3,9,3,3,7,5,0,3,5,9,0,3,0,0,4,2,4,8,3,8,0,6,0,8,0,9,8,0,5,0,7,3,6,3,0,10,3,7,3
n361,9,5,3,4,10,8,10,8,2,5,3,1,4,3,9,6,1,1,3,4,0,3,0,3,10,3,8,1,10,1,3,3,9,3,3,7,5,0,0,5,9,0,0,0,0,4,2,4,8,3,8,0,6,0,8,0,9,8,0,5,0,7,3,6,3,0,10,3,7,3
n364,9,5,3,4,10,8,9,0,2,5,3,1,4,3,9,6,1,1,3,4,3,3,10,5,10,3,8,1,10,1,3,3,9,3,3,7,5,0,0,5,9,0,8,0,3,4,2,4,8,3,8,0,6,0,8,0,9,8,9,5,4,7,3,6,8,0,10,3,7,3
n363,9,5,3,4,10,8,9,0,2,5,3,1,4,3,9,6,1,1,3,4,3,3,10,5,10,3,8,1,10,1,3,3,9,3,3,7,5,0,0,5,9,0,8,0,3,4,2,4,8,3,8,0,6,0,8,0,9,8,0,5,4,7,3,6,0,0,10,3,7,3
n368,9,5,3,4,10,8,0,0,2,5,3,1,4,3,9,6,1,1,3,4,0,3,9,9,10,3,8,10,10,1,3,3,9,3,3,7,5,0,0,5,9,0,0,0,0,4,2,4,8,3,8,10,6,10,8,8,9,8,0,5,0,7,3,6,3,0,10,3,0,3
n367,9,5,3,4,10,8,0,0,2,5,3,1,4,3,9,6,1,1,3,4,0,3,0,9,10,3,8,10,10,1,3,3,9,3,3,7,5,6,0,5,9,7,0,0,0,4,2,4,8,3,8,7,6,7,8,8,9,8,0,5,0,7,3,6,3,0,10,3,0,3
n370,9,5,3,4,10,8,0,0,2,5,3,1,4,3,9,6,1,1,3,4,3,3,0,5,10,3,8,0,10,1,3,3,9,3,3,7,5,6,3,5,9,0,0,0,2,4,2,4,8,3,8,8,6,0,8,8,9,8,0,5,0,7,3,6,7,0,10,3,0,3
n369,9,5,3,4,10,8,0,0,2,5,3,1,4,3,9,6,1,1,3,4,3,3,0,5,10,3,8,0,10,1,3,3,9,3,3,7,5,0,9,5,9,0,9,0,2,4,2,4,8,3,8,0,6,0,8,8,9,8,0,5,4,7,3,6,7,0,10,3,0,3
n376,8,5,3,0,10,8,0,1,2,5,9,1,4,3,9,6,1,1,3,4,0,3,0,10,10,3,8,0,10,1,6,3,9,3,3,7,5,9,0,5,9,5,0,1,8,4,2,4,8,3,8,0,6,9,8,1,9,2,1,5,5,7,3,6,5,2,10,3,1,3
n375,0,5,3,9,10,8,0,1,2,5,9,1,4,3,9,6,1,1,3,4,0,3,1,10,10,3,8,0,10,1,6,3,9,3,3,7,5,9,0,5,9,5,7,1,8,4,2,4,8,3,8,0,6,9,8,1,9,2,1,5,5,7,3,6,5,2,10,3,1,3
n378,9,5,3,0,10,8,0,1,2,5,9,1,4,3,9,6,1,1,3,4,0,3,4,10,10,3,8,0,10,1,0,3,9,3,3,7,5,9,10,5,9,5,2,1,8,4,2,4,8,3,8,0,6,9,8,1,9,2,1,5,5,7,3,6,0,2,10,3,1,3
n377,0,5,3,6,10,8,0,1,2,5,9,1,4,3,9,6,1,1,3,4,0,3,0,10,10,3,8,0,10,1,0,3,9,3,3,7,5,9,0,5,9,5,2,1,8,4,2,4,8,3,8,5,6,9,8,1,9,2,1,5,5,7,3,6,0,2,10,3,1,3
n382,0,5,3,0,10,8,0,1,2,5,9,1,4,3,9,6,1,1,3,4,0,3,9,10,10,3,8,0,10,1,6,3,9,3,3,7,5,9,10,5,9,6,6,0,8,4,2,4,8,3,8,0,6,1,8,0,9,0,1,5,5,7,3,6,0,2,10,3,1,3
n381,0,5,3,0,10,8,0,1,2,5,9,1,4,3,9,6,1,1,3,4,0,3,9,10,10,3,8,0,10,1,6,3,9,3,3,7,5,9,10,5,9,6,6,0,8,4,2,4,8,3,8,0,6,1,8,0,9,0,1,5,5,7,3,6,0,2,10,3,1,3
n384,0,5,3,9,10,8,0,1,2,5,9,1,4,3,9,6,1,1,3,4,0,3,9,10,10,3,8,0,10,1,6,3,9,3,3,7,5,9,10,5,9,0,6,3,8,4,2,4,8,3,8,0,6,1,8,0,9,9,1,5,5,7,3,6,0,2,10,3,1,3
n383,0,5,3,9,10,8,0,1,2,5,9,1,4,3,9,6,1,1,3,4,0,3,9,10,10,3,8,0,10,1,6,3,9,3,3,7,5,9,10,5,9,0,6,3,8,4,2,4,8,3,8,3,6,1,8,0,9,0,1,5,5,7,3,6,0,2,10,3,1,3
n396,4,5,3,0,10,8,0,2,2,5,1,1,7,3,9,6,1,1,3,4,1,8,4,1,4,3,0,2,10,1,0,3,9,3,10,7,5,0,5,5,9,0,0,1,2,4,2,0,1,3,0,3,2,0,8,2,9,8,8,0,10,8,3,6,0,5,3,3,6,3
n395,4,5,3,6,10,8,0,2,2,5,1,1,7,3,9,6,1,1,3,4,1,8,4,1,4,3,3,2,10,1,0,3,9,3,0,7,5,1,5,5,9,0,0,1,0,4,2,5,1,3,0,3,2,0,8,2,9,8,8,0,10,8,3,6,0,5,3,3,6,3
n398,4,5,3,0,10,8,0,2,2,5,1,1,7,3,9,6,1,1,3,4,1,8,4,1,4,3,0,2,10,1,7,3,9,3,6,7,5,0,5,5,9,0,0,1,5,4,2,0,1,3,0,3,2,0,8,2,9,8,8,0,10,8,3,6,0,5,3,3,6,3
n397,4,5,3,0,10,8,0,2,2,5,1,1,7,3,9,6,1,1,3,4,1,8,4,1,4,3,0,2,10,1,9,3,9,3,1,7,5,0,5,5,9,0,5,1,0,4,2,0,1,3,0,3,2,0,8,2,9,8,8,0,10,8,3,6,0,5,3,3,6,3
n402,4,5,3,5,10,8,6,0,2,5,1,1,7,3,9,6,1,1,3,4,1,0,9,1,4,3,2,2,10,1,5,3,9,3,5,7,5,1,10,5,9,1,0,1,10,4,2,0,1,3,0,3,2,0,8,2,9,0,8,0,8,8,3,6,0,5,3,3,6,3
n401,4,5,3,0,10,8,6,0,2,5,1,1,7,3,9,6,1,1,3,4,1,0,0,1,4,3,0,2,10,1,0,3,0,3,0,7,5,1,10,5,9,1,0,1,10,4,2,0,1,3,0,3,2,5,8,2,9,0,8,0,8,8,3,6,0,5,3,3,6,3
n404,4,5,3,5,10,8,6,0,2,5,1,1,7,3,9,6,1,1,3,4,1,0,0,1,4,3,7,2,10,1,0,3,0,3,0,7,5,0,0,5,9,1,0,1,10,4,2,0,1,3,0,3,2,7,8,2,9,5,8,0,0,8,3,6,0,5,3,3,6,3
n403,4,5,3,5,10,8,6,2,2,5,1,1,7,3,9,6,1,1,3,4,1,0,0,1,4,3,7,2,10,1,0,3,0,3,0,7,5,0,0,5,9,1,0,1,10,4,2,0,1,3,1,3,2,0,8,2,9,0,8,0,0,8,3,6,0,5,3,3,6,3
n410,4,5,3,7,10,8,6,0,2,5,1,1,7,3,9,6,1,1,3,4,0,7,1,1,4,3,0,2,10,1,3,3,0,3,1,7,5,5,0,5,9,8,3,1,0,4,2,9,3,3,0,3,7,7,8,2,9,0,8,0,0,8,3,6,0,5,3,3,6,3
n409,4,5,3,7,10,8,6,0,2,5,1,1,7,3,9,6,1,1,3,4,0,7,1,1,4,3,0,2,10,1,3,3,7,3,1,7,5,5,0,5,9,8,0,1,0,4,2,9,3,3,8,3,0,7,8,2,9,0,8,0,9,8,3,6,0,5,3,3,6,3
n412,4,5,3,7,10,8,6,0,2,5,1,1,7,3,9,6,1,1,3,4,0,7,0,1,4,3,0,2,10,1,4,3,9,3,0,7,5,0,4,5,9,8,0,1,0,4,2,9,3,3,0,3,0,7,8,2,9,0,8,0,7,8,3,6,1,5,3,3,6,3
n411,4,5,3,7,10,8,6,8,2,5,1,1,7,3,9,6,1,1,3,4,0,7,0,1,4,3,0,2,10,1,4,3,0,3,0,7,5,0,4,5,9,8,0,1,0,4,2,9,3,3,0,3,0,7,8,2,9,0,8,4,7,8,3,6,0,5,3,3,6,3
n416,4,5,3,4,10,8,0,0,2,5,1,1,7,3,9,6,1,1,3,4,9,7,3,1,4,3,4,2,10,1,8,3,3,3,6,7,5,0,10,5,9,4,0,1,0,4,2,9,3,3,6,3,0,7,8,2,9,9,8,0,8,8,3,6,3,5,3,3,6,3
n415,4,5,3,0,10,8,0,0,2,5,1,1,7,3,9,6,1,1,3,4,0,7,3,1,4,3,4,2,10,1,8,3,3,3,6,7,5,1,10,5,9,4,0,1,5,4,2,9,3,3,6,3,0,7,8,2,9,0,8,0,8,8,3,6,3,5,3,3,6,3
n418,4,5,3,2,10,8,7,0,2,5,1,1,7,3,9,6,1,1,3,4,0,7,3,1,4,3,4,2,10,1,8,3,3,3,6,7,5,0,10,5,9,4,0,1,0,4,2,9,3,3,6,3,2,7,8,2,9,0,8,1,8,8,3,6,1,5,3,3,6,3
n417,4,5,3,0,10,8,0,0,2,5,1,1,7,3,9,6,1,1,3,4,0,7,3,1,4,3,4,2,10,1,8,3,3,3,6,7,5,0,10,5,9,4,5,1,0,4,2,9,3,3,6,3,2,7,8,2,9,0,8,1,8,8,3,6,1,5,3,3,6,3
n426,4,5,3,10,10,8,8,6,2,5,1,1,7,3,9,6,1,1,3,4,0,7,8,1,4,3,0,2,10,1,0,3,7,3,5,7,5,7,0,5,9,5,4,1,9,4,2,5,0,3,10,2,0,0,8,0,9,5,8,7,5,8,3,6,3,5,3,3,6,3
n425,4,5,3,10,10,8,8,6,2,5,1,1,7,3,9,6,1,1,3,4,0,7,8,1,4,3,0,2,10,1,0,3,7,3,10,7,5,7,0,5,9,5,4,1,9,4,2,5,7,3,10,2,0,0,8,10,9,5,8,7,5,8,3,6,3,5,3,3,6,3
n428,4,5,3,10,10,8,8,6,2,5,1,1,7,3,9,6,1,1,3,4,0,7,8,1,4,3,8,2,10,1,0,3,7,3,10,7,5,7,0,5,9,5,2,1,8,4,2,5,0,3,0,0,0,0,8,5,9,5,8,7,5,8,3,6,3,5,3,3,6,3
n427,4,5,3,10,10,8,8,6,2,5,1,1,7,3,9,6,1,1,3,4,0,7,8,1,4,3,8,2,10,1,0,3,7,3,10,7,5,7,2,5,9,5,0,1,8,4,2,5,0,3,9,0,0,0,8,0,9,5,8,7,5,8,3,6,3,5,3,3,6,3
n432,4,5,3,10,10,8,8,6,2,5,1,1,7,3,9,6,1,1,3,4,0,7,5,1,4,3,5,2,10,1,0,3,7,3,10,7,5,5,0,5,9,0,0,1,0,4,2,5,1,3,0,3,5,0,8,0,9,0,8,7,5,8,3,6,3,5,3,3,6,3
n431,4,5,3,10,10,8,8,6,2,5,1,1,7,3,9,6,1,1,3,4,0,7,5,1,4,3,5,2,10,1,0,3,7,3,10,7,5,5,0,5,9,10,0,1,0,4,2,5,1,3,0,3,5,0,8,0,9,0,8,7,5,8,3,6,3,5,3,3,6,3
n434,4,5,3,10,10,8,8,6,2,5,1,1,7,3,9,6,1,1,3,4,0,7,5,1,4,3,5,2,10,1,0,3,7,3,10,7,5,0,10,5,9,10,0,1,3,4,2,5,1,3,0,3,2,0,8,0,9,0,8,7,5,8,3,6,3,5,3,3,6,3
n433,4,5,3,10,10,8,8,6,2,5,1,1,7,3,9,6,1,1,3,4,0,7,5,1,4,3,5,2,10,1,0,3,7,3,10,7,5,0,0,5,9,10,0,1,3,4,2,5,1,3,0,3,7,0,8,0,9,0,8,7,5,8,3,6,3,5,3,3,6,3
n440,4,5,3,10,10,8,0,6,2,5,1,1,7,3,9,6,1,1,3,4,0,3,0,1,4,3,10,2,10,1,0,3,0,3,3,7,5,0,0,5,9,8,0,1,5,4,2,5,5,3,0,1,6,6,8,6,9,7,8,5,8,8,3,6,3,5,3,3,6,3
n439,4,5,3,10,10,8,0,6,2,5,1,1,7,3,9,6,1,1,3,4,0,3,10,1,4,3,0,2,10,1,0,3,0,3,0,7,5,0,0,5,9,8,0,1,5,4,2,5,5,3,0,1,0,6,8,6,9,7,8,5,8,8,3,6,3,5,3,3,6,3
n442,4,5,3,10,10,8,0,6,2,5,1,1,7,3,9,6,1,1,3,4,0,0,4,1,4,3,0,2,10,1,0,3,0,3,0,7,5,0,0,5,9,9,0,1,5,4,2,5,5,3,5,1,0,6,8,6,9,7,8,5,3,8,3,6,3,5,3,3,6,3
n441,4,5,3,10,10,8,0,6,2,5,1,1,7,3,9,6,1,1,3,4,0,0,0,1,4,3,5,2,10,1,7,3,0,3,0,7,5,0,0,5,9,9,0,1,5,4,2,5,5,3,0,1,0,6,8,6,9,7,8,5,0,8,3,6,3,5,3,3,6,3
n446,4,5,3,10,10,8,0,6,2,5,1,1,7,3,9,6,1,1,3,4,3,10,0,1,4,3,0,2,10,1,0,3,2,3,9,7,5,4,0,5,9,0,6,1,5,4,2,5,6,3,0,1,0,6,8,6,9,7,8,5,10,8,3,6,3,5,3,3,6,3
n445,4,5,3,10,10,8,0,6,2,5,1,1,7,3,9,6,1,1,3,4,1,10,0,1,4,3,0,2,10,1,0,3,2,3,0,7,5,4,0,5,9,0,6,1,5,4,2,5,6,3,0,1,0,6,8,6,9,7,8,5,8,8,3,6,3,5,3,3,6,3
n448,4,5,3,10,10,8,0,6,2,5,1,1,7,3,9,6,1,1,3,4,0,10,10,1,4,3,10,2,10,1,2,3,0,3,8,7,5,4,6,5,9,0,6,1,5,4,2,5,6,3,0,1,6,6,8,6,9,7,8,5,0,8,3,6,3,5,3,3,6,3
n447,4,5,3,10,10,8,0,6,2,5,1,1,7,3,9,6,1,1,3,4,0,10,10,1,4,3,0,2,10,1,2,3,0,3,0,7,5,4,0,5,9,0,6,1,5,4,2,5,6,3,0,1,6,6,8,6,9,7,8,5,0,8,3,6,3,5,3,3,6,3
n458,4,5,3,4,10,8,0,10,2,5,1,1,7,3,9,6,1,1,3,4,8,9,5,1,4,3,0,2,10,1,0,3,3,3,8,7,5,2,10,5,9,0,2,0,5,4,2,10,2,3,4,0,5,4,8,0,9,0,10,10,3,8,3,6,8,2,7,3,6,3
n457,4,5,3,4,10,8,4,10,2,5,1,1,7,3,9,6,1,1,3,4,8,9,0,1,4,3,0,2,10,1,0,3,3,3,8,7,5,2,10,5,9,0,2,0,5,4,2,0,2,3,4,0,5,4,8,9,9,0,10,2,3,8,3,6,8,2,7,3,6,3
n460,4,5,3,4,10,8,0,10,2,5,1,1,7,3,9,6,1,1,3,4,0,9,0,1,4,3,0,2,10,1,0,3,3,3,8,7,5,2,10,5,9,0,2,1,5,4,2,0,2,3,4,0,5,4,8,0,9,8,10,0,3,8,3,6,8,0,7,3,6,3
n459,4,5,3,4,10,8,0,10,2,5,1,1,7,3,9,6,1,1,3,4,10,9,0,1,4,3,0,2,10,1,0,3,3,3,8,7,5,2,10,5,9,0,2,1,5,4,2,0,2,3,4,10,5,4,8,0,9,0,10,0,3,8,3,6,8,7,7,3,6,3
n464,4,5,3,4,10,8,8,10,2,5,1,1,7,3,9,6,1,1,3,4,1,9,3,1,4,3,0,2,10,1,0,3,3,3,8,7,5,2,10,5,9,0,2,0,5,4,2,9,2,3,4,7,5,4,8,0,9,10,10,6,3,8,3,6,8,0,7,3,6,3
n463,4,5,3,4,10,8,0,10,2,5,1,1,7,3,9,6,1,1,3,4,1,9,0,1,4,3,0,2,10,1,0,3,3,3,8,7,5,2,10,5,9,0,2,0,5,4,2,9,2,3,4,7,5,4,8,0,9,10,10,6,3,8,3,6,8,0,7,3,6,3
n466,4,5,3,4,10,8,9,10,2,5,1,1,7,3,9,6,1,1,3,4,10,9,5,1,4,3,0,2,10,1,0,3,3,3,8,7,5,2,10,5,9,0,2,0,5,4,2,9,2,3,4,0,5,4,8,0,9,10,10,7,3,8,3,6,8,0,7,3,6,3
n465,4,5,3,4,10,8,9,10,2,5,1,1,7,3,9,6,1,1,3,4,0,9,5,1,4,3,0,2,10,1,0,3,3,3,8,7,5,2,10,5,9,0,2,0,5,4,2,9,2,3,4,3,5,4,8,0,9,10,10,7,3,8,3,6,8,5,7,3,6,3
n472,0,5,3,5,10,8,8,0,2,5,1,1,7,3,9,6,1,1,3,4,9,9,2,1,4,3,5,6,10,1,0,3,3,3,6,7,5,2,10,5,9,7,2,2,5,4,2,9,2,3,5,6,0,4,8,8,9,5,10,6,3,8,3,6,8,8,10,3,6,3
n471,0,5,3,5,10,8,8,0,2,5,1,1,7,3,9,6,1,1,3,4,9,9,2,1,4,3,5,6,10,1,0,3,3,3,6,7,5,2,0,5,9,7,2,2,5,4,2,9,2,3,0,0,0,4,8,8,9,0,10,6,3,8,3,6,8,8,10,3,6,3
n474,0,5,3,7,10,8,6,0,2,5,1,1,7,3,9,6,1,1,3,4,0,9,2,1,4,3,5,6,10,1,3,3,3,3,0,7,5,2,1,5,9,2,2,0,5,4,2,9,2,3,0,8,0,4,8,8,9,0,10,6,3,8,3,6,8,8,10,3,6,3
n473,0,5,3,7,10,8,0,0,2,5,1,1,7,3,9,6,1,1,3,4,0,9,2,1,4,3,5,6,10,1,3,3,3,3,0,7,5,2,0,5,9,0,2,0,5,4,2,9,2,3,0,8,0,4,8,8,9,0,10,6,3,8,3,6,8,8,10,3,6,3
n478,10,5,3,7,10,8,0,0,2,5,1,1,7,3,9,6,1,1,3,4,0,9,2,1,4,3,5,0,10,1,0,3,3,3,9,7,5,2,0,5,9,0,2,0,5,4,2,3,2,3,3,0,0,4,8,8,9,3,10,0,3,8,3,6,8,0,10,3,6,3
n477,0,5,3,7,10,8,0,0,2,5,1,1,7,3,9,6,1,1,3,4,9,9,2,1,4,3,5,0,10,1,0,3,3,3,0,7,5,2,3,5,9,0,2,0,5,4,2,8,2,3,0,0,0,4,8,8,9,3,10,0,3,8,3,6,8,0,10,3,6,3
n480,6,5,3,7,10,8,0,0,2,5,1,1,7,3,9,6,1,1,3,4,0,9,2,1,4,3,5,2,10,1,0,3,3,3,0,7,5,2,0,5,9,0,2,0,5,4,2,0,2,3,0,0,5,4,8,8,9,4,10,0,3,8,3,6,8,0,10,3,6,3
n479,0,5,3,7,10,8,0,0,2,5,1,1,7,3,9,6,1,1,3,4,0,9,2,1,4,3,5,7,10,1,0,3,3,3,4,7,5,2,0,5,9,0,2,0,5,4,2,0,2,3,0,0,5,4,8,8,9,4,10,0,3,8,3,6,8,6,10,3,6,3
n488,0,5,3,7,10,8,10,5,2,5,1,1,7,3,9,6,1,1,3,4,8,6,9,1,4,3,9,0,10,1,4,3,3,3,9,7,5,0,6,5,9,0,5,7,8,4,2,8,2,3,7,10,4,0,8,0,9,9,10,0,3,8,3,6,0,6,3,3,6,3
n487,0,5,3,6,10,8,0,5,2,5,1,1,7,3,9,6,1,1,3,4,0,0,9,1,4,3,9,0,10,1,4,3,3,3,9,7,5,0,6,5,9,0,0,7,8,4,2,8,2,3,7,0,0,0,8,9,9,9,10,9,3,8,3,6,4,6,3,3,6,3
n490,0,5,3,0,10,8,0,5,2,5,1,1,7,3,9,6,1,1,3,4,0,0,8,1,4,3,9,0,10,1,4,3,3,3,9,7,5,1,6,5,9,0,0,7,4,4,2,8,2,3,7,0,0,0,8,0,9,9,10,3,3,8,3,6,7,6,3,3,6,3
n489,7,5,3,0,10,8,0,5,2,5,1,1,7,3,9,6,1,1,3,4,0,0,0,1,4,3,9,0,10,1,4,3,3,3,9,7,5,1,0,5,9,0,9,7,0,4,2,8,2,3,7,0,2,4,8,0,9,9,10,3,3,8,3,6,7,6,3,3,6,3
n494,0,5,3,0,10,8,0,5,2,5,1,1,7,3,9,6,1,1,3,4,4,0,0,1,4,3,9,0,10,1,4,3,3,3,9,7,5,6,7,5,9,0,6,10,0,4,2,8,2,3,0,0,0,0,8,5,9,0,10,10,3,8,3,6,0,1,3,3,6,3
n493,0,5,3,0,10,8,10,5,2,5,1,1,7,3,9,6,1,1,3,4,1,0,6,1,4,3,9,10,10,1,4,3,3,3,9,7,5,6,0,5,9,0,6,0,0,4,2,8,2,3,0,0,0,0,8,6,9,0,10,10,3,8,3,6,0,1,3,3,6,3
n496,0,5,3,0,10,8,0,5,2,5,1,1,7,3,9,6,1,1,3,4,0,0,7,1,4,3,9,2,10,1,4,3,3,3,9,7,5,6,0,5,9,0,6,0,7,4,2,8,2,3,0,4,0,0,8,0,9,0,10,0,3,8,3,6,0,0,3,3,6,3
n495,0,5,3,0,10,8,0,5,2,5,1,1,7,3,9,6,1,1,3,4,0,0,7,1,4,3,9,0,10,1,4,3,3,3,9,7,5,6,7,5,9,0,6,0,7,4,2,8,2,3,0,4,0,0,8,0,9,6,10,0,3,8,3,6,0,0,3,3,6,3
n502,9,5,3,7,10,8,8,5,2,5,1,1,7,3,9,6,1,1,3,4,0,2,7,1,4,3,9,1,10,1,4,3,3,3,9,7,5,0,0,5,9,0,7,8,1,4,2,8,2,3,2,6,5,3,8,0,9,10,10,0,3,8,3,6,7,0,1,3,6,3
n501,0,5,3,7,10,8,8,5,2,5,1,1,7,3,9,6,1,1,3,4,0,2,0,1,4,3,9,1,10,1,4,3,3,3,9,7,5,7,0,5,9,0,7,8,0,4,2,8,2,3,2,6,5,3,8,0,9,10,10,0,3,8,3,6,7,0,1,3,6,3
n504,0,5,3,7,10,8,0,5,2,5,1,1,7,3,9,6,1,1,3,4,9,2,4,1,4,3,9,1,10,1,4,3,3,3,9,7,5,0,0,5,9,4,7,8,10,4,2,8,2,3,2,6,5,3,8,0,9,10,10,3,3,8,3,6,9,10,1,3,6,3
n503,10,5,3,7,10,8,0,5,2,5,1,1,7,3,9,6,1,1,3,4,0,2,4,1,4,3,9,1,10,1,4,3,3,3,9,7,5,0,0,5,9,0,7,8,0,4,2,8,2,3,2,6,5,3,8,0,9,10,10,3,3,8,3,6,9,0,1,3,6,3
n508,0,5,3,7,10,8,0,5,2,5,1,1,7,3,9,6,1,1,3,4,1,5,0,1,4,3,9,1,10,1,4,3,3,3,9,7,5,0,0,5,9,0,7,0,7,4,2,8,2,3,2,6,1,3,8,2,9,10,10,0,3,8,3,6,0,0,1,3,6,3
n507,8,5,3,7,10,8,0,5,2,5,1,1,7,3,9,6,1,1,3,4,1,3,7,1,4,3,9,1,10,1,4,3,3,3,9,7,5,0,0,5,9,0,7,0,6,4,2,8,2,3,2,6,1,3,8,7,9,10,10,0,3,8,3,6,0,0,1,3,6,3
n510,0,5,3,7,10,8,3,5,2,5,1,1,7,3,9,6,1,1,3,4,1,6,1,1,4,3,9,1,10,1,4,3,3,3,9,7,5,0,0,5,9,0,7,0,9,4,2,8,2,3,2,6,1,3,8,0,9,10,10,0,3,8,3,6,1,0,1,3,6,3
n509,0,5,3,7,10,8,4,5,2,5,1,1,7,3,9,6,1,1,3,4,1,0,0,1,4,3,9,1,10,1,4,3,3,3,9,7,5,0,0,5,9,0,7,0,9,4,2,8,2,3,2,6,1,3,8,0,9,10,10,8,3,8,3,6,0,0,1,3,6,3
