cell,r1,r2,r3,r4,r5,r6,r7,r8,r9,r10,r11,r12,r13,r14,r15,r16,r17,r18,r19,r20,r21,r22,r23,r24,r25,r26,r27,r28,r29,r30,r31,r32,r33,r34,r35,r36,r37,r38,r39,r40,r41,r42,r43,r44,r45,r46,r47,r48,r49,r50,r51,r52,r53,r54,r55,r56,r57,r58,r59,r60,r61,r62,r63,r64,r65,r66,r67,r68,r69,r70,r71,r72,r73,r74,r75,r76,r77,r78,r79,r80,r81,r82,r83,r84,r85,r86,r87,r88,r89,r90
n16,1,6,10,10,0,4,8,1,2,9,5,9,8,0,3,0,8,7,8,0,8,4,8,9,2,0,3,10,4,2,0,8,6,9,7,3,0,5,1,0,4,0,6,0,9,6,0,9,9,0,1,7,10,8,4,2,8,5,9,5,6,8,1,0,2,2,1,9,1,5,0,5,8,0,3,5,9,10,9,6,6,9,7,9,9,0,4,9,4,0
n15,1,6,10,10,0,4,8,1,2,9,5,9,8,0,3,0,8,7,8,0,8,4,8,9,2,0,3,10,4,2,0,8,6,9,7,3,0,5,1,0,4,0,6,0,9,6,0,9,9,0,1,7,0,8,4,2,8,5,9,5,0,8,1,0,2,2,1,0,1,5,0,5,8,0,3,5,9,10,9,6,6,9,7,9,9,0,4,9,4,0
n18,1,6,10,10,10,4,8,1,2,9,5,9,8,9,3,0,8,7,8,0,8,4,8,9,2,0,3,10,4,2,3,8,6,9,7,3,0,5,1,8,4,9,6,0,9,6,5,9,9,0,1,7,0,0,4,2,8,5,9,5,0,8,1,0,2,2,1,1,1,0,0,5,8,6,3,5,9,10,9,6,6,9,7,9,9,0,4,9,4,0
n17,1,6,10,10,10,4,8,1,2,9,5,9,8,9,3,0,8,7,8,6,8,4,8,9,2,7,3,10,4,2,3,8,6,9,7,3,0,5,1,8,4,0,6,0,9,6,0,9,9,0,1,7,0,0,4,2,8,5,9,5,0,8,1,0,2,2,1,1,1,0,9,5,8,6,3,5,9,10,9,6,6,9,7,9,9,0,4,9,4,0
n22,7,6,10,10,1,4,8,1,2,9,5,9,8,7,3,0,8,7,8,6,8,4,8,9,2,0,3,10,4,2,0,8,6,9,7,3,0,5,1,10,4,0,6,0,9,6,3,9,9,4,1,7,3,0,4,2,8,5,9,5,8,8,1,0,2,2,1,1,1,10,6,5,8,0,3,5,4,10,9,6,6,9,7,9,9,0,4,9,4,0
n21,7,6,10,10,1,4,8,1,2,9,5,9,8,7,3,0,8,7,8,6,8,4,8,9,2,0,3,10,4,2,0,8,6,9,7,3,3,5,1,10,4,0,6,0,9,6,3,9,9,4,1,7,3,2,4,2,8,5,9,5,9,8,1,2,2,2,1,0,1,0,6,5,8,7,3,5,0,10,9,6,6,9,7,9,9,9,4,9,4,0
n24,0,6,10,10,1,4,8,1,2,9,5,9,8,0,3,0,8,7,8,0,8,4,8,9,2,0,3,10,4,2,5,8,6,9,2,3,0,5,1,10,4,0,6,0,9,6,3,9,9,8,1,7,0,7,4,2,8,5,9,5,0,8,1,3,2,2,1,5,1,0,6,5,8,2,3,5,0,10,9,6,6,9,7,9,9,0,4,9,4,0
n23,0,6,10,10,1,4,8,1,2,9,5,9,8,0,3,0,8,7,8,6,8,4,8,9,2,0,3,10,4,2,5,8,6,9,0,3,1,5,1,10,4,0,6,0,9,6,3,9,9,8,1,7,0,7,4,2,8,5,9,5,0,8,1,0,2,2,1,5,1,0,6,5,8,0,3,5,10,10,9,6,6,9,7,9,9,0,4,9,4,0
n30,4,6,10,10,0,4,8,1,2,9,5,9,8,4,3,5,8,7,8,0,8,4,0,9,2,0,3,10,4,2,0,8,6,9,0,3,0,5,7,0,4,5,6,9,9,6,0,9,9,7,1,7,5,0,4,2,8,5,9,5,0,8,1,0,2,2,1,0,1,0,0,5,8,3,3,5,0,10,1,6,6,9,7,9,9,0,4,9,4,1
n29,0,6,10,10,0,4,8,1,2,9,5,9,8,4,3,0,8,7,8,0,8,4,0,9,2,0,3,10,4,2,0,8,6,9,0,3,0,5,7,0,4,5,6,9,9,6,0,9,9,7,1,7,0,6,4,2,8,5,9,5,0,8,1,6,2,2,1,0,1,0,9,5,8,0,3,5,0,10,1,6,6,9,7,9,9,0,4,9,4,0
n32,9,6,10,10,0,4,8,1,2,9,5,9,8,4,3,9,8,7,8,0,8,4,0,9,2,0,3,10,4,2,0,8,6,9,0,3,0,5,7,0,4,5,6,9,9,6,0,9,9,7,1,7,10,0,4,2,8,5,9,5,0,8,1,0,2,2,1,0,1,0,0,5,8,0,3,5,0,10,1,6,6,9,7,9,9,0,4,9,4,0
n31,0,6,10,10,0,4,8,1,2,9,5,9,8,4,3,0,8,7,8,5,8,4,0,9,2,0,3,10,4,2,0,8,6,9,0,3,0,5,7,0,4,5,6,9,9,6,3,9,9,7,1,7,10,0,4,2,8,5,9,5,3,8,1,10,2,2,1,2,1,0,0,5,8,0,3,5,0,10,1,6,6,9,7,9,9,3,4,9,4,0
n36,4,6,10,10,7,4,8,1,2,9,5,9,8,0,3,4,8,7,8,0,8,4,0,9,2,0,3,10,4,2,7,8,6,9,0,3,10,5,7,7,4,5,6,10,9,6,5,9,9,7,1,7,0,3,4,2,8,5,9,5,0,8,1,0,2,2,1,0,1,2,0,5,8,10,3,5,0,10,2,6,6,9,7,9,9,0,4,9,4,0
n35,4,6,10,10,7,4,8,1,2,9,5,9,8,0,3,4,8,7,8,0,8,4,1,9,2,0,3,10,4,2,0,8,6,9,1,3,10,5,7,7,4,5,6,10,9,6,5,9,9,7,1,7,0,1,4,2,8,5,9,5,0,8,1,0,2,2,1,0,1,2,0,5,8,10,3,5,0,10,2,6,6,9,7,9,9,0,4,9,4,0
n38,5,6,10,10,7,4,8,1,2,9,5,9,8,0,3,4,8,7,8,0,8,4,0,9,2,10,3,10,4,2,0,8,6,9,0,3,10,5,7,7,4,5,6,10,9,6,5,9,9,7,1,7,0,0,4,2,8,5,9,5,3,8,1,5,2,2,1,0,1,2,4,5,8,10,3,5,0,10,10,6,6,9,7,9,9,2,4,9,4,0
n37,5,6,10,10,7,4,8,1,2,9,5,9,8,0,3,4,8,7,8,10,8,4,0,9,2,0,3,10,4,2,1,8,6,9,0,3,10,5,7,7,4,5,6,10,9,6,5,9,9,7,1,7,0,4,4,2,8,5,9,5,3,8,1,0,2,2,1,3,1,2,0,5,8,10,3,5,0,10,9,6,6,9,7,9,9,0,4,9,4,0
n46,6,9,10,10,10,4,8,1,2,9,5,9,8,0,3,0,8,7,8,0,8,0,9,9,2,4,3,10,4,2,6,8,6,9,7,3,0,5,0,0,4,1,6,0,9,6,0,9,9,0,1,7,5,0,4,2,8,5,9,5,9,8,1,0,2,2,1,0,1,6,0,5,9,9,3,5,0,10,10,5,6,9,7,9,9,0,0,9,4,0
n45,6,9,10,10,0,4,8,1,2,9,5,9,8,10,3,0,8,7,8,0,8,0,9,9,2,4,3,10,4,2,6,8,6,9,0,3,0,5,0,0,4,1,6,0,9,6,0,9,9,0,1,7,5,0,4,2,8,5,9,5,0,8,1,0,2,2,1,0,1,6,0,5,9,9,3,5,0,10,10,5,6,9,7,9,9,0,8,9,4,0
n48,6,9,10,10,0,4,8,1,2,9,5,9,8,8,3,1,8,7,8,8,8,9,4,9,2,4,3,10,4,2,6,8,6,9,5,3,0,5,3,0,4,2,6,0,9,6,0,9,9,4,1,7,5,4,4,2,8,5,9,5,0,8,1,1,2,2,1,0,1,6,10,5,0,9,3,5,5,10,10,5,6,9,7,9,9,0,0,9,4,0
n47,6,9,10,10,0,4,8,1,2,9,5,9,8,8,3,1,8,7,8,8,8,0,0,9,2,4,3,10,4,2,6,8,6,9,0,3,0,5,3,0,4,0,6,6,9,6,0,9,9,0,1,7,5,4,4,2,8,5,9,5,0,8,1,0,2,2,1,0,1,6,10,5,0,9,3,5,0,10,10,5,6,9,7,9,9,0,8,9,4,4
n52,6,9,10,10,0,4,8,1,2,9,5,9,8,9,3,0,8,7,8,10,8,0,5,9,2,4,3,10,4,2,6,8,6,9,0,3,0,5,7,1,4,0,6,1,9,6,0,9,9,0,1,7,5,0,4,2,8,5,9,5,0,8,1,6,2,2,1,0,1,6,0,5,0,9,3,5,0,10,10,10,6,9,7,9,9,0,0,9,4,0
n51,6,9,10,10,0,4,8,1,2,9,5,9,8,0,3,0,8,7,8,10,8,0,5,9,2,4,3,10,4,2,6,8,6,9,0,3,0,5,2,1,4,0,6,1,9,6,0,9,9,0,1,7,5,0,4,2,8,5,9,5,6,8,1,6,2,2,1,0,1,6,0,5,4,9,3,5,0,10,10,10,6,9,7,9,9,0,7,9,4,0
n54,6,9,10,10,10,4,8,1,2,9,5,9,8,0,3,0,8,7,8,0,8,0,0,9,2,4,3,10,4,2,6,8,6,9,0,3,0,5,0,0,4,0,6,1,9,6,0,9,9,5,1,7,5,0,4,2,8,5,9,5,0,8,1,6,2,2,1,0,1,6,0,5,4,9,3,5,0,10,10,10,6,9,7,9,9,0,0,9,4,0
n53,6,9,10,10,3,4,8,1,2,9,5,9,8,0,3,0,8,7,8,0,8,0,8,9,2,4,3,10,4,2,6,8,6,9,2,3,0,5,0,0,4,0,6,0,9,6,0,9,9,3,1,7,5,0,4,2,8,5,9,5,0,8,1,6,2,2,1,0,1,6,0,5,0,9,3,5,0,10,10,10,6,9,7,9,9,0,2,9,4,8
n60,6,0,10,10,0,4,8,1,2,9,5,9,8,9,3,0,8,7,8,0,8,7,1,9,2,0,3,10,4,2,0,8,6,9,0,3,0,5,4,5,4,1,6,0,9,6,6,9,9,5,1,7,0,7,4,2,8,5,9,5,0,8,1,3,2,2,1,4,1,9,3,5,2,9,3,5,0,10,10,2,6,9,7,9,9,0,0,9,4,9
n59,6,0,10,10,0,4,8,1,2,9,5,9,8,0,3,3,8,7,8,0,8,7,1,9,2,0,3,10,4,2,0,8,6,9,0,3,0,5,1,0,4,1,6,0,9,6,6,9,9,5,1,7,0,0,4,2,8,5,9,5,0,8,1,3,2,2,1,0,1,9,3,5,0,9,3,5,5,10,10,0,6,9,7,9,9,0,0,9,4,9
n62,6,0,10,10,0,4,8,1,2,9,5,9,8,0,3,0,8,7,8,0,8,0,1,9,2,0,3,10,4,2,3,8,6,9,0,3,0,5,0,8,4,1,6,8,9,6,6,9,9,5,1,7,0,0,4,2,8,5,9,5,0,8,1,10,2,2,1,2,1,9,3,5,0,9,3,5,0,10,10,10,6,9,7,9,9,0,3,9,4,9
n61,6,1,10,10,0,4,8,1,2,9,5,9,8,10,3,0,8,7,8,0,8,0,1,9,2,8,3,10,4,2,0,8,6,9,0,3,0,5,0,8,4,1,6,8,9,6,6,9,9,5,1,7,0,0,4,2,8,5,9,5,0,8,1,10,2,2,1,2,1,9,3,5,0,9,3,5,0,10,10,10,6,9,7,9,9,0,3,9,4,9
n66,6,0,10,10,0,4,8,1,2,9,5,9,8,0,3,0,8,7,8,0,8,0,5,9,2,6,3,10,4,2,0,8,6,9,4,3,9,5,3,0,4,1,6,9,9,6,4,9,9,10,1,7,0,2,4,2,8,5,9,5,0,8,1,7,2,2,1,2,1,5,3,5,9,9,3,5,0,10,10,0,6,9,7,9,9,8,1,9,4,9
n65,6,0,10,10,0,4,8,1,2,9,5,9,8,1,3,0,8,7,8,0,8,0,5,9,2,0,3,10,4,2,0,8,6,9,4,3,9,5,3,0,4,1,6,9,9,6,4,9,9,10,1,7,0,2,4,2,8,5,9,5,0,8,1,7,2,2,1,2,1,0,3,5,9,9,3,5,0,10,10,0,6,9,7,9,9,8,1,9,4,9
n68,6,0,10,10,0,4,8,1,2,9,5,9,8,7,3,8,8,7,8,0,8,0,5,9,2,10,3,10,4,2,6,8,6,9,4,3,9,5,3,0,4,1,6,0,9,6,0,9,9,10,1,7,0,0,4,2,8,5,9,5,0,8,1,0,2,2,1,2,1,8,3,5,9,9,3,5,0,10,10,7,6,9,7,9,9,7,0,9,4,9
n67,6,4,10,10,0,4,8,1,2,9,5,9,8,7,3,0,8,7,8,6,8,0,5,9,2,0,3,10,4,2,6,8,6,9,4,3,9,5,3,0,4,1,6,0,9,6,0,9,9,10,1,7,10,0,4,2,8,5,9,5,3,8,1,0,2,2,1,2,1,0,3,5,9,9,3,5,0,10,10,7,6,9,7,9,9,0,0,9,4,9
n78,10,8,10,10,8,4,8,0,5,9,5,4,8,0,3,0,8,7,8,10,8,9,0,9,9,6,3,10,4,2,10,5,6,9,9,3,2,5,9,6,4,0,6,4,9,6,0,9,9,8,1,7,9,5,3,2,8,5,9,5,10,1,1,6,2,2,1,4,1,8,0,5,5,4,3,5,4,10,3,4,0,9,7,9,9,1,1,9,4,8
n77,0,2,10,10,8,4,8,0,5,9,5,4,8,0,3,0,8,7,8,10,8,0,0,9,9,6,3,10,4,2,10,5,6,9,9,3,2,5,9,6,4,0,6,4,9,6,2,9,9,8,1,7,9,5,3,2,8,5,9,5,6,1,1,6,2,2,1,4,1,8,0,5,5,4,3,5,4,10,3,1,5,9,7,9,9,1,1,9,4,8
n80,0,0,10,10,8,4,8,1,5,9,5,0,8,0,3,0,8,7,8,10,8,0,0,9,9,6,3,10,4,2,0,0,6,9,9,3,2,5,9,6,4,0,6,4,9,6,3,9,9,8,1,7,9,5,3,2,8,5,9,5,10,1,1,0,2,2,1,4,1,0,2,5,5,4,3,5,4,10,3,0,0,9,7,9,9,1,1,9,4,8
n79,0,0,10,10,8,4,8,1,5,9,5,0,8,0,3,0,8,7,8,10,8,5,0,9,9,6,3,10,4,2,6,0,6,9,9,3,2,5,9,6,4,0,6,4,9,6,0,9,9,8,1,7,9,5,3,2,8,5,9,5,0,1,1,0,2,2,1,4,1,0,2,5,5,4,3,5,4,10,3,0,0,9,7,9,9,1,1,9,4,8
n84,7,0,10,10,8,4,8,9,5,9,5,8,8,0,3,0,8,7,8,10,8,0,1,9,9,6,3,10,4,2,5,0,6,9,9,3,2,5,9,6,4,0,6,4,9,6,8,9,9,8,1,7,9,5,3,2,8,5,9,5,0,1,1,6,2,2,1,4,1,2,0,5,5,4,3,5,4,10,3,1,0,9,7,9,9,1,1,9,4,8
n83,5,0,10,10,8,4,8,9,5,9,5,8,8,0,3,0,8,7,8,10,8,0,8,9,9,6,3,10,4,2,5,0,6,9,9,3,2,5,9,6,4,0,6,4,9,6,8,9,9,8,1,7,9,5,3,2,8,5,9,5,0,1,1,6,2,2,1,4,1,2,8,5,5,4,3,5,4,10,3,0,0,9,7,9,9,1,1,9,4,8
n86,0,0,10,10,8,4,8,0,5,9,5,8,8,0,3,0,8,7,8,10,8,4,0,9,9,6,3,10,4,2,5,0,6,9,9,3,2,5,9,6,4,8,6,4,9,6,8,9,9,8,1,7,9,5,3,2,8,5,9,5,0,1,1,6,2,2,1,4,1,0,0,5,5,4,3,5,4,10,3,9,0,9,7,9,9,1,1,9,4,8
n85,3,0,10,10,8,4,8,10,5,9,5,8,8,0,3,0,8,7,8,10,8,0,0,9,9,6,3,10,4,2,5,0,6,9,9,3,2,5,9,6,4,0,6,4,9,6,8,9,9,8,1,7,9,5,3,2,8,5,9,5,0,1,1,6,2,2,1,4,1,0,0,5,5,4,3,5,4,10,3,0,8,9,7,9,9,1,1,9,4,8
n92,1,5,10,10,8,4,8,0,0,9,5,1,8,0,3,5,8,7,8,10,8,2,8,9,9,6,3,10,4,2,6,8,6,9,9,3,2,5,0,1,4,7,6,4,9,6,0,9,9,9,1,7,9,5,3,2,8,5,9,5,0,1,1,0,2,2,1,4,1,0,0,5,0,4,3,5,4,10,0,8,0,9,9,9,9,1,1,9,4,8
n91,1,5,10,10,8,4,8,0,0,9,5,1,8,0,3,0,8,7,8,10,8,2,8,9,9,6,3,10,4,2,0,8,6,9,0,3,2,5,0,1,4,7,6,4,9,6,4,9,9,9,1,7,9,5,3,2,8,5,9,5,0,1,1,0,2,2,1,4,1,0,6,5,0,4,3,5,4,10,0,8,0,9,9,9,9,1,1,9,4,8
n94,1,5,10,10,8,4,8,1,0,9,5,1,8,10,3,3,8,7,8,10,8,2,8,9,9,6,3,10,4,2,0,8,6,9,7,3,2,5,8,0,4,0,6,4,9,6,0,9,9,9,1,7,9,5,3,2,8,5,9,5,0,1,1,0,2,2,1,4,1,9,1,5,0,4,3,5,4,10,0,0,0,9,9,9,9,1,1,9,4,8
n93,1,5,10,10,8,4,8,1,0,9,5,1,8,0,3,3,8,7,8,10,8,2,8,9,9,6,3,10,4,2,3,8,6,9,0,3,2,5,8,0,4,0,6,4,9,6,0,9,9,9,1,7,9,5,3,2,8,5,9,5,0,1,1,0,2,2,1,4,1,0,0,5,9,4,3,5,4,10,0,0,4,9,9,9,9,1,1,9,4,8
n98,0,5,10,10,8,4,8,0,3,9,5,0,8,0,3,0,8,7,8,10,8,0,3,9,9,6,3,10,4,2,0,8,6,9,5,3,2,5,0,0,4,3,6,4,9,6,10,9,9,0,1,7,9,5,3,2,8,5,9,5,10,1,1,8,2,2,1,4,1,0,0,5,4,4,3,5,4,10,1,4,0,9,5,9,9,1,1,9,4,8
n97,3,5,10,10,8,4,8,0,0,9,5,5,8,0,3,0,8,7,8,10,8,0,3,9,9,6,3,10,4,2,0,8,6,9,5,3,2,5,6,0,4,3,6,4,9,6,0,9,9,0,1,7,9,5,3,2,8,5,9,5,10,1,1,8,2,2,1,4,1,0,4,5,0,4,3,5,4,10,0,4,0,9,0,9,9,1,1,9,4,8
n100,0,5,10,10,8,4,8,0,0,9,5,5,8,5,3,0,8,7,8,10,8,0,0,9,9,6,3,10,4,2,0,8,6,9,0,3,2,5,0,0,4,3,6,4,9,6,6,9,9,6,1,7,9,5,3,2,8,5,9,5,10,1,1,8,2,2,1,4,1,0,7,5,6,4,3,5,4,10,3,4,0,9,0,9,9,1,1,9,4,8
n99,0,5,10,10,8,4,8,0,0,9,5,0,8,0,3,5,8,7,8,10,8,0,0,9,9,6,3,10,4,2,0,8,6,9,0,3,2,5,0,0,4,3,6,4,9,6,0,9,9,6,1,7,9,5,3,2,8,5,9,5,10,1,1,8,2,2,1,4,1,6,0,5,6,4,3,5,4,10,3,4,1,9,0,9,9,1,1,9,4,8
n108,7,6,10,10,5,4,8,0,0,9,5,8,8,9,3,0,8,7,8,10,8,5,5,9,5,6,3,10,4,2,9,2,6,9,6,3,0,5,10,0,4,1,6,4,9,6,7,9,9,9,1,7,9,5,0,2,8,5,9,5,3,0,1,4,2,2,1,4,1,6,0,5,9,4,3,5,3,10,10,6,2,9,0,9,9,8,1,9,4,3
n107,7,6,10,10,5,4,8,0,0,9,5,8,8,9,3,0,8,7,8,10,8,5,5,9,5,6,3,10,4,2,9,2,6,9,6,3,0,5,10,0,4,1,6,4,9,6,7,9,9,9,1,7,9,5,0,2,8,5,9,5,3,0,1,4,2,2,1,4,1,6,0,5,0,4,3,5,10,10,0,6,2,9,0,9,9,8,1,9,4,2
n110,7,6,10,10,5,4,8,0,6,9,5,8,8,0,3,5,8,7,8,10,8,5,5,9,5,6,3,10,4,2,0,2,6,9,6,3,0,5,10,3,4,0,6,4,9,6,7,9,9,9,1,7,9,5,2,2,8,5,9,5,3,0,1,4,2,2,1,4,1,6,0,5,0,4,3,5,4,10,0,6,2,9,0,9,9,8,1,9,4,3
n109,7,6,10,10,5,4,8,0,9,9,5,8,8,0,3,5,8,7,8,10,8,5,5,9,5,6,3,10,4,2,6,2,6,9,6,3,0,5,10,3,4,0,6,4,9,6,7,9,9,9,1,7,9,5,0,2,8,5,9,5,3,9,1,4,2,2,1,4,1,6,0,5,0,4,3,5,0,10,8,6,2,9,0,9,9,8,1,9,4,3
n114,7,6,10,10,5,4,8,0,0,9,5,8,8,0,3,5,8,7,8,10,8,5,0,9,5,6,3,10,4,2,4,2,6,9,6,3,3,5,10,2,4,0,6,4,9,6,7,9,9,9,1,7,9,5,0,2,8,5,9,5,3,0,1,7,2,2,1,4,1,6,1,5,6,4,3,5,3,10,0,6,3,9,0,9,9,8,1,9,4,5
n113,7,6,10,10,5,4,8,0,0,9,5,8,8,0,3,5,8,7,8,10,8,5,0,9,5,6,3,10,4,2,0,2,6,9,6,3,0,5,10,0,4,0,6,4,9,6,7,9,9,9,1,7,9,5,0,2,8,5,9,5,3,0,1,7,2,2,1,4,1,6,1,5,6,4,3,5,3,10,0,6,3,9,3,9,9,8,1,9,4,5
n116,7,6,10,10,5,4,8,0,0,9,5,8,8,0,3,8,8,7,8,10,8,5,3,9,5,6,3,10,4,2,4,2,6,9,6,3,7,5,10,0,4,9,6,4,9,6,7,9,9,9,1,7,9,5,0,2,8,5,9,5,3,7,1,7,2,2,1,4,1,6,0,5,6,4,3,5,2,10,0,6,3,9,0,9,9,8,1,9,4,5
n115,7,6,10,10,5,4,8,0,0,9,5,8,8,8,3,0,8,7,8,10,8,5,3,9,5,6,3,10,4,2,4,2,6,9,6,3,0,5,10,4,4,9,6,4,9,6,7,9,9,9,1,7,9,5,0,2,8,5,9,5,3,7,1,7,2,2,1,4,1,6,0,5,6,4,3,5,0,10,4,6,3,9,0,9,9,8,1,9,4,5
n122,0,6,10,10,5,4,8,7,0,9,5,8,8,3,3,7,8,7,8,10,8,5,0,9,7,6,3,10,4,2,9,2,6,9,6,3,2,5,0,8,4,0,6,4,9,6,0,9,9,2,1,7,9,5,0,2,8,5,9,5,0,1,1,0,2,2,1,4,1,0,0,5,9,4,3,5,0,10,3,4,10,9,0,9,9,8,1,9,4,0
n121,0,6,10,10,5,4,8,0,0,9,5,8,8,3,3,7,8,7,8,10,8,5,0,9,7,6,3,10,4,2,0,2,6,9,6,3,0,5,0,8,4,0,6,4,9,6,0,9,9,2,1,7,9,5,5,2,8,5,9,5,0,1,1,6,2,2,1,4,1,0,0,5,9,4,3,5,0,10,3,0,10,9,0,9,9,8,1,9,4,0
n124,4,6,10,10,5,4,8,9,0,9,5,8,8,3,3,7,8,7,8,10,8,5,0,9,0,6,3,10,4,2,0,2,6,9,6,3,0,5,0,8,4,0,6,4,9,6,4,9,9,9,1,7,9,5,1,2,8,5,9,5,0,0,1,0,2,2,1,4,1,2,4,5,0,4,3,5,0,10,3,0,0,9,9,9,9,8,1,9,4,7
n123,4,6,10,10,5,4,8,9,0,9,5,8,8,3,3,7,8,7,8,10,8,5,8,9,8,6,3,10,4,2,0,2,6,9,6,3,0,5,0,8,4,6,6,4,9,6,0,9,9,9,1,7,9,5,1,2,8,5,9,5,0,0,1,0,2,2,1,4,1,2,4,5,0,4,3,5,0,10,3,0,0,9,9,9,9,8,1,9,4,7
n128,0,6,10,10,2,4,8,0,0,9,5,8,8,3,3,7,8,7,8,10,8,5,0,9,1,6,3,10,4,2,0,2,6,9,6,3,7,5,1,8,4,4,6,4,9,6,8,9,9,7,1,7,9,5,0,2,8,5,9,5,5,0,1,0,2,2,1,4,1,0,0,5,0,4,3,5,8,10,3,0,0,9,0,9,9,8,1,9,4,2
n127,0,6,10,10,2,4,8,10,0,9,5,8,8,3,3,7,8,7,8,10,8,5,6,9,1,6,3,10,4,2,0,2,6,9,6,3,0,5,1,8,4,4,6,4,9,6,8,9,9,7,1,7,9,5,0,2,8,5,9,5,5,0,1,0,2,2,1,4,1,0,0,5,0,4,3,5,8,10,3,0,0,9,0,9,9,8,1,9,4,2
n130,0,6,10,10,0,4,8,0,0,9,5,8,8,3,3,7,8,7,8,10,8,5,0,9,1,6,3,10,4,2,1,2,6,9,6,3,1,5,1,8,4,4,6,4,9,6,8,9,9,9,1,7,9,5,0,2,8,5,9,5,2,0,1,4,2,2,1,4,1,2,0,5,0,4,3,5,8,10,3,9,0,9,0,9,9,8,1,9,4,2
n129,0,6,10,10,8,4,8,6,0,9,5,8,8,3,3,7,8,7,8,10,8,5,0,9,1,6,3,10,4,2,1,2,6,9,6,3,1,5,1,8,4,4,6,4,9,6,8,9,9,9,1,7,9,5,0,2,8,5,9,5,0,0,1,4,2,2,1,4,1,0,0,5,0,4,3,5,8,10,3,9,10,9,0,9,9,8,1,9,4,2
n142,0,4,4,6,5,0,8,10,0,9,1,8,5,1,3,7,8,7,8,0,8,3,9,9,1,8,3,10,4,2,0,1,6,9,2,2,0,5,5,2,4,6,6,4,9,6,10,9,9,3,1,7,8,1,10,2,8,7,9,3,3,2,1,2,2,2,4,0,9,4,0,5,8,10,3,5,0,10,0,6,1,9,4,9,9,3,9,3,4,8
n141,1,0,4,6,5,0,8,10,0,9,1,8,5,1,3,7,8,7,8,0,8,3,9,9,1,8,3,10,4,2,0,1,6,9,2,2,0,5,5,2,4,6,6,4,9,6,10,9,9,3,1,7,8,1,10,2,8,7,9,3,3,0,1,2,2,2,4,0,9,4,0,5,8,10,3,5,0,10,0,6,1,9,4,9,9,3,9,3,4,8
n144,0,0,4,6,5,0,8,10,0,9,1,8,5,1,3,7,8,7,8,5,8,3,9,9,1,8,3,10,4,2,9,1,6,9,2,2,1,5,5,2,4,6,6,4,9,6,10,9,9,3,1,7,8,1,10,2,8,7,9,3,3,5,1,2,2,2,4,0,9,4,0,5,8,10,3,5,0,10,0,6,1,9,4,9,9,0,9,3,4,8
n143,0,0,4,6,5,7,8,10,0,9,1,8,5,1,3,7,8,7,8,0,8,3,9,9,1,8,3,10,4,2,9,1,6,9,2,2,0,5,5,2,4,6,6,4,9,6,10,9,9,3,1,7,8,1,10,2,8,7,9,3,3,5,1,2,2,2,4,0,9,4,0,5,8,10,3,5,0,10,0,6,1,9,4,9,9,0,9,3,4,8
n148,3,9,4,6,5,6,8,10,0,9,1,1,5,1,3,7,8,7,8,2,8,3,9,9,1,0,3,10,4,2,0,1,6,9,2,2,1,5,5,2,4,3,6,4,9,6,10,9,9,3,1,7,8,1,10,2,8,7,9,3,3,8,1,2,2,2,4,5,9,4,8,5,8,10,3,5,4,10,0,6,1,9,4,9,9,0,9,3,4,8
n147,0,9,4,6,5,6,8,10,0,9,1,1,5,1,3,7,8,7,8,2,8,3,9,9,1,0,3,10,4,2,0,1,6,9,2,2,1,5,5,2,4,3,6,4,9,6,10,9,9,3,1,7,8,1,10,2,8,7,9,3,3,8,1,2,2,2,4,0,9,4,8,5,8,10,3,5,4,10,7,6,1,9,4,9,9,0,9,3,4,8
n150,0,0,4,6,5,6,8,10,5,9,1,9,5,1,3,7,8,7,8,2,8,3,9,9,1,0,3,10,4,2,0,1,6,9,2,2,1,5,5,2,4,7,6,4,9,6,10,9,9,3,1,7,8,1,10,2,8,7,9,3,3,8,1,2,2,2,4,0,9,4,0,5,8,10,3,5,4,10,9,6,1,9,4,9,9,1,9,3,4,8
n149,0,0,4,6,5,6,8,10,0,9,1,0,5,1,3,7,8,7,8,2,8,3,9,9,1,0,3,10,4,2,0,1,6,9,2,2,1,5,5,2,4,7,6,4,9,6,10,9,9,3,1,7,8,1,10,2,8,7,9,3,3,8,1,2,2,2,4,0,9,4,0,5,8,10,3,5,4,10,8,6,1,9,4,9,9,6,9,3,4,8
n156,9,8,4,6,5,2,8,10,0,9,1,5,5,1,3,7,8,7,8,0,8,3,9,9,1,0,3,10,4,2,3,1,6,9,2,2,7,5,5,2,4,6,6,4,9,6,3,9,9,3,1,7,8,0,10,2,8,0,9,3,3,3,1,2,2,2,0,6,9,4,0,5,8,10,3,5,8,10,10,6,1,9,4,9,9,7,9,2,4,8
n155,9,0,4,6,5,2,8,10,0,9,1,5,5,1,3,7,8,7,8,0,8,3,9,9,1,0,3,10,4,2,3,1,6,9,2,2,0,5,5,2,4,6,6,4,9,6,3,9,9,3,1,7,8,0,10,2,8,10,9,3,3,3,1,2,2,2,0,6,9,4,7,5,8,10,3,5,8,10,0,6,1,9,4,9,9,7,9,2,4,8
n158,9,9,4,6,5,2,8,10,0,9,1,5,5,1,3,7,8,7,8,0,8,3,9,9,1,8,3,10,4,2,3,1,6,9,2,2,0,5,5,2,4,6,6,4,9,6,3,9,9,3,1,7,8,0,10,2,8,0,9,3,3,0,1,2,2,2,0,6,9,4,0,5,8,10,3,5,8,10,4,6,1,9,4,9,9,7,9,2,4,8
n157,9,0,4,6,5,2,8,10,0,9,1,5,5,1,3,7,8,7,8,0,8,3,9,9,1,8,3,10,4,2,3,1,6,9,2,2,10,5,5,2,4,6,6,4,9,6,3,9,9,3,1,7,8,0,10,2,8,0,9,3,3,0,1,2,2,2,0,6,9,4,4,5,8,10,3,5,8,10,4,6,1,9,4,9,9,7,9,2,4,8
n162,10,0,4,6,5,9,8,9,0,9,1,0,5,1,3,7,8,7,8,4,8,3,9,9,1,0,3,10,4,2,3,1,6,9,2,2,9,5,5,2,4,6,6,4,9,6,3,9,9,3,1,7,8,0,10,2,8,0,9,3,3,5,1,2,2,2,8,6,9,4,4,5,8,10,3,5,2,10,0,6,1,9,4,9,9,3,9,2,4,8
n161,10,0,4,6,5,9,8,9,9,9,1,0,5,1,3,7,8,7,8,4,8,3,9,9,1,0,3,10,4,2,3,1,6,9,2,2,9,5,5,2,4,6,6,4,9,6,3,9,9,3,1,7,8,0,10,2,8,0,9,3,3,0,1,2,2,2,0,6,9,4,0,5,8,10,3,5,8,10,0,6,1,9,4,9,9,10,9,2,4,8
n164,10,2,4,6,5,9,8,0,0,9,1,10,5,1,3,7,8,7,8,0,8,3,9,9,1,2,3,10,4,2,3,1,6,9,2,2,4,5,5,2,4,6,6,4,9,6,3,9,9,3,1,7,8,0,10,2,8,0,9,3,3,0,1,2,2,2,0,6,9,4,0,5,8,10,3,5,0,10,0,6,1,9,4,9,9,0,9,2,4,8
n163,10,0,4,6,5,9,8,0,0,9,1,0,5,1,3,7,8,7,8,0,8,3,9,9,1,2,3,10,4,2,3,1,6,9,2,2,4,5,5,2,4,6,6,4,9,6,3,9,9,3,1,7,8,0,10,2,8,0,9,3,3,0,1,2,2,2,0,6,9,4,8,5,8,10,3,5,0,10,0,6,1,9,4,9,9,0,9,2,4,8
n172,3,0,4,6,10,5,8,3,0,9,1,0,9,1,3,7,8,7,8,0,8,0,9,9,1,0,3,10,4,2,0,1,6,9,2,0,7,5,3,2,4,7,6,6,9,6,2,9,9,0,0,7,0,4,10,2,8,9,9,8,3,7,1,4,2,2,0,0,9,4,0,5,8,8,3,5,2,10,7,6,1,9,0,9,9,0,9,0,4,8
n171,3,0,4,6,0,0,8,3,0,9,1,3,9,1,3,7,8,7,8,0,8,6,9,9,1,0,3,10,4,2,0,1,6,9,2,0,7,5,3,2,4,7,6,6,9,6,2,9,9,0,0,7,0,4,10,2,8,9,9,8,3,7,1,4,2,2,0,0,9,4,0,5,8,8,3,5,2,10,7,6,1,9,0,9,9,0,9,0,4,8
n174,3,0,4,6,0,4,8,3,0,9,1,5,9,1,3,7,8,7,8,5,8,0,9,9,1,8,3,10,4,2,0,1,6,9,2,7,7,5,0,2,4,7,6,6,9,6,2,9,9,2,0,7,0,0,10,2,8,9,9,8,3,7,1,4,2,2,0,0,9,4,5,5,8,0,3,5,2,10,7,6,1,9,9,9,9,0,9,5,4,8
n173,3,3,4,6,0,1,8,3,1,9,1,5,9,1,3,7,8,7,8,0,8,4,9,9,1,8,3,10,4,2,0,1,6,9,2,0,7,5,0,2,4,7,6,6,9,6,2,9,9,8,0,7,0,2,10,2,8,9,9,8,3,7,1,4,2,2,0,0,9,4,5,5,8,0,3,5,2,10,7,6,1,9,9,9,9,3,9,5,4,8
n178,3,0,4,6,0,3,8,3,0,9,0,0,0,1,3,7,8,7,8,0,8,0,9,9,1,0,3,10,4,2,0,1,6,9,2,0,8,5,1,2,4,7,6,6,9,6,6,9,9,0,0,7,6,0,10,2,8,9,9,8,3,10,1,4,2,2,0,0,9,4,0,5,8,3,3,5,2,10,7,6,1,9,0,9,9,0,9,0,4,8
n177,3,0,4,6,0,3,8,3,0,9,0,2,0,1,3,7,8,7,8,0,8,0,9,9,1,0,3,10,4,2,0,1,6,9,2,0,8,5,1,2,4,7,6,6,9,6,6,9,9,8,0,7,6,0,10,2,8,9,9,8,3,0,1,4,2,2,0,1,9,4,0,5,8,3,3,5,2,10,7,6,1,9,0,9,9,0,9,0,4,8
n180,3,0,4,6,3,3,8,3,0,9,0,0,0,1,3,7,8,7,8,4,8,0,9,9,1,6,3,10,4,2,0,1,6,9,2,0,7,5,1,2,4,7,6,6,9,6,8,9,9,6,8,7,6,0,10,2,8,9,9,8,3,6,1,4,2,2,0,0,9,4,9,5,8,0,3,5,2,10,7,6,1,9,0,9,9,1,9,0,4,8
n179,3,0,4,6,0,3,8,3,0,9,0,0,0,1,3,7,8,7,8,4,8,0,9,9,1,6,3,10,4,2,3,1,6,9,2,0,0,5,1,2,4,7,6,6,9,6,8,9,9,1,8,7,6,7,10,2,8,9,9,8,3,6,1,4,2,2,0,0,9,4,9,5,8,0,3,5,2,10,7,6,1,9,0,9,9,1,9,0,4,8
n186,0,0,4,6,9,0,8,3,1,9,1,9,0,1,3,7,8,7,8,4,8,9,9,9,1,0,3,10,4,2,2,1,6,9,2,1,5,5,8,2,4,7,6,8,9,6,10,9,9,6,6,7,0,0,10,2,8,9,9,8,3,0,1,4,2,2,8,9,9,4,0,5,8,1,3,5,0,10,7,6,1,9,5,9,9,10,9,2,4,8
n185,5,0,4,6,9,0,8,3,0,9,1,0,0,1,3,7,8,7,8,4,8,9,9,9,1,0,3,10,4,2,0,1,6,9,2,1,5,5,8,2,4,7,6,8,9,6,10,9,9,6,6,7,0,0,10,2,8,9,9,8,3,0,1,4,2,2,8,9,9,4,0,5,8,0,3,5,6,10,7,6,1,9,0,9,9,10,9,2,4,8
n188,10,0,4,6,9,5,8,3,0,9,0,0,0,1,3,7,8,7,8,4,8,8,9,9,1,0,3,10,4,2,0,1,6,9,2,0,5,5,8,2,4,7,6,8,9,6,10,9,9,6,0,7,4,9,10,2,8,9,9,8,3,5,1,4,2,2,8,9,9,4,10,5,8,0,3,5,0,10,7,6,1,9,10,9,9,10,9,2,4,8
n187,0,4,4,6,9,0,8,3,0,9,0,1,0,1,3,7,8,7,8,4,8,8,9,9,1,0,3,10,4,2,0,1,6,9,2,0,5,5,8,2,4,7,6,8,9,6,10,9,9,6,0,7,8,9,10,2,8,9,9,8,3,2,1,4,2,2,8,9,9,4,10,5,8,0,3,5,0,10,7,6,1,9,10,9,9,10,9,2,4,8
n192,9,0,4,6,9,0,8,3,0,9,1,0,0,1,3,7,8,7,8,0,8,2,9,9,1,0,3,10,4,2,0,1,6,9,2,2,5,5,7,2,4,7,6,8,9,6,10,9,9,6,0,7,7,9,10,2,8,9,9,8,3,0,1,4,2,2,2,9,9,4,0,5,8,3,3,5,3,10,7,6,1,9,0,9,9,6,9,2,4,8
n191,9,0,4,6,9,1,8,3,0,9,1,0,0,1,3,7,8,7,8,0,8,2,9,9,1,0,3,10,4,2,0,1,6,9,2,2,5,5,7,2,4,7,6,8,9,6,10,9,9,6,6,7,0,9,10,2,8,9,9,8,3,0,1,4,2,2,0,9,9,4,0,5,8,3,3,5,3,10,7,6,1,9,8,9,9,0,9,2,4,8
n194,0,4,4,6,9,0,8,3,0,9,0,6,0,1,3,7,8,7,8,0,8,0,9,9,1,0,3,10,4,2,0,1,6,9,2,2,5,5,7,2,4,7,6,8,9,6,10,9,9,6,5,7,5,0,10,2,8,9,9,8,3,0,1,4,2,2,3,9,9,4,0,5,8,0,3,5,0,10,7,6,1,9,6,9,9,0,9,2,4,8
n193,6,4,4,6,9,9,8,3,0,9,4,6,10,1,3,7,8,7,8,7,8,0,9,9,1,0,3,10,4,2,0,1,6,9,2,2,5,5,7,2,4,7,6,8,9,6,10,9,9,6,5,7,0,0,10,2,8,9,9,8,3,0,1,4,2,2,3,9,9,4,0,5,8,10,3,5,0,10,7,6,1,9,0,9,9,0,9,2,4,8
n204,7,2,0,5,1,3,8,9,6,9,10,6,4,3,3,7,8,7,8,0,8,7,9,9,1,1,3,10,4,2,0,1,6,9,5,7,9,5,1,8,4,4,6,9,9,6,5,9,9,10,4,7,0,5,10,2,8,0,9,3,10,0,1,8,2,2,6,7,0,4,5,5,7,3,3,5,10,10,0,6,0,9,9,9,9,0,9,0,4,8
n203,7,0,0,0,0,3,8,0,6,9,10,6,4,3,3,7,8,7,8,0,8,7,9,9,1,1,3,10,4,2,8,1,6,9,5,7,9,5,1,8,4,4,6,9,9,6,5,9,9,10,4,7,0,5,10,2,8,7,9,3,10,4,1,0,2,2,6,7,0,4,5,5,0,3,3,5,10,10,0,6,0,9,9,9,9,0,9,0,4,8
n206,7,4,0,0,0,3,8,2,6,9,10,6,4,3,3,7,8,7,8,0,8,7,9,9,1,1,3,10,4,2,0,1,6,9,5,7,0,5,1,0,4,4,6,9,9,6,5,9,9,10,4,7,9,5,10,2,8,0,9,3,10,5,1,0,2,2,6,7,0,4,0,5,0,3,3,5,10,10,4,6,0,9,0,9,9,6,9,8,4,8
n205,7,4,0,0,0,3,8,0,6,9,10,6,4,3,3,7,8,7,8,0,8,7,9,9,1,1,3,10,4,2,8,1,6,9,5,7,0,5,1,0,4,4,6,9,9,6,5,9,9,10,4,7,9,5,10,2,8,0,9,3,10,5,1,0,2,2,6,7,0,4,0,5,0,3,3,5,10,10,0,6,0,9,0,9,9,6,9,8,4,8
n210,7,0,7,0,0,3,8,0,6,9,10,6,4,3,3,7,8,7,8,5,8,7,9,9,1,1,3,10,4,2,0,1,6,9,5,7,8,5,1,0,4,4,6,9,9,6,5,9,9,0,4,7,0,5,10,2,8,7,9,3,10,0,1,0,2,2,6,0,2,4,0,5,0,3,3,5,10,10,5,6,0,9,0,9,9,9,9,3,4,8
n209,7,0,7,0,0,3,8,0,6,9,10,6,4,3,3,7,8,7,8,5,8,7,9,9,1,1,3,10,4,2,0,1,6,9,5,7,8,5,0,0,4,4,6,9,9,6,5,9,9,0,4,7,0,5,10,2,8,7,9,3,10,0,1,0,2,2,6,0,10,4,0,5,0,3,3,5,10,10,5,6,0,9,0,9,9,9,9,3,4,8
n212,7,0,3,0,4,3,8,0,6,9,10,6,4,3,3,7,8,7,8,5,8,7,9,9,1,1,3,10,4,2,7,1,6,9,5,7,8,5,6,0,4,4,6,9,9,6,5,9,9,0,4,7,0,5,10,2,8,0,9,3,10,10,1,0,2,2,6,0,0,4,0,5,0,3,3,5,10,10,0,6,4,9,0,9,9,9,9,3,4,8
n211,7,0,3,4,4,3,8,0,6,9,10,6,4,3,3,7,8,7,8,5,8,7,9,9,1,1,3,10,4,2,7,1,6,9,5,7,8,5,0,0,4,4,6,9,9,6,5,9,9,2,4,7,0,5,10,2,8,0,9,3,10,10,1,0,2,2,6,5,0,4,0,5,0,3,3,5,10,10,0,6,4,9,10,9,9,9,9,3,4,8
n218,7,0,0,6,2,3,8,0,6,9,1,6,4,0,3,7,8,7,8,9,8,0,9,9,1,1,3,10,4,2,5,1,6,9,0,7,4,5,4,1,4,4,6,9,9,6,5,9,9,8,4,7,0,5,10,2,8,0,9,0,0,7,1,0,2,2,6,2,6,4,0,5,0,0,3,5,0,10,8,6,0,9,4,9,9,0,9,0,4,8
n217,7,0,4,6,2,3,8,0,6,9,1,6,4,0,3,7,8,7,8,9,8,3,9,9,1,1,3,10,4,2,5,1,6,9,0,7,4,5,0,1,4,4,6,9,9,6,5,9,9,0,4,7,0,5,10,2,8,0,9,0,0,7,1,0,2,2,6,2,6,4,0,5,0,0,3,5,1,10,8,6,0,9,4,9,9,0,9,0,4,8
n220,7,0,2,0,0,3,8,0,6,9,1,6,4,0,3,7,8,7,8,9,8,0,9,9,1,1,3,10,4,2,5,1,6,9,0,7,4,5,5,0,4,4,6,9,9,6,5,9,9,2,4,7,0,5,10,2,8,0,9,10,0,7,1,0,2,2,6,2,6,4,8,5,2,0,3,5,0,10,8,6,0,9,4,9,9,9,9,0,4,8
n219,7,0,2,0,0,3,8,0,6,9,1,6,4,0,3,7,8,7,8,9,8,6,9,9,1,1,3,10,4,2,5,1,6,9,0,7,4,5,5,0,4,4,6,9,9,6,5,9,9,2,4,7,9,5,10,2,8,0,9,10,0,7,1,0,2,2,6,2,6,4,8,5,0,0,3,5,0,10,8,6,0,9,4,9,9,9,9,0,4,8
n224,7,2,0,4,4,3,8,8,6,9,0,6,4,8,3,7,8,7,8,0,8,5,9,9,1,1,3,10,4,2,5,1,6,9,0,7,4,5,0,0,4,4,6,9,9,6,5,9,9,0,4,7,0,5,10,2,8,0,9,0,9,7,1,0,2,2,6,2,6,4,0,5,0,0,3,5,0,10,8,6,0,9,4,9,9,0,9,8,4,8
n223,7,2,0,0,4,3,8,0,6,9,0,6,4,8,3,7,8,7,8,0,8,5,9,9,1,1,3,10,4,2,5,1,6,9,0,7,4,5,0,0,4,4,6,9,9,6,5,9,9,1,4,7,0,5,10,2,8,10,9,5,9,7,1,0,2,2,6,2,6,4,4,5,9,0,3,5,0,10,8,6,0,9,4,9,9,0,9,8,4,8
n226,7,3,0,0,4,3,8,0,6,9,0,6,4,2,3,7,8,7,8,0,8,5,9,9,1,1,3,10,4,2,5,1,6,9,0,7,4,5,0,0,4,4,6,9,9,6,5,9,9,0,4,7,0,5,10,2,8,6,9,0,0,7,1,1,2,2,6,2,6,4,0,5,0,0,3,5,7,10,8,6,0,9,4,9,9,1,9,1,4,8
n225,7,3,0,0,4,3,8,0,6,9,0,6,4,2,3,7,8,7,8,3,8,5,9,9,1,1,3,10,4,2,5,1,6,9,0,7,4,5,0,0,4,4,6,9,9,6,5,9,9,0,4,7,0,5,10,2,8,6,9,8,4,7,1,1,2,2,6,2,6,4,0,5,0,0,3,5,5,10,8,6,0,9,4,9,9,1,9,8,4,8
n234,7,0,0,3,4,0,8,0,6,9,2,6,0,9,3,7,8,7,8,0,8,6,9,9,1,0,3,10,4,2,0,1,6,9,0,0,6,5,0,3,4,4,6,0,9,6,5,9,9,2,8,7,0,5,10,2,8,2,9,0,9,10,1,9,2,2,0,9,10,4,0,5,6,2,3,5,7,10,0,6,7,9,4,9,9,2,9,10,4,8
n233,7,0,0,3,4,0,8,0,6,9,2,6,0,9,3,7,8,7,8,4,8,6,9,9,1,0,3,10,4,2,0,1,6,9,0,0,6,5,0,3,4,4,6,0,9,6,5,9,9,0,8,7,0,5,10,2,8,2,9,2,9,10,1,9,2,2,0,9,0,4,0,5,6,2,3,5,7,10,5,6,0,9,4,9,9,2,9,10,4,8
n236,7,0,0,0,4,1,8,4,6,9,2,6,0,0,3,7,8,7,8,0,8,6,9,9,1,4,3,10,4,2,10,1,6,9,0,0,6,5,0,3,4,4,6,0,9,6,5,9,9,0,8,7,0,5,10,2,8,2,9,0,9,10,1,0,2,2,0,0,0,4,3,5,0,2,3,5,7,10,0,6,0,9,4,9,9,2,9,10,4,8
n235,7,5,0,0,4,0,8,4,6,9,2,6,5,3,3,7,8,7,8,0,8,6,9,9,1,4,3,10,4,2,3,1,6,9,0,0,6,5,0,3,4,4,6,0,9,6,5,9,9,0,8,7,0,5,10,2,8,2,9,0,9,10,1,0,2,2,0,9,0,4,0,5,0,2,3,5,7,10,0,6,0,9,4,9,9,2,9,10,4,8
n240,7,0,0,4,4,9,8,0,6,9,2,6,0,2,3,7,8,7,8,0,8,0,9,9,1,9,3,10,4,2,8,1,6,9,2,7,6,5,9,3,4,4,6,0,9,6,5,9,9,0,0,7,0,5,10,2,8,7,9,0,9,10,1,0,2,2,8,0,0,4,7,5,0,0,3,5,7,10,0,6,0,9,4,9,9,2,9,10,4,8
n239,7,0,0,0,4,9,8,0,6,9,2,6,0,2,3,7,8,7,8,0,8,0,9,9,1,7,3,10,4,2,3,1,6,9,2,7,6,5,9,3,4,4,6,0,9,6,5,9,9,1,0,7,0,5,10,2,8,7,9,0,9,10,1,0,2,2,8,0,0,4,0,5,7,0,3,5,7,10,4,6,0,9,4,9,9,2,9,10,4,8
n242,7,0,9,8,4,0,8,6,6,9,2,6,0,2,3,7,8,7,8,0,8,0,9,9,1,3,3,10,4,2,0,1,6,9,2,3,6,5,0,3,4,4,6,3,9,6,5,9,9,0,0,7,6,5,10,2,8,0,9,6,9,10,1,0,2,2,8,0,10,4,3,5,8,5,3,5,7,10,0,6,0,9,4,9,9,2,9,10,4,8
n241,7,7,9,8,4,0,8,6,6,9,2,6,0,2,3,7,8,7,8,0,8,0,9,9,1,0,3,10,4,2,0,1,6,9,2,3,6,5,0,3,4,4,6,0,9,6,5,9,9,0,0,7,0,5,10,2,8,1,9,6,9,10,1,0,2,2,8,0,10,4,3,5,0,5,3,5,7,10,0,6,0,9,4,9,9,2,9,10,4,8
n248,7,0,6,3,4,0,8,7,6,9,2,6,9,0,3,7,8,7,8,5,8,4,9,9,1,5,3,10,4,2,0,1,6,9,6,0,0,5,3,3,4,4,6,8,9,6,5,9,9,4,7,7,0,5,10,2,8,0,9,4,9,5,1,0,2,2,3,0,0,4,0,5,0,0,3,5,7,10,7,6,2,9,4,9,9,2,9,0,4,8
n247,7,0,6,3,4,7,8,7,6,9,2,6,0,0,3,7,8,7,8,5,8,4,9,9,1,0,3,10,4,2,0,1,6,9,6,5,10,5,3,3,4,4,6,8,9,6,5,9,9,4,0,7,0,5,10,2,8,0,9,4,9,5,1,0,2,2,3,0,0,4,0,5,0,0,3,5,7,10,7,6,2,9,4,9,9,2,9,0,4,8
n250,7,4,6,0,4,0,8,7,6,9,2,6,0,0,3,7,8,7,8,5,8,4,9,9,1,0,3,10,4,2,0,1,6,9,6,0,4,5,0,3,4,4,6,8,9,6,5,9,9,7,0,7,0,5,10,2,8,3,9,4,9,5,1,0,2,2,3,9,0,4,0,5,0,1,3,5,7,10,7,6,0,9,4,9,9,2,9,0,4,8
n249,7,4,6,0,4,1,8,7,6,9,2,6,0,0,3,7,8,7,8,5,8,4,9,9,1,0,3,10,4,2,0,1,6,9,6,0,0,5,0,3,4,4,6,8,9,6,5,9,9,7,0,7,4,5,10,2,8,0,9,4,9,5,1,0,2,2,3,10,0,4,0,5,0,1,3,5,7,10,7,6,0,9,4,9,9,2,9,9,4,8
n254,7,4,8,0,4,0,8,0,6,9,2,6,0,0,3,7,8,7,8,5,8,4,9,9,1,4,3,10,4,2,0,1,6,9,0,0,7,5,0,3,4,4,6,2,9,6,5,9,9,0,0,7,10,5,10,2,8,5,9,0,9,5,1,8,2,2,3,7,6,4,0,5,0,7,3,5,7,10,7,6,0,9,4,9,9,2,9,0,4,8
n253,7,4,8,0,4,0,8,10,6,9,2,6,0,0,3,7,8,7,8,5,8,4,9,9,1,0,3,10,4,2,0,1,6,9,0,1,0,5,0,3,4,4,6,2,9,6,5,9,9,0,0,7,0,5,10,2,8,5,9,0,9,5,1,0,2,2,3,7,6,4,0,5,5,7,3,5,7,10,7,6,0,9,4,9,9,2,9,2,4,8
n256,7,4,0,0,4,8,8,0,6,9,2,6,8,0,3,7,8,7,8,5,8,4,9,9,1,6,3,10,4,2,0,1,6,9,1,0,0,5,4,3,4,4,6,2,9,6,5,9,9,2,1,7,0,5,10,2,8,5,9,0,9,5,1,0,2,2,3,1,6,4,0,5,0,7,3,5,7,10,7,6,0,9,4,9,9,2,9,6,4,8
n255,7,4,0,0,4,8,8,0,6,9,2,6,8,0,3,7,8,7,8,5,8,4,9,9,1,0,3,10,4,2,5,1,6,9,1,0,0,5,4,3,4,4,6,2,9,6,5,9,9,2,0,7,0,5,10,2,8,5,9,0,9,5,1,0,2,2,3,0,6,4,0,5,0,7,3,5,7,10,7,6,10,9,4,9,9,2,9,6,4,8
n270,7,6,0,4,0,4,4,3,0,9,0,5,2,2,3,6,0,1,8,0,8,8,7,9,0,2,3,0,7,2,5,7,6,7,1,7,3,6,6,2,0,8,9,6,0,5,10,9,9,6,0,7,7,3,9,2,0,9,9,0,2,2,6,8,2,2,5,10,9,4,2,5,7,10,3,8,7,10,0,3,1,6,2,0,0,9,0,3,4,8
n269,7,6,10,4,0,4,4,3,0,9,0,5,2,2,3,6,0,1,8,0,8,8,7,9,0,2,3,0,7,2,5,7,6,7,1,7,3,6,6,2,0,8,9,6,0,5,10,9,9,6,0,7,7,3,9,2,0,9,9,0,2,2,6,8,2,2,5,10,0,4,2,5,7,10,3,8,7,10,9,0,0,6,0,0,0,9,0,3,4,8
n272,7,6,3,4,0,4,4,3,2,9,0,5,2,2,3,6,0,1,8,0,8,8,7,0,3,2,3,0,7,2,5,0,6,7,1,8,3,6,6,2,0,8,9,6,8,5,10,9,9,6,7,7,7,3,9,2,2,9,9,0,2,2,6,8,2,2,5,10,0,4,2,5,7,10,3,8,7,10,0,0,0,0,0,0,0,9,0,3,4,8
n271,7,6,0,4,0,4,4,3,2,9,0,5,2,2,3,6,0,1,8,0,8,8,7,0,8,2,3,0,7,2,5,0,6,7,1,0,3,6,6,2,0,8,9,6,8,5,10,9,9,6,0,7,7,3,9,2,2,9,9,0,2,2,6,8,2,2,5,10,0,4,2,5,7,10,3,8,7,10,0,0,0,0,6,0,0,9,0,3,4,8
n276,7,6,0,4,3,4,4,0,0,9,2,5,2,2,3,6,0,1,8,0,8,0,7,0,0,2,3,0,7,2,5,0,6,7,1,0,3,5,6,2,0,8,9,6,9,1,10,9,9,0,0,7,7,7,9,2,0,9,9,0,2,2,6,8,2,2,5,10,0,4,9,5,7,10,3,8,7,10,0,8,10,0,0,0,5,9,5,3,4,8
n275,7,6,0,4,0,4,4,0,0,9,2,5,2,2,3,6,6,1,8,0,8,0,7,0,0,2,3,0,7,2,5,0,6,7,1,5,3,5,6,2,0,8,9,6,9,1,10,9,9,0,0,7,7,7,9,2,0,9,9,0,2,2,6,8,2,2,5,10,0,4,7,5,7,10,3,8,7,10,0,0,10,0,6,0,5,9,5,3,4,8
n278,7,6,10,4,0,4,4,0,0,9,0,5,2,2,3,6,9,1,8,0,8,6,7,0,0,2,3,0,7,2,5,0,6,7,1,0,3,5,6,2,7,8,9,6,3,0,10,9,9,0,0,7,7,7,9,2,0,9,9,7,2,2,6,8,2,2,5,10,0,4,0,5,7,10,3,8,7,10,0,0,10,0,0,1,5,9,0,3,4,8
n277,7,6,10,4,8,4,4,0,5,9,0,5,2,2,3,6,9,1,8,0,8,6,7,0,0,2,3,0,7,2,5,3,6,7,1,0,3,0,6,2,0,8,9,6,3,0,10,9,9,1,8,7,7,7,9,2,4,9,9,7,2,2,6,8,2,2,5,10,0,4,0,5,7,10,3,8,7,10,1,0,10,10,0,1,0,9,0,3,4,8
n284,7,6,8,4,6,4,4,6,2,9,0,5,2,2,3,6,7,1,8,0,8,2,7,0,1,2,3,6,7,2,5,7,6,7,0,2,3,0,5,2,1,8,9,6,0,2,10,9,9,0,0,7,7,0,9,2,8,2,9,0,2,2,6,8,2,2,5,10,2,4,0,5,7,10,3,8,4,10,0,7,0,0,8,9,5,9,0,0,4,7
n283,7,6,8,4,6,4,4,0,2,9,0,5,2,2,3,6,7,1,8,0,8,2,7,0,1,2,3,6,7,2,5,7,6,7,0,2,3,0,5,2,1,8,9,6,0,2,10,9,9,0,0,7,7,0,9,2,0,2,9,0,2,2,6,8,2,2,5,10,2,4,0,5,7,10,3,8,4,10,3,7,0,0,8,9,5,9,0,0,4,7
n286,7,6,8,4,6,4,4,7,0,9,0,5,2,2,3,6,7,1,8,0,8,2,7,0,1,2,3,2,7,2,5,7,6,7,2,2,3,0,5,2,1,8,9,6,0,2,10,9,9,0,0,7,7,0,9,2,7,2,9,6,2,2,6,8,2,2,5,10,0,4,0,5,7,10,3,8,4,10,3,7,0,0,8,0,0,9,8,0,4,7
n285,7,6,8,4,6,4,4,0,0,9,0,5,2,2,3,6,7,1,8,0,8,2,7,0,1,2,3,0,7,2,5,7,6,7,2,2,3,0,5,2,1,8,9,6,0,2,10,9,9,0,10,7,7,0,9,2,7,2,9,0,2,2,6,8,2,2,5,10,0,4,0,5,7,10,3,8,4,10,3,7,0,0,8,0,0,9,8,0,4,7
n290,7,6,8,4,0,4,4,0,0,9,0,5,2,2,3,6,0,1,8,0,8,1,7,0,1,2,3,0,7,2,5,7,6,7,7,2,3,8,5,2,0,8,9,6,5,2,10,9,9,9,0,7,7,0,9,2,0,2,9,9,2,2,6,8,2,2,5,10,0,4,0,5,7,10,3,8,0,10,7,2,0,1,0,0,10,9,0,6,4,7
n289,7,6,8,4,0,4,4,0,0,9,0,5,2,2,3,6,5,1,8,0,8,1,7,0,1,2,3,0,7,2,5,7,6,7,0,2,3,8,5,2,0,8,9,6,5,2,10,9,9,9,0,7,7,0,9,2,0,2,9,9,2,2,6,8,2,2,5,10,0,4,0,5,7,10,3,8,0,10,7,2,8,1,7,4,8,9,0,10,4,7
n292,7,6,8,4,0,4,4,0,0,9,4,5,2,2,3,6,8,1,8,2,8,1,7,0,1,2,3,0,7,2,5,7,6,7,0,2,3,0,5,2,1,8,9,6,5,2,10,9,9,0,0,7,7,0,9,2,6,2,9,9,2,2,6,8,2,2,5,10,0,4,2,5,7,10,3,8,0,10,7,1,0,1,0,0,6,9,0,5,4,7
n291,7,6,8,4,0,4,4,7,0,9,4,5,2,2,3,6,0,1,8,2,8,1,7,0,1,2,3,0,7,2,5,7,6,7,0,2,3,2,5,2,1,8,9,6,5,2,10,9,9,0,0,7,7,7,9,2,6,2,9,9,2,2,6,8,2,2,5,10,0,4,0,5,7,10,3,8,0,10,7,0,0,1,0,0,6,9,0,5,4,7
n300,7,6,0,4,4,8,4,0,0,9,0,5,2,2,3,6,7,1,8,0,8,0,3,0,0,2,3,4,7,2,5,2,6,7,0,1,3,0,7,2,7,8,9,6,1,10,10,9,9,0,0,7,7,5,9,2,3,3,9,1,2,2,6,8,2,2,5,10,0,4,0,5,7,10,3,0,0,10,9,5,3,7,6,0,3,0,7,4,4,0
n299,7,6,0,4,4,8,4,0,0,9,0,5,2,2,3,6,0,1,8,9,8,5,3,0,0,2,3,4,7,2,5,2,6,7,0,1,3,0,7,2,7,8,9,6,1,10,10,9,9,0,0,7,7,5,9,2,3,3,9,1,2,2,6,8,2,2,5,10,7,4,0,5,7,10,3,0,0,10,9,5,3,7,0,0,3,8,7,4,4,0
n302,7,6,7,4,4,0,4,3,0,9,6,5,2,2,3,6,0,1,8,0,8,0,3,7,0,2,3,4,7,2,5,2,6,7,5,0,3,8,7,2,7,8,9,6,1,10,10,9,9,10,0,7,7,5,9,2,3,3,9,1,2,2,6,8,2,2,5,10,0,4,0,5,7,10,3,0,10,10,9,5,3,7,0,3,3,0,7,4,4,0
n301,7,6,7,4,4,0,4,3,0,9,0,5,2,2,3,6,0,1,8,0,8,0,3,7,0,2,3,4,7,2,5,2,6,7,0,0,3,8,7,2,7,8,9,6,1,10,10,9,9,2,0,7,7,5,9,2,3,3,9,1,2,2,6,8,2,2,5,10,0,4,9,5,7,10,3,0,0,10,9,5,3,7,0,4,3,0,7,4,4,0
n306,7,6,7,4,4,3,4,0,1,9,0,5,2,2,3,6,5,1,8,7,8,10,3,0,2,2,3,4,7,2,5,2,6,7,7,6,3,9,7,2,0,8,9,6,1,10,10,9,9,10,0,7,7,5,9,2,0,7,9,1,2,2,6,8,2,2,5,10,0,4,1,5,7,10,3,5,0,10,9,0,3,3,0,0,3,0,7,0,4,0
n305,7,6,7,4,4,3,4,0,1,9,0,5,2,2,3,6,0,1,8,8,8,10,3,0,2,2,3,4,7,2,5,2,6,7,7,6,3,9,7,2,0,8,9,6,1,10,10,9,9,10,0,7,7,5,9,2,0,0,9,1,2,2,6,8,2,2,5,10,7,4,1,5,7,10,3,5,9,10,9,0,3,3,7,0,3,0,7,0,4,0
n308,7,6,0,4,4,3,4,4,9,9,0,5,2,2,3,6,0,1,8,0,8,10,3,0,0,2,3,4,7,2,5,2,6,7,7,6,3,9,7,2,0,8,9,6,1,10,10,9,9,0,0,7,7,5,9,2,0,0,9,1,2,2,6,8,2,2,5,10,0,4,1,5,7,10,3,0,4,10,9,0,3,0,7,0,3,5,7,0,4,10
n307,7,6,0,4,4,3,4,0,9,9,0,5,2,2,3,6,0,1,8,0,8,10,3,2,0,2,3,4,7,2,5,2,6,7,7,6,3,9,7,2,0,8,9,6,1,10,10,9,9,0,0,7,7,5,9,2,8,0,9,1,2,2,6,8,2,2,5,10,0,4,1,5,7,10,3,0,0,10,9,0,3,0,7,0,3,0,7,0,4,2
n314,7,6,0,4,9,0,4,0,10,9,0,5,2,2,3,6,0,1,8,3,8,0,3,8,4,2,3,4,7,2,5,0,6,7,0,0,3,5,7,2,0,8,9,6,1,5,10,9,9,0,0,7,7,5,9,2,4,8,9,1,2,2,6,8,2,2,5,10,0,4,0,5,7,10,3,2,3,10,9,5,3,0,0,0,3,0,7,0,4,5
n313,7,6,0,4,9,0,4,0,10,9,8,5,2,2,3,6,0,1,8,2,8,0,3,8,0,2,3,4,7,2,5,0,6,7,0,0,3,5,7,2,0,8,9,6,1,1,10,9,9,0,0,7,7,5,9,2,4,10,9,1,2,2,6,8,2,2,5,10,0,4,0,5,7,10,3,2,3,10,9,5,3,0,0,0,3,0,7,0,4,5
n316,7,6,0,4,8,0,4,0,10,9,1,5,2,2,3,6,0,1,8,6,8,3,3,7,0,2,3,4,7,2,5,1,6,7,0,0,3,5,7,2,0,8,9,6,1,10,10,9,9,0,4,7,7,5,9,2,4,0,9,1,2,2,6,8,2,2,5,10,0,4,1,5,7,10,3,2,3,10,9,5,3,0,0,0,3,0,7,0,4,5
n315,7,6,2,4,0,0,4,2,10,9,1,5,2,2,3,6,0,1,8,6,8,3,3,0,0,2,3,4,7,2,5,1,6,7,0,0,3,5,7,2,1,8,9,6,1,0,10,9,9,10,0,7,7,5,9,2,4,0,9,1,2,2,6,8,2,2,5,10,0,4,1,5,7,10,3,2,3,10,9,0,3,0,0,0,3,0,7,0,4,5
n320,7,6,0,4,10,0,4,4,0,9,2,5,2,2,3,6,4,1,8,0,8,0,3,0,1,2,3,4,7,2,5,0,6,7,0,0,3,5,7,2,0,8,9,6,1,0,10,9,9,0,0,7,7,5,9,2,4,0,9,1,2,2,6,8,2,2,5,10,0,4,0,5,7,10,3,2,2,10,9,0,3,0,0,0,3,10,7,5,4,5
n319,7,6,0,4,10,0,4,4,0,9,0,5,2,2,3,6,7,1,8,0,8,0,3,0,1,2,3,4,7,2,5,0,6,7,0,0,3,5,7,2,0,8,9,6,1,0,10,9,9,0,1,7,7,5,9,2,4,0,9,1,2,2,6,8,2,2,5,10,4,4,0,5,7,10,3,2,0,10,9,0,3,0,0,0,3,10,7,0,4,5
n322,7,6,0,4,0,0,4,4,5,9,8,5,2,2,3,6,0,1,8,0,8,0,3,0,1,2,3,4,7,2,5,2,6,7,6,0,3,5,7,2,5,8,9,6,1,0,10,9,9,0,0,7,7,5,9,2,4,0,9,1,2,2,6,8,2,2,5,10,0,4,0,5,7,10,3,2,0,10,9,7,3,0,0,0,3,0,7,0,4,5
n321,7,6,0,4,0,0,4,4,5,9,8,5,2,2,3,6,0,1,8,0,8,5,3,0,1,2,3,4,7,2,5,8,6,7,6,0,3,5,7,2,0,8,9,6,1,9,10,9,9,4,0,7,7,5,9,2,4,0,9,1,2,2,6,8,2,2,5,10,0,4,0,5,7,10,3,2,0,10,9,7,3,0,0,0,3,0,7,0,4,5
n332,0,7,9,4,0,3,4,4,8,9,0,5,2,2,3,7,9,1,8,0,8,10,9,7,9,2,3,1,9,2,5,10,6,7,0,7,3,0,3,2,8,8,9,6,10,1,10,9,9,2,0,7,7,9,0,2,5,9,9,0,2,2,6,8,0,2,5,0,3,4,0,5,7,10,3,0,4,10,9,1,0,7,4,8,0,0,10,6,4,9
n331,6,7,9,4,0,3,4,4,8,9,0,5,2,2,3,7,0,1,8,0,8,10,9,7,0,2,3,1,9,2,5,10,6,7,6,7,3,0,3,2,0,8,9,6,10,1,10,9,9,2,0,7,7,0,0,2,5,9,9,0,2,2,6,8,0,2,5,2,0,4,0,5,7,10,3,0,4,10,9,1,0,7,4,8,0,0,10,6,4,9
n334,0,7,9,4,0,3,4,4,8,9,0,5,2,2,3,7,0,1,8,0,8,10,9,7,0,2,3,1,3,2,5,10,6,7,0,7,3,0,3,2,4,8,9,6,10,1,10,9,9,2,0,7,7,0,0,2,5,9,9,0,2,2,6,8,0,2,5,1,0,4,0,5,7,10,3,7,4,10,9,1,2,4,4,8,0,0,10,6,4,9
n333,0,7,9,4,0,3,4,4,8,9,0,5,2,2,3,7,0,1,8,0,8,10,9,7,0,2,3,1,0,2,5,10,6,7,0,7,3,9,3,2,4,8,9,6,10,1,10,9,9,2,0,7,7,0,0,2,5,9,9,0,2,2,6,8,6,2,5,0,0,4,0,5,7,10,3,0,4,10,9,1,0,4,4,8,0,0,10,6,4,9
n338,4,3,9,4,0,3,4,4,0,9,0,5,2,2,3,7,7,1,8,0,8,10,9,7,4,2,3,1,0,2,5,0,6,7,0,7,3,0,3,2,2,8,9,6,10,1,10,9,9,2,2,7,7,6,0,2,5,0,9,0,2,2,6,8,5,2,5,0,0,4,0,5,7,10,3,0,4,10,9,1,4,1,4,8,10,0,10,6,4,9
n337,4,1,9,4,0,3,4,4,9,9,0,5,2,2,3,7,7,1,8,0,8,10,9,7,4,2,3,1,0,2,5,4,6,7,0,7,3,0,3,2,2,8,9,6,10,1,10,9,9,2,0,7,7,6,0,2,5,0,9,0,2,2,6,8,5,2,5,0,0,4,0,5,7,10,3,0,4,10,9,1,4,1,4,8,10,2,10,6,4,9
n340,4,9,9,4,1,3,4,4,0,9,0,5,2,2,3,7,7,1,8,0,8,10,9,7,3,2,3,1,8,2,5,8,6,7,8,7,3,0,3,2,6,8,9,6,10,1,10,9,9,2,0,7,7,0,7,2,5,0,9,0,2,2,6,8,2,2,5,0,0,4,0,5,7,10,3,0,4,10,9,1,4,1,4,8,0,0,10,6,4,9
n339,4,9,9,4,1,3,4,4,0,9,0,5,2,2,3,7,7,1,8,0,8,10,9,7,0,2,3,1,8,2,5,8,6,7,8,7,3,1,3,2,6,8,9,6,10,1,10,9,9,2,0,7,7,0,0,2,5,0,9,0,2,2,6,8,2,2,5,0,9,4,0,5,7,10,3,10,4,10,9,1,4,1,4,8,0,0,10,6,4,9
n346,4,0,9,4,0,3,4,4,0,9,9,5,2,2,3,7,0,1,8,1,8,10,9,7,6,2,3,1,0,2,5,0,6,7,0,7,3,0,3,2,0,8,9,6,2,1,10,9,9,2,1,7,7,0,3,2,5,1,9,0,2,2,6,8,8,2,5,0,4,4,0,5,7,10,3,0,4,10,9,1,9,3,4,8,0,4,10,6,4,9
n345,4,4,9,4,0,3,4,4,2,9,9,5,2,2,3,7,9,1,8,1,8,10,9,7,6,2,3,1,10,2,5,0,6,7,0,7,3,0,3,2,0,8,9,6,2,1,10,9,9,2,1,7,7,0,3,2,5,0,9,0,2,2,6,8,8,2,5,0,4,4,3,5,7,10,3,0,4,10,9,1,9,3,4,8,0,4,10,6,4,9
n348,4,0,9,4,6,3,4,4,5,9,2,5,2,2,3,7,0,1,8,1,8,10,9,7,6,2,3,1,9,2,5,0,6,7,0,7,3,0,3,2,0,8,9,6,0,1,10,9,9,2,1,7,7,0,3,2,5,0,9,5,2,2,6,8,8,2,5,0,4,4,9,5,7,10,3,0,4,10,9,1,9,3,4,8,0,0,10,6,4,9
n347,4,0,9,4,0,3,4,4,7,9,2,5,2,2,3,7,0,1,8,1,8,10,9,7,6,2,3,1,0,2,5,0,6,7,0,7,3,0,3,2,0,8,9,6,0,1,10,9,9,2,1,7,7,0,3,2,5,0,9,5,2,2,6,8,8,2,5,7,4,4,9,5,7,10,3,0,4,10,9,1,9,3,4,8,4,0,10,6,4,9
n352,5,0,9,4,8,3,4,4,0,9,7,5,2,2,3,7,0,1,8,8,8,10,9,7,6,2,3,1,10,2,5,0,6,7,0,7,3,5,3,2,0,8,9,6,0,1,10,9,9,2,1,7,7,9,3,2,5,0,9,0,2,2,6,8,8,2,5,0,0,4,7,5,7,10,3,4,4,10,9,1,9,3,4,8,0,6,10,6,4,9
n351,5,0,9,4,0,3,4,4,10,9,7,5,2,2,3,7,0,1,8,5,8,10,9,7,6,2,3,1,1,2,5,0,6,7,0,7,3,5,3,2,0,8,9,6,8,1,10,9,9,2,1,7,7,9,3,2,5,0,9,0,2,2,6,8,8,2,5,3,0,4,0,5,7,10,3,4,4,10,9,1,9,3,4,8,0,6,10,6,4,9
n354,5,0,9,4,4,3,4,4,0,9,0,5,2,2,3,7,0,1,8,10,8,10,9,7,6,2,3,1,2,2,5,10,6,7,3,7,3,5,3,2,0,8,9,6,10,1,10,9,9,2,1,7,7,7,3,2,5,1,9,0,2,2,6,8,8,2,5,3,9,4,0,5,7,10,3,0,4,10,9,1,9,3,4,8,0,6,10,6,4,9
n353,5,0,9,4,0,3,4,4,0,9,8,5,2,2,3,7,0,1,8,0,8,10,9,7,6,2,3,1,2,2,5,0,6,7,0,7,3,5,3,2,0,8,9,6,10,1,10,9,9,2,1,7,7,0,3,2,5,0,9,0,2,2,6,8,8,2,5,0,9,4,0,5,7,10,3,3,4,10,9,1,9,3,4,8,0,6,10,6,4,9
n362,5,0,9,4,2,3,4,4,6,9,0,5,2,2,3,4,0,1,8,6,8,10,9,7,0,2,3,1,0,2,5,2,6,7,7,7,3,7,3,2,0,8,9,6,3,0,10,9,9,8,3,7,7,1,5,2,10,9,9,5,2,2,6,8,10,2,5,0,10,4,1,5,7,10,3,2,5,10,2,0,9,9,4,6,1,0,7,0,4,9
n361,5,0,9,4,2,3,4,4,6,9,0,5,2,2,3,4,0,1,8,6,8,10,9,7,0,2,3,1,0,2,5,2,6,7,7,7,3,7,3,2,0,8,9,6,3,0,10,9,9,8,3,7,7,1,0,2,0,9,9,5,2,2,6,8,10,2,5,4,10,4,0,5,7,10,3,2,5,10,2,0,9,9,4,6,1,0,7,0,4,9
n364,5,2,9,4,2,3,4,4,6,9,10,5,2,2,3,0,7,1,8,6,8,10,9,7,0,2,3,1,2,2,5,2,6,7,7,7,3,7,3,2,4,8,9,6,0,0,10,9,9,8,3,7,7,1,0,2,0,0,9,5,2,2,6,8,10,2,5,9,10,4,0,5,7,10,3,5,5,10,2,0,9,9,4,6,1,6,7,3,4,9
n363,5,0,9,4,2,3,4,4,6,9,0,5,2,2,3,0,0,1,8,6,8,10,9,7,7,2,3,1,2,2,5,2,6,7,7,7,3,7,3,2,2,8,9,6,0,0,10,9,9,8,3,7,7,1,0,2,5,0,9,5,2,2,6,8,10,2,5,0,10,4,0,5,7,10,3,3,5,10,2,0,9,9,4,6,1,6,7,0,4,9
n368,5,0,9,4,2,3,4,4,6,9,0,5,2,2,3,0,0,1,8,0,8,10,9,7,0,2,3,1,0,2,5,0,6,7,7,7,3,7,3,2,0,8,9,6,0,6,10,9,9,7,3,7,7,3,0,2,0,0,9,5,2,2,6,8,2,2,5,4,10,4,0,5,7,10,3,9,5,10,2,9,0,8,4,0,1,8,7,0,4,9
n367,5,5,9,4,2,3,4,4,6,9,0,5,2,2,3,0,0,1,8,0,8,10,9,7,0,2,3,1,0,2,5,1,6,7,7,7,3,7,3,2,0,8,9,6,0,6,10,9,9,7,3,7,7,3,0,2,0,1,9,5,2,2,6,8,2,2,5,4,10,4,0,5,7,10,3,9,5,10,2,0,0,8,4,0,1,8,7,3,4,9
n370,5,0,9,4,2,3,4,4,6,9,0,5,2,2,3,0,6,1,8,0,8,10,9,7,4,2,3,1,0,2,5,0,6,7,7,7,3,7,3,2,0,8,9,6,2,6,10,9,9,2,3,7,7,0,0,2,0,0,9,5,2,2,6,8,2,2,5,1,10,4,0,5,7,10,3,0,5,10,2,0,0,8,4,0,1,8,7,0,4,9
n369,5,0,9,4,2,3,4,4,6,9,0,5,2,2,3,0,6,1,8,0,8,10,9,7,0,2,3,1,9,2,5,0,6,7,7,7,3,7,3,2,3,8,9,6,0,6,10,9,9,2,3,7,7,0,9,2,0,0,9,5,2,2,6,8,2,2,5,0,10,4,4,5,7,10,3,0,5,10,2,0,0,8,4,0,1,8,7,0,4,9
n376,5,0,9,4,2,3,4,4,8,9,5,5,2,2,3,7,5,1,8,0,8,10,9,7,10,2,3,1,5,2,5,0,6,7,0,7,3,2,3,2,9,8,9,6,0,0,10,9,9,9,4,7,7,2,0,2,5,0,9,5,2,2,6,8,0,2,5,1,0,4,0,5,7,10,3,1,5,10,0,0,3,0,4,4,1,2,8,7,4,9
n375,5,0,9,4,2,3,4,4,8,9,5,5,2,2,3,7,5,1,8,0,8,10,9,7,10,2,3,1,5,2,5,0,6,7,0,7,3,0,3,2,9,8,9,6,0,0,10,9,9,9,4,7,7,2,0,2,5,4,9,5,2,2,6,8,0,2,5,4,0,4,0,5,7,10,3,1,5,10,0,0,3,0,4,7,1,2,8,7,4,9
n378,5,10,9,4,2,3,4,4,8,9,5,5,2,2,3,7,5,1,8,9,8,10,9,7,10,2,3,1,5,2,5,0,6,7,5,7,3,0,3,2,0,8,9,6,7,0,10,9,9,9,2,7,7,2,10,2,5,0,9,5,2,2,6,8,0,2,5,0,3,4,0,5,7,10,3,1,5,10,8,2,3,0,4,0,1,2,0,0,4,9
n377,5,0,9,4,2,3,4,4,8,9,5,5,2,2,3,7,5,1,8,0,8,10,9,7,10,2,3,1,5,2,5,0,6,7,10,7,3,0,3,2,0,8,9,6,0,0,10,9,9,9,0,7,7,2,10,2,5,6,9,5,2,2,6,8,0,2,5,9,0,4,0,5,7,10,3,1,5,10,7,2,3,0,4,0,1,2,0,0,4,9
n382,5,1,9,4,2,3,4,4,0,9,0,5,2,2,3,0,6,1,8,1,8,10,9,7,7,2,3,1,5,2,5,10,6,7,7,7,3,0,3,2,0,8,9,6,1,0,10,9,9,3,0,7,7,2,4,2,1,10,9,5,2,2,6,8,0,2,5,1,9,4,0,5,7,10,3,1,5,10,0,10,6,4,4,6,1,2,0,9,4,9
n381,5,1,9,4,2,3,4,4,0,9,0,5,2,2,3,0,6,1,8,1,8,10,9,7,7,2,3,1,5,2,5,10,6,7,7,7,3,0,3,2,0,8,9,6,1,0,10,9,9,3,0,7,7,0,10,2,0,0,9,5,2,2,6,8,0,2,5,1,9,4,0,5,7,10,3,1,5,10,2,0,6,4,4,0,1,2,0,9,4,9
n384,5,1,9,4,2,3,4,4,0,9,0,5,2,2,3,0,6,1,8,9,8,10,9,7,1,2,3,1,5,2,5,10,6,7,0,7,3,0,3,2,0,8,9,6,10,0,10,9,9,0,10,7,7,0,3,2,0,0,9,5,2,2,6,8,5,2,5,0,0,4,0,5,7,10,3,1,5,10,0,10,6,4,4,0,1,2,9,9,4,9
n383,5,1,9,4,2,3,4,4,0,9,0,5,2,2,3,1,6,1,8,0,8,10,9,7,1,2,3,1,5,2,5,10,6,7,0,7,3,0,3,2,6,8,9,6,0,0,10,9,9,0,5,7,7,0,0,2,3,0,9,5,2,2,6,8,0,2,5,0,0,4,0,5,7,10,3,1,5,10,0,0,6,4,4,0,1,2,9,9,4,9
n396,9,4,0,4,0,8,4,5,1,9,2,9,3,2,3,0,2,1,8,0,8,3,8,10,3,0,3,3,1,2,5,2,6,2,2,10,3,6,7,9,10,8,4,9,0,8,10,9,9,0,3,7,4,10,3,2,5,6,9,5,2,6,6,8,1,2,5,5,10,7,10,5,7,10,3,8,6,10,0,8,9,0,0,0,1,7,8,9,4,0
n395,9,4,0,4,0,8,4,5,1,9,2,9,3,2,3,0,2,1,8,0,8,3,8,10,3,0,3,3,1,2,7,0,6,2,2,10,3,6,7,9,10,8,4,9,0,8,10,9,9,0,3,7,4,10,3,2,5,6,9,5,2,6,6,8,1,2,5,5,10,7,10,5,7,10,3,8,6,10,0,8,9,0,0,4,1,7,8,9,4,0
n398,9,4,0,4,3,8,4,5,1,9,2,9,3,2,3,0,2,1,8,8,8,0,8,10,3,0,3,3,0,2,6,0,6,2,2,10,3,6,7,9,10,8,4,9,0,8,10,9,9,0,1,7,4,10,3,2,5,6,9,5,2,6,6,8,1,2,5,5,10,7,0,5,7,10,3,8,6,10,0,8,9,0,0,0,1,7,8,9,4,8
n397,9,4,9,4,3,8,4,5,1,9,2,9,3,2,3,8,2,1,8,0,8,0,8,10,3,0,3,3,0,2,6,3,6,2,2,10,3,6,7,9,10,8,4,9,6,8,10,9,9,7,1,7,4,10,3,2,5,6,9,5,2,6,6,8,1,2,5,5,10,7,0,5,7,10,3,8,6,10,0,8,9,0,0,0,1,7,8,9,4,8
n402,0,4,0,4,0,8,4,5,1,9,10,9,0,2,3,0,2,1,8,7,8,0,8,10,3,0,3,3,0,2,0,2,6,2,7,10,3,6,6,9,10,8,4,9,0,8,10,9,9,0,0,7,4,10,3,2,0,6,9,5,2,6,6,8,1,2,5,5,10,0,0,5,7,10,3,8,6,10,2,8,0,0,0,10,1,0,8,0,4,0
n401,0,4,0,4,0,8,4,5,1,9,10,9,0,2,3,0,2,1,8,0,8,0,8,10,3,5,3,3,3,2,0,10,6,2,7,10,3,6,6,9,10,8,4,9,0,8,10,9,9,0,0,7,4,10,3,2,0,6,9,5,2,6,6,8,1,2,5,5,10,0,0,5,7,10,3,8,6,10,0,8,9,0,0,10,1,0,8,0,4,9
n404,0,4,0,4,0,8,4,5,1,9,10,9,0,2,3,8,2,1,8,8,8,5,8,10,3,0,3,3,0,2,8,0,6,2,7,10,3,6,0,9,10,8,4,9,0,8,10,9,9,0,0,7,4,10,3,2,10,6,9,5,2,6,6,8,1,2,5,5,10,0,0,5,7,10,3,8,6,10,0,8,5,0,0,10,1,6,8,7,4,0
n403,6,4,0,4,2,8,4,5,1,9,10,9,0,2,3,0,2,1,8,0,8,5,8,10,3,0,3,3,0,2,0,0,6,2,7,10,3,6,5,9,10,8,4,9,0,8,10,9,9,7,2,7,4,10,3,2,10,6,9,5,2,6,6,8,1,2,5,5,10,0,0,5,7,10,3,8,6,10,0,8,0,0,0,10,1,6,8,7,4,7
n410,5,4,4,4,0,8,4,5,1,9,2,9,8,2,3,0,2,1,8,0,8,0,0,10,3,0,3,3,9,2,0,4,6,2,1,10,3,6,0,9,10,8,4,3,0,8,10,9,9,0,0,7,5,10,3,2,1,6,9,5,2,6,6,8,1,2,5,6,10,0,0,5,7,10,3,8,6,10,0,8,0,0,4,3,1,4,8,0,4,7
n409,5,4,4,4,0,8,4,5,1,9,2,9,8,2,3,7,2,1,8,0,8,4,0,10,3,0,3,3,9,2,0,4,6,2,1,10,3,6,0,9,10,8,4,3,0,8,10,9,9,8,0,7,5,10,3,2,1,6,9,5,2,6,6,8,1,2,5,6,10,0,0,5,7,10,3,8,6,10,0,8,0,10,4,3,1,4,8,0,4,7
n412,5,4,0,4,0,8,4,5,1,9,0,9,8,2,3,0,2,1,8,0,8,10,0,10,3,10,3,3,9,2,0,4,6,2,0,10,3,6,0,9,10,8,4,3,0,8,10,9,9,9,9,7,5,10,3,2,1,6,9,5,2,6,6,8,1,2,5,0,10,2,0,5,7,10,3,8,6,10,7,8,10,0,4,3,1,0,8,0,4,7
n411,5,4,0,4,0,8,4,5,1,9,0,9,8,2,3,0,2,1,8,0,8,0,6,10,3,0,3,3,9,2,0,4,6,2,0,10,3,6,0,9,10,8,4,3,0,8,10,9,9,9,9,7,5,10,3,2,1,6,9,5,2,6,6,8,1,2,5,0,10,2,0,5,7,10,3,8,6,10,7,8,0,0,4,3,1,0,8,0,4,7
n416,1,4,5,4,0,8,4,5,1,9,0,9,5,2,3,5,2,1,8,4,8,0,10,10,3,0,3,3,9,2,0,4,6,2,3,10,3,6,0,9,10,8,4,3,0,8,10,9,9,6,1,7,5,10,3,2,0,6,9,5,2,6,6,8,1,2,5,9,10,0,0,5,7,10,3,8,6,10,0,8,8,0,4,3,1,0,8,5,4,0
n415,1,4,5,4,0,8,4,5,1,9,0,9,5,2,3,5,2,1,8,4,8,10,10,10,3,0,3,3,9,2,0,4,6,2,3,10,3,6,0,9,10,8,4,3,0,8,10,9,9,6,1,7,5,10,3,2,0,6,9,5,2,6,6,8,1,2,5,9,10,0,0,5,7,10,3,8,6,10,0,8,8,8,4,3,1,0,8,0,4,0
n418,10,4,5,4,0,8,4,5,1,9,3,9,5,2,3,1,2,1,8,4,8,0,8,10,3,0,3,3,9,2,0,4,6,2,2,10,3,6,9,9,10,8,4,3,0,8,10,9,9,9,1,7,5,10,3,2,10,6,9,5,2,6,6,8,1,2,5,0,10,0,6,5,7,10,3,8,6,10,0,8,8,0,4,3,1,0,8,4,4,0
n417,0,4,5,4,0,8,4,5,1,9,0,9,0,2,3,0,2,1,8,4,8,0,8,10,3,0,3,3,9,2,0,4,6,2,2,10,3,6,9,9,10,8,4,3,0,8,10,9,9,0,1,7,5,10,3,2,10,6,9,5,2,6,6,8,1,2,5,0,10,0,6,5,7,10,3,8,6,10,0,8,8,0,4,3,1,9,8,4,4,10
n426,0,0,4,4,7,0,4,5,1,9,7,7,2,2,3,3,2,1,8,10,8,0,6,10,3,7,3,3,1,2,0,4,6,2,0,10,3,0,3,9,10,8,4,0,2,0,10,9,9,0,0,7,0,0,3,2,9,6,9,5,2,6,6,8,0,2,5,0,10,0,8,5,7,10,3,8,0,10,3,1,0,0,2,8,6,0,8,8,4,0
n425,0,0,0,4,7,0,4,5,1,9,7,0,2,2,3,3,2,1,8,10,8,0,0,10,3,7,3,3,0,2,0,4,6,2,0,10,3,0,3,9,10,8,4,0,2,0,10,9,9,0,0,7,6,0,3,2,9,6,9,5,2,6,6,8,0,2,5,0,10,0,8,5,7,10,3,8,3,10,0,1,0,0,2,0,6,0,8,8,4,0
n428,0,0,7,4,7,0,4,5,1,9,7,6,2,2,3,3,2,1,8,2,8,3,0,10,3,7,3,3,0,2,0,4,6,2,5,10,3,0,3,9,10,8,4,0,2,0,10,9,9,7,6,7,8,9,3,2,9,6,9,5,2,6,6,8,0,2,5,8,10,0,8,5,7,10,3,8,7,10,7,1,1,0,2,10,6,0,8,1,4,0
n427,0,0,0,4,7,0,4,5,1,9,7,6,2,2,3,3,2,1,8,2,8,3,0,10,3,7,3,3,0,2,0,4,6,2,5,10,3,0,3,9,10,8,4,0,2,0,10,9,9,7,0,7,8,9,3,2,9,6,9,5,2,6,6,8,0,2,5,8,10,0,8,5,7,10,3,8,7,10,7,1,4,0,2,0,6,10,8,0,4,0
n432,0,2,0,4,7,6,4,5,1,9,0,0,2,2,3,3,2,1,8,0,8,0,0,10,3,7,3,3,0,2,0,4,6,2,10,10,3,0,3,9,10,8,4,0,2,4,10,9,9,0,0,7,0,0,3,2,0,6,9,5,2,6,6,8,5,2,5,9,10,0,8,5,7,10,3,8,0,10,6,1,5,0,2,4,6,0,8,0,4,2
n431,0,2,0,4,7,0,4,5,1,9,0,0,2,2,3,3,2,1,8,0,8,0,0,10,3,7,3,3,0,2,0,4,6,2,10,10,3,0,3,9,10,8,4,0,2,4,10,9,9,5,0,7,0,4,3,2,0,6,9,5,2,6,6,8,5,2,5,9,10,4,8,5,7,10,3,8,2,10,6,1,5,0,2,4,6,0,8,6,4,2
n434,10,0,10,4,7,5,4,5,1,9,6,2,2,2,3,0,2,1,8,0,8,0,0,10,3,7,3,3,4,2,0,4,6,2,0,10,3,0,3,9,10,8,4,10,2,9,10,9,9,0,0,7,0,8,3,2,0,6,9,5,2,6,6,8,8,2,5,0,10,0,8,5,7,10,3,8,0,10,0,1,0,0,2,0,6,0,8,0,4,0
n433,10,0,10,4,7,0,4,5,1,9,6,2,2,2,3,0,2,1,8,0,8,0,0,10,3,7,3,3,4,2,0,4,6,2,9,10,3,0,3,9,10,8,4,0,2,0,10,9,9,0,0,7,0,0,3,2,0,6,9,5,2,6,6,8,8,2,5,0,10,0,8,5,7,10,3,8,0,10,0,1,0,0,2,0,6,0,8,0,4,0
n440,3,8,0,4,0,1,4,5,1,9,0,0,2,2,3,0,2,1,8,0,8,6,4,10,3,7,3,3,0,2,7,4,6,2,0,10,3,1,3,9,10,8,4,10,2,4,10,9,9,0,0,7,0,2,3,2,8,5,9,5,2,6,6,8,10,2,5,0,10,0,8,5,7,10,3,8,0,10,9,1,0,0,2,2,0,0,8,0,4,7
n439,0,8,0,4,6,1,4,5,1,9,0,0,2,2,3,0,2,1,8,0,8,0,4,10,3,7,3,3,0,2,7,4,6,2,0,10,3,1,3,9,10,8,4,0,2,4,10,9,9,0,0,7,0,2,3,2,8,5,9,5,2,6,6,8,0,2,5,0,10,0,8,5,7,10,3,8,1,10,9,1,0,0,2,0,1,5,8,0,4,7
n442,4,8,0,4,3,0,4,5,1,9,0,5,2,2,3,0,2,1,8,10,8,0,4,10,3,7,3,3,0,2,7,4,6,2,0,10,3,1,3,9,10,8,4,10,2,4,10,9,9,0,10,7,9,2,3,2,8,5,9,5,2,6,6,8,0,2,5,0,10,0,8,5,7,10,3,8,3,10,10,1,0,0,2,0,0,0,8,0,4,7
n441,0,8,0,4,0,0,4,5,1,9,9,5,2,2,3,0,2,1,8,0,8,0,4,10,3,7,3,3,0,2,7,4,6,2,6,10,3,1,3,9,10,8,4,10,2,4,10,9,9,3,0,7,0,2,3,2,8,5,9,5,2,6,6,8,0,2,5,0,10,10,8,5,7,10,3,8,3,10,0,1,8,0,2,9,6,0,8,0,4,7
n446,0,8,0,4,1,0,4,5,1,9,0,0,2,2,3,0,2,1,8,9,8,4,4,10,3,7,3,3,0,2,5,4,6,2,0,10,3,3,3,9,10,8,4,4,2,0,10,9,9,0,0,7,0,2,3,2,5,5,9,5,2,6,6,8,0,2,5,0,10,7,8,5,7,10,3,8,6,10,0,1,0,9,2,6,0,0,8,0,4,7
n445,0,8,0,4,1,10,4,5,1,9,0,0,2,2,3,0,2,1,8,9,8,4,4,10,3,7,3,3,0,2,5,4,6,2,0,10,3,0,3,9,10,8,4,4,2,10,10,9,9,0,0,7,0,2,3,2,10,5,9,5,2,6,6,8,0,2,5,1,10,7,8,5,7,10,3,8,6,10,0,1,0,0,2,0,0,0,8,0,4,7
n448,0,8,0,4,1,0,4,5,1,9,0,0,2,2,3,0,2,1,8,9,8,4,4,10,3,7,3,3,0,2,5,4,6,2,0,10,3,0,3,9,10,8,4,6,2,0,10,9,9,7,9,7,8,2,3,2,4,5,9,5,2,6,6,8,2,2,5,4,10,7,8,5,7,10,3,8,6,10,9,1,3,4,2,0,0,0,8,6,4,7
n447,5,8,0,4,1,0,4,5,1,9,0,0,2,2,3,0,2,1,8,9,8,4,4,10,3,7,3,3,0,2,5,4,6,2,0,10,3,0,3,9,10,8,4,6,2,0,10,9,9,3,9,7,0,2,3,2,4,5,9,5,2,6,6,8,0,2,5,0,10,7,8,5,7,10,3,8,6,10,0,1,0,0,2,0,2,0,8,6,4,7
n458,6,10,0,4,10,10,4,5,8,9,0,0,0,2,3,8,5,1,8,1,8,3,0,3,0,8,3,9,0,2,4,3,6,2,5,1,3,3,0,9,10,8,4,0,0,0,10,9,9,9,7,7,4,7,7,2,7,1,9,5,2,1,6,8,2,2,5,6,0,3,5,5,7,10,3,8,0,10,3,8,4,0,5,1,7,0,0,3,4,0
n457,6,10,0,4,10,10,4,5,8,9,0,10,0,2,3,8,5,1,8,1,8,3,0,3,9,8,3,9,0,2,4,0,6,2,5,1,3,3,0,9,10,8,4,3,0,0,10,9,9,9,7,7,4,0,7,2,7,1,9,5,2,10,6,8,0,2,5,6,0,0,5,5,7,10,3,8,0,10,3,8,4,0,5,1,7,7,0,3,4,5
n460,6,10,0,4,10,10,4,5,8,9,0,6,0,2,3,8,5,1,8,1,8,3,0,3,7,8,3,7,0,2,4,6,6,2,5,1,3,3,0,9,10,8,4,0,0,0,10,9,9,9,7,7,4,0,7,2,7,1,9,5,2,0,6,8,0,2,5,6,9,0,5,5,7,10,3,8,8,10,3,8,4,9,7,1,7,0,0,3,4,0
n459,6,10,0,4,10,10,4,5,8,9,0,0,0,2,3,8,5,1,8,1,8,3,0,3,0,8,3,8,0,2,4,6,6,2,5,1,3,3,0,9,10,8,4,0,0,0,10,9,9,9,7,7,4,0,7,2,7,1,9,5,2,0,6,8,0,2,5,6,0,0,5,5,7,10,3,8,0,10,3,8,4,0,7,1,7,0,0,3,4,0
n464,6,0,5,4,10,10,4,5,8,9,0,0,0,2,3,8,0,1,8,1,8,3,7,3,9,8,3,0,7,2,4,8,6,2,5,1,3,3,0,9,10,8,4,0,0,0,10,9,9,9,7,7,4,10,7,2,7,1,9,5,2,6,6,8,0,2,5,6,0,8,5,5,7,10,3,8,3,10,3,9,4,0,2,1,7,4,6,3,4,3
n463,6,0,0,4,10,10,4,5,8,9,0,0,0,2,3,8,4,1,8,1,8,3,7,3,9,8,3,0,10,2,4,8,6,2,5,1,3,3,0,9,10,8,4,0,0,0,10,9,9,9,7,7,4,10,7,2,7,1,9,5,2,6,6,8,0,2,5,6,0,4,5,5,7,10,3,8,3,10,3,0,4,0,2,1,7,4,0,3,4,3
n466,6,0,2,4,10,10,4,5,8,9,0,0,0,2,3,8,0,1,8,1,8,3,0,3,6,8,3,0,4,2,4,0,6,2,5,1,3,3,0,9,10,8,4,0,2,3,10,9,9,9,7,7,4,10,7,2,7,1,9,5,2,2,6,8,0,2,5,6,0,0,5,5,7,10,3,8,0,10,3,0,4,0,0,1,7,0,0,3,4,5
n465,6,0,0,4,10,10,4,5,8,9,0,0,0,2,3,8,3,1,8,1,8,3,0,3,6,8,3,4,1,2,4,0,6,2,5,1,3,3,0,9,10,8,4,1,2,0,10,9,9,9,7,7,4,10,7,2,7,1,9,5,2,0,6,8,1,2,5,6,0,0,5,5,7,10,3,8,0,10,3,0,4,2,0,1,7,0,0,3,4,5
n472,10,4,0,4,10,10,4,5,8,9,8,9,8,2,3,8,1,1,8,1,8,5,0,3,4,8,3,6,0,2,4,0,6,2,0,1,3,3,10,9,10,8,4,2,0,0,10,9,9,0,7,7,4,0,7,2,7,8,9,5,2,0,6,8,8,2,5,6,0,8,5,5,7,10,3,8,7,10,1,0,4,5,9,1,7,3,0,3,4,0
n471,0,4,0,4,10,10,4,5,8,9,8,9,8,2,3,8,1,1,8,1,8,5,0,3,4,8,3,6,0,2,4,0,6,2,0,1,3,3,10,9,10,8,4,2,0,5,10,9,9,0,7,7,4,1,7,2,7,8,9,5,2,0,6,8,8,2,5,6,0,8,5,5,7,10,3,8,7,10,1,0,4,5,9,1,7,3,0,3,4,0
n474,0,0,0,4,10,0,4,5,8,9,8,9,0,2,3,8,1,1,8,1,8,5,0,3,4,8,3,6,1,2,4,0,6,2,0,1,3,3,10,9,10,8,4,2,0,0,10,9,9,5,7,7,4,10,7,2,7,8,9,5,2,0,6,8,0,2,5,6,0,8,5,5,7,10,3,8,7,10,0,8,4,5,9,1,7,3,0,3,4,4
n473,0,0,0,4,10,0,4,5,8,9,8,9,0,2,3,8,1,1,8,1,8,5,0,3,4,8,3,6,1,2,4,0,6,2,0,1,3,3,10,9,10,8,4,2,0,0,10,9,9,5,7,7,4,10,7,2,7,8,9,5,2,0,6,8,5,2,5,6,0,8,5,5,7,10,3,8,7,10,0,8,4,5,9,1,7,3,0,3,4,3
n478,1,0,0,4,10,0,4,5,8,9,0,8,0,2,3,8,1,1,8,1,8,5,2,3,0,8,3,0,0,2,4,10,6,2,0,1,3,3,10,9,10,8,4,2,0,0,10,9,9,5,7,7,4,1,7,2,7,8,9,5,2,7,6,8,4,2,5,6,5,8,5,5,7,10,3,8,0,10,8,0,4,5,7,1,7,3,0,3,4,0
n477,0,0,0,4,10,0,4,5,8,9,7,0,0,2,3,8,1,1,8,1,8,5,5,3,0,8,3,0,0,2,4,0,6,2,0,1,3,3,10,9,10,8,4,2,0,0,10,9,9,0,7,7,4,0,7,2,7,8,9,5,2,0,6,8,4,2,5,6,5,8,5,5,7,10,3,8,0,10,8,0,4,5,7,1,7,3,0,3,4,0
n480,0,0,9,4,10,0,4,5,8,9,0,6,0,2,3,8,1,1,8,1,8,5,0,3,0,8,3,9,0,2,4,8,6,2,7,1,3,3,10,9,10,8,4,2,0,0,10,9,9,0,7,7,4,0,7,2,7,8,9,5,2,4,6,8,4,2,5,6,3,8,5,5,7,10,3,8,0,10,8,0,4,5,7,1,7,3,8,3,4,0
n479,0,0,9,4,10,3,4,5,8,9,0,6,6,2,3,8,1,1,8,1,8,5,8,3,10,8,3,9,0,2,4,0,6,2,7,1,3,3,10,9,10,8,4,2,0,0,10,9,9,0,7,7,4,0,7,2,7,8,9,5,2,4,6,8,4,2,5,6,3,8,5,5,7,10,3,8,9,10,8,0,4,5,7,1,7,3,8,3,4,8
n488,4,0,0,4,1,0,4,5,8,9,2,2,2,2,3,0,0,1,8,0,8,0,10,3,9,8,3,5,0,2,4,8,6,2,0,0,3,3,2,9,10,8,4,0,7,0,10,9,9,5,7,7,0,2,7,2,7,0,9,5,2,0,6,8,9,2,5,0,5,0,5,5,7,10,3,8,0,10,7,6,0,0,4,5,2,2,0,3,4,0
n487,4,0,0,4,1,0,4,5,8,9,2,2,2,2,3,0,0,1,8,5,8,0,10,3,9,8,3,5,6,2,4,8,6,2,0,0,3,3,2,9,10,8,4,0,7,0,10,9,9,5,7,7,0,2,7,2,7,0,9,5,2,9,6,8,9,2,5,0,5,0,5,5,7,10,3,8,0,10,7,6,0,0,4,5,2,2,0,3,4,0
n490,4,0,10,4,1,0,4,5,8,9,1,2,0,2,3,0,0,1,8,0,8,0,10,3,9,8,3,0,0,2,4,8,6,2,0,0,3,3,2,9,10,8,4,0,7,0,10,9,9,5,7,7,0,2,7,2,7,4,9,5,2,0,6,8,9,2,5,0,5,1,5,5,7,10,3,8,0,10,7,6,5,0,4,5,2,6,0,3,4,0
n489,4,0,0,4,1,0,4,5,8,9,0,2,0,2,3,9,6,1,8,0,8,7,10,3,9,8,3,0,0,2,4,8,6,2,0,0,3,3,2,9,10,8,4,0,7,0,10,9,9,5,7,7,0,2,7,2,7,4,9,5,2,2,6,8,9,2,5,0,5,1,5,5,7,10,3,8,0,10,7,6,0,0,4,5,2,0,0,3,4,0
n494,4,0,0,4,1,0,4,5,8,9,1,2,0,2,3,0,2,1,8,0,8,10,0,3,9,8,3,3,0,2,4,8,6,2,7,5,3,3,2,9,10,8,4,0,7,1,10,9,9,5,7,7,9,2,7,2,7,0,9,5,2,0,6,8,9,2,5,3,5,0,5,5,7,10,3,8,0,10,7,3,3,0,4,5,2,6,0,3,4,5
n493,4,0,0,4,1,0,4,5,8,9,1,2,0,2,3,0,2,1,8,0,8,10,0,3,9,8,3,4,0,2,4,8,6,2,7,0,3,3,2,9,10,8,4,0,7,1,10,9,9,5,7,7,9,2,7,2,7,6,9,5,2,0,6,8,9,2,5,3,5,0,5,5,7,10,3,8,0,10,7,3,3,0,4,5,2,6,5,3,4,5
n496,4,10,0,4,1,0,4,5,8,9,10,2,0,2,3,4,0,1,8,0,8,0,0,3,9,8,3,0,0,2,4,8,6,2,7,0,3,3,2,9,10,8,4,0,7,1,10,9,9,5,7,7,9,2,7,2,7,0,9,5,2,10,6,8,9,2,5,3,5,0,5,5,7,10,3,8,2,10,7,3,3,0,4,5,2,6,0,3,4,5
n495,4,0,0,4,1,0,4,5,8,9,0,2,6,2,3,4,0,1,8,0,8,0,0,3,9,8,3,3,2,2,4,8,6,2,7,0,3,3,2,9,10,8,4,0,7,1,10,9,9,5,7,7,9,2,7,2,7,0,9,5,2,10,6,8,9,2,5,3,5,0,5,5,7,10,3,8,0,10,7,3,3,0,4,5,2,6,0,3,4,5
n502,8,0,2,4,3,6,4,5,8,9,8,0,9,2,3,9,3,1,8,5,8,0,8,3,9,8,3,0,0,2,4,9,6,2,3,0,3,3,8,9,10,8,4,0,0,10,10,9,9,5,7,7,0,9,7,2,7,0,9,5,2,0,6,8,6,2,5,9,5,0,5,5,7,10,3,8,0,10,7,0,10,10,0,5,3,1,10,3,4,0
n501,8,0,2,4,3,0,4,5,8,9,8,0,9,2,3,9,0,1,8,5,8,0,0,3,9,8,3,0,0,2,4,0,6,2,3,3,3,3,8,9,10,8,4,2,0,10,10,9,9,5,7,7,4,8,7,2,7,0,9,5,2,0,6,8,6,2,5,0,5,0,5,5,7,10,3,8,0,10,7,0,10,10,0,5,3,1,10,3,4,0
n504,8,0,2,4,3,0,4,5,8,9,8,0,0,2,3,9,0,1,8,5,8,0,0,3,9,8,3,0,8,2,4,0,6,2,0,0,3,3,8,9,10,8,4,2,7,0,10,9,9,5,7,7,0,0,7,2,7,0,9,5,2,0,6,8,1,2,5,5,5,0,5,5,7,10,3,8,4,10,7,0,10,10,0,5,3,1,0,3,4,2
n503,8,3,2,4,3,0,4,5,8,9,8,0,0,2,3,9,0,1,8,5,8,0,0,3,9,8,3,0,8,2,4,0,6,2,0,0,3,3,8,9,10,8,4,0,1,0,10,9,9,5,7,7,0,0,7,2,7,0,9,5,2,0,6,8,0,2,5,5,5,0,5,5,7,10,3,8,0,10,7,0,10,10,0,5,3,1,0,3,4,0
n508,0,8,2,4,3,0,4,5,8,9,2,1,0,2,3,4,0,1,8,0,8,0,0,3,9,8,3,4,10,2,4,9,6,2,8,4,3,3,8,9,10,8,4,0,0,7,10,9,9,5,7,7,1,8,7,2,7,4,9,5,2,3,6,8,0,2,5,6,5,0,5,5,7,10,3,8,0,10,7,9,8,6,0,5,0,1,0,3,4,0
n507,0,8,2,4,3,0,4,5,8,9,2,1,0,2,3,4,5,1,8,0,8,1,0,3,9,8,3,4,10,2,4,0,6,2,8,4,3,3,8,9,10,8,4,0,0,7,10,9,9,5,7,7,1,3,7,2,7,4,9,5,2,3,6,8,0,2,5,6,5,0,5,5,7,10,3,8,0,10,7,9,8,6,0,5,0,1,0,3,4,0
n510,0,8,2,4,3,9,4,5,8,9,10,1,0,2,3,8,0,1,8,0,8,0,0,3,9,8,3,4,10,2,4,0,6,2,0,4,3,3,8,9,10,8,4,0,0,7,10,9,9,5,7,7,1,8,7,2,7,4,9,5,2,3,6,8,0,2,5,0,5,0,5,5,7,10,3,8,0,10,7,9,8,6,0,5,10,1,0,3,4,6
n509,0,8,2,4,3,9,4,5,8,9,0,1,0,2,3,0,0,1,8,0,8,4,0,3,9,8,3,4,10,2,4,7,6,2,0,4,3,3,8,9,10,8,4,0,0,7,10,9,9,5,7,7,1,8,7,2,7,4,9,5,2,3,6,8,9,2,5,0,5,0,5,5,7,10,3,8,1,10,7,9,8,6,0,5,10,1,0,3,4,0
