cell,r1,r2,r3,r4,r5,r6,r7,r8,r9,r10,r11,r12,r13,r14,r15,r16,r17,r18,r19,r20,r21,r22,r23,r24,r25,r26,r27,r28,r29,r30,r31,r32,r33,r34,r35,r36,r37,r38,r39,r40,r41,r42,r43,r44,r45,r46,r47,r48,r49,r50,r51,r52,r53,r54,r55,r56,r57,r58,r59,r60,r61,r62,r63,r64,r65,r66,r67,r68,r69,r70
n16,0,0,9,2,6,4,6,9,5,4,6,0,1,4,1,1,8,9,9,4,9,6,5,1,6,8,4,6,7,9,4,8,0,5,10,7,0,5,5,9,7,10,9,4,1,3,8,3,4,6,7,7,1,0,0,3,0,0,9,1,1,1,1,0,5,3,0,9,5,8
n15,0,0,0,2,6,4,6,9,5,4,6,6,1,4,1,1,8,9,9,4,9,6,5,1,6,8,4,6,7,9,4,8,0,5,10,7,0,5,5,9,7,10,9,4,1,3,8,3,4,6,7,7,1,0,0,3,0,0,9,1,1,1,1,0,5,3,9,9,0,8
n18,9,0,0,2,6,4,6,9,5,4,6,0,1,4,1,1,8,9,9,4,9,6,5,1,6,0,4,6,7,9,4,8,0,5,10,7,9,5,0,9,7,10,5,4,1,3,8,3,4,6,7,7,1,6,0,3,0,0,9,1,1,1,1,0,5,3,0,9,0,8
n17,0,0,0,2,6,4,6,9,5,4,6,0,1,4,1,1,8,9,9,4,9,6,5,1,6,10,4,6,7,9,4,8,0,5,10,7,0,5,0,9,7,10,0,4,1,3,8,3,4,6,7,7,1,6,0,3,0,0,9,1,1,1,1,0,5,3,0,9,8,8
n22,5,0,0,2,6,4,6,9,5,4,6,0,1,0,1,1,8,0,9,4,9,6,5,1,6,0,4,6,7,9,4,8,6,5,10,7,0,5,0,9,7,10,0,4,1,3,8,3,4,6,7,7,1,8,0,3,9,0,9,1,1,1,1,0,5,3,0,9,6,8
n21,5,0,10,2,6,4,6,9,5,4,6,0,1,7,1,1,8,0,9,4,9,6,5,1,6,0,4,6,7,9,4,8,6,5,10,7,0,5,0,9,7,10,0,4,1,3,8,3,4,6,7,7,1,8,0,3,9,3,9,1,1,1,1,0,5,3,8,9,0,8
n24,0,0,0,2,6,4,6,9,5,4,6,0,1,1,1,1,8,0,9,4,9,6,5,1,6,0,4,6,7,9,4,8,7,5,10,7,0,5,5,9,7,10,0,4,1,3,8,3,4,6,7,7,1,0,5,3,9,0,9,1,1,1,1,0,5,3,0,9,0,8
n23,0,0,5,2,6,4,6,9,5,4,6,5,1,1,1,1,8,0,9,4,9,6,5,1,6,0,4,6,7,9,4,8,0,5,10,7,0,5,0,9,7,10,0,4,1,3,8,3,4,6,7,7,1,0,5,3,9,2,9,1,1,1,1,0,5,3,3,9,10,8
n30,5,0,0,2,6,4,6,3,5,4,6,3,1,4,1,1,8,0,9,4,9,6,5,1,6,1,4,6,7,0,4,8,5,0,10,7,9,5,0,9,7,10,4,4,1,3,8,3,4,5,7,7,1,0,6,3,7,7,0,1,1,1,1,0,5,0,0,9,8,8
n29,5,1,0,2,6,4,6,0,5,4,6,0,1,4,1,1,8,0,9,4,9,6,5,1,6,1,4,6,7,0,4,8,5,0,10,7,9,5,0,9,7,10,0,4,1,3,8,3,4,5,7,7,1,0,6,3,0,7,0,1,1,1,1,9,5,0,0,9,8,8
n32,5,2,0,2,6,4,6,4,5,4,6,0,1,4,1,1,8,7,9,4,9,6,5,1,6,1,4,6,7,0,4,8,0,0,10,7,9,5,0,9,7,10,5,4,1,3,8,3,4,5,7,7,1,0,6,3,0,6,0,1,1,1,1,0,5,0,0,9,8,8
n31,5,0,0,2,6,4,6,0,5,4,6,0,1,4,1,1,8,0,9,4,9,6,5,1,6,1,4,6,7,0,4,8,0,0,10,7,9,5,0,9,7,10,0,4,1,3,8,3,4,5,7,7,1,0,6,3,0,6,0,1,1,1,1,9,5,0,0,9,8,8
n36,5,9,6,2,6,4,6,0,5,4,6,1,1,8,1,1,8,7,9,4,9,6,5,1,6,10,4,6,7,6,4,8,1,0,10,7,9,5,0,9,7,10,7,4,1,3,8,3,4,5,7,7,1,0,1,3,0,1,6,1,1,1,1,2,5,0,2,9,2,8
n35,5,0,6,2,6,4,6,0,5,4,6,0,1,0,1,1,8,7,9,4,9,6,5,1,6,0,4,6,7,6,4,8,1,0,10,7,9,5,2,9,7,10,0,4,1,3,8,3,4,5,7,7,1,0,0,3,0,1,6,1,1,1,1,2,5,3,2,9,2,8
n38,5,0,6,2,6,4,6,0,5,4,6,0,1,6,1,1,8,7,9,4,9,6,5,1,6,0,4,6,7,6,4,8,1,0,10,7,9,5,0,9,7,10,0,4,1,3,8,3,4,5,7,7,1,0,0,3,0,1,1,1,1,1,1,2,5,0,9,9,6,8
n37,5,0,6,2,6,4,6,0,5,4,6,8,1,4,1,1,8,7,9,4,9,6,5,1,6,1,4,6,7,6,4,8,1,0,10,7,9,5,0,9,7,10,0,4,1,3,8,3,4,5,7,7,1,0,0,3,0,1,0,1,1,1,1,2,5,0,0,9,0,8
n46,6,9,8,2,6,4,6,0,5,4,6,4,1,7,1,1,8,9,9,9,9,6,5,1,6,3,4,6,7,1,4,8,0,2,10,7,8,5,0,9,7,10,0,4,1,5,8,3,0,0,7,7,1,8,10,9,8,9,0,1,1,1,1,0,5,0,5,9,3,8
n45,6,9,8,2,6,4,6,0,5,4,6,4,1,7,1,1,8,9,9,9,9,6,5,1,6,3,4,6,7,1,4,8,0,2,10,7,8,5,2,9,7,10,0,4,1,5,8,3,0,0,7,7,1,8,10,9,0,9,0,1,1,1,1,0,5,0,5,9,3,8
n48,6,9,8,2,6,4,6,0,5,4,6,4,1,7,1,1,8,0,9,9,9,6,5,1,6,3,4,6,7,1,4,8,0,2,10,7,8,5,0,9,7,10,7,4,1,5,8,3,0,4,7,7,1,0,10,9,0,9,3,1,1,1,1,7,5,0,9,9,3,8
n47,6,9,8,2,6,4,6,0,5,4,6,4,1,7,1,1,8,0,9,9,9,6,5,1,6,3,4,6,7,1,4,8,0,2,10,7,8,5,0,9,7,10,0,4,1,5,8,3,0,0,7,7,1,0,10,9,0,9,3,1,1,1,1,0,5,0,9,9,3,8
n52,6,9,8,2,6,4,6,3,5,4,6,4,1,7,1,1,8,3,9,9,9,6,5,1,6,3,4,6,7,1,4,8,0,2,10,7,8,5,0,9,7,10,0,4,1,0,8,3,10,2,7,7,1,1,10,9,0,9,0,1,1,1,1,0,5,7,0,9,0,8
n51,6,9,8,2,6,4,6,3,5,4,6,4,1,7,1,1,8,3,9,9,9,6,5,1,6,3,4,6,7,1,4,8,0,2,10,7,8,5,0,9,7,10,0,4,1,6,8,3,10,2,7,7,1,1,10,9,0,9,0,1,1,1,1,5,5,2,0,9,0,8
n54,6,9,8,2,6,4,6,3,5,4,6,4,1,7,1,1,8,3,9,9,9,6,5,1,6,3,4,6,7,1,4,8,0,2,10,7,8,5,0,9,7,10,2,4,1,0,8,3,0,0,7,7,1,0,10,9,0,9,0,1,1,1,1,0,5,0,0,9,0,8
n53,6,9,8,2,6,4,6,3,5,4,6,4,1,7,1,1,8,3,9,9,9,6,5,1,6,3,4,6,7,1,4,8,0,2,10,7,8,5,0,9,7,10,2,4,1,0,8,3,0,6,7,7,1,0,10,9,0,9,0,1,1,1,1,0,5,0,0,9,0,8
n60,6,9,8,2,6,4,6,0,5,4,6,3,1,7,1,1,8,9,9,9,9,6,5,1,6,3,4,6,7,1,4,8,1,0,10,7,0,5,10,9,7,10,10,4,1,0,8,3,0,4,7,7,1,3,10,9,8,5,0,1,1,1,1,0,5,3,2,9,0,8
n59,6,9,8,2,6,4,6,10,5,4,6,3,1,7,1,1,8,0,9,9,9,6,5,1,6,3,4,6,7,1,4,8,1,0,10,7,0,5,10,9,7,10,10,4,1,0,8,3,0,4,7,7,1,3,10,9,8,5,0,1,1,1,1,4,5,0,2,9,0,8
n62,6,9,8,2,6,4,6,0,5,4,6,3,1,7,1,1,8,0,9,9,9,6,5,1,6,3,4,6,7,1,4,8,1,0,10,7,1,5,10,9,7,10,10,4,1,0,8,3,0,4,7,7,1,3,10,9,8,5,4,1,1,1,1,0,5,0,2,9,7,8
n61,6,9,8,2,6,4,6,0,5,4,6,3,1,7,1,1,8,1,9,9,9,6,5,1,6,3,4,6,7,1,4,8,1,0,10,7,1,5,10,9,7,10,10,4,1,0,8,3,1,4,7,7,1,3,10,9,8,5,6,1,1,1,1,0,5,0,2,9,0,8
n66,6,9,8,2,6,4,6,0,5,4,6,3,1,7,1,1,8,0,9,9,9,6,5,1,6,3,4,6,7,1,4,8,1,10,10,7,1,5,0,9,7,10,10,4,1,0,8,3,2,4,7,7,1,3,10,9,8,5,0,1,1,1,1,0,5,2,2,9,10,8
n65,6,9,8,2,6,4,6,0,5,4,6,3,1,7,1,1,8,0,9,9,9,6,5,1,6,3,4,6,7,1,4,8,1,10,10,7,1,5,0,9,7,10,10,4,1,0,8,3,2,4,7,7,1,3,10,9,8,5,8,1,1,1,1,0,5,0,2,9,4,8
n68,6,9,8,2,6,4,6,0,5,4,6,3,1,7,1,1,8,0,9,9,9,6,5,1,6,3,4,6,7,1,4,8,1,0,10,7,1,5,4,9,7,10,10,4,1,0,8,3,0,4,7,7,1,3,10,9,8,5,5,1,1,1,1,0,5,0,2,9,0,8
n67,6,9,8,2,6,4,6,0,5,4,6,3,1,7,1,1,8,0,9,9,9,6,5,1,6,3,4,6,7,1,4,8,1,0,10,7,1,5,4,9,7,10,10,4,1,0,8,3,0,4,7,7,1,3,10,9,8,5,0,1,1,1,1,0,5,0,2,9,0,8
n78,0,7,3,1,6,4,6,3,5,0,6,2,1,8,1,0,8,1,9,0,2,6,7,1,6,3,4,6,7,0,4,0,5,0,0,7,1,5,0,9,7,1,1,4,1,7,8,3,7,3,7,7,1,10,1,10,2,1,8,1,1,1,1,8,5,2,1,8,7,8
n77,8,7,3,1,6,4,6,3,5,0,6,2,1,8,1,0,8,1,9,0,2,6,7,1,6,3,4,6,7,6,4,10,5,0,0,7,1,5,0,9,7,1,1,4,1,7,8,3,7,3,7,7,1,10,1,10,2,1,8,1,1,1,1,8,5,2,1,8,7,8
n80,2,7,3,1,6,4,6,3,5,0,6,2,1,8,1,0,8,1,9,0,2,6,7,1,6,3,4,6,7,0,4,0,5,0,0,7,1,5,0,9,7,1,1,4,1,7,8,3,7,3,7,7,1,10,1,10,2,1,5,1,1,1,1,1,5,2,1,8,7,8
n79,0,7,3,1,6,4,6,3,5,0,6,2,1,8,1,0,8,1,9,3,2,6,7,1,6,3,4,6,7,0,4,0,5,4,0,7,1,5,3,9,7,1,1,4,1,7,8,3,7,3,7,7,1,10,1,10,2,1,5,1,1,1,1,9,5,2,1,8,7,8
n84,0,7,3,1,6,4,6,0,5,0,6,2,1,8,1,3,8,1,9,6,2,6,7,1,6,3,4,6,7,0,4,0,5,6,2,7,1,5,0,9,7,7,1,4,1,7,8,3,7,3,7,7,1,0,1,10,2,1,3,1,1,1,1,0,5,2,1,8,7,8
n83,0,7,3,1,6,4,6,0,5,9,6,2,1,8,1,3,8,1,9,0,2,6,7,1,6,3,4,6,7,0,4,0,5,6,2,7,1,5,0,9,7,7,1,4,1,7,8,3,7,3,7,7,1,0,1,10,2,1,3,1,1,1,1,0,5,2,1,8,7,8
n86,7,7,3,1,6,4,6,0,5,6,6,2,1,8,1,3,8,1,9,0,2,6,7,1,6,3,4,6,7,2,4,1,5,0,2,7,1,5,0,9,7,0,1,4,1,7,8,3,7,3,7,7,1,0,1,10,2,1,3,1,1,1,1,0,5,2,1,8,7,8
n85,4,7,3,1,6,4,6,9,5,6,6,2,1,8,1,3,8,1,9,0,2,6,7,1,6,3,4,6,7,2,4,0,5,0,2,7,1,5,0,9,7,7,1,4,1,7,8,3,7,3,7,7,1,1,1,10,2,1,3,1,1,1,1,0,5,2,1,8,7,8
n92,3,7,3,1,6,4,6,0,5,10,6,10,1,8,1,0,8,0,9,2,2,6,7,1,6,3,4,6,7,9,4,1,5,0,0,7,0,5,5,9,7,0,9,4,1,7,8,3,7,0,7,7,1,0,1,10,2,0,6,1,1,1,1,7,5,2,1,0,7,8
n91,3,7,3,1,6,4,6,0,5,10,6,10,1,8,1,0,8,0,9,2,2,6,7,1,6,3,4,6,7,9,4,1,5,0,0,7,0,5,5,9,7,0,9,4,1,7,8,3,7,0,7,7,1,0,1,10,2,0,6,1,1,1,1,7,5,2,1,5,7,8
n94,3,7,3,1,6,4,6,10,5,10,6,10,1,8,1,10,8,0,9,2,2,6,7,1,6,3,4,6,7,0,4,1,5,9,0,7,3,5,5,9,7,2,0,4,1,7,8,3,7,0,7,7,1,0,1,10,2,2,6,1,1,1,1,7,5,2,1,10,7,8
n93,3,7,3,1,6,4,6,10,5,10,6,10,1,8,1,0,8,7,9,2,2,6,7,1,6,3,4,6,7,0,4,1,5,9,0,7,0,5,5,9,7,0,0,4,1,7,8,3,7,0,7,7,1,0,1,10,2,10,6,1,1,1,1,7,5,2,1,10,7,8
n98,1,7,3,1,6,4,6,2,5,10,6,10,1,8,1,8,8,9,9,2,2,6,7,1,6,3,4,6,7,0,4,1,5,2,0,7,8,5,6,9,7,1,6,4,1,7,8,3,7,0,7,7,1,0,1,10,2,0,6,1,1,1,1,7,5,2,1,0,7,8
n97,1,7,3,1,6,4,6,2,5,10,6,10,1,8,1,2,8,9,9,2,2,6,7,1,6,3,4,6,7,0,4,1,5,2,0,7,8,5,6,9,7,0,6,4,1,7,8,3,7,0,7,7,1,0,1,10,2,0,6,1,1,1,1,7,5,2,1,0,7,8
n100,4,7,3,1,6,4,6,6,5,10,6,10,1,8,1,0,8,9,9,2,2,6,7,1,6,3,4,6,7,1,4,1,5,8,0,7,8,5,1,9,7,0,5,4,1,7,8,3,7,7,7,7,1,0,1,10,2,0,8,1,1,1,1,7,5,2,1,1,7,8
n99,4,7,3,1,6,4,6,6,5,10,6,10,1,8,1,10,8,9,9,2,2,6,7,1,6,3,4,6,7,0,4,1,5,8,0,7,8,5,1,9,7,2,0,4,1,7,8,3,7,0,7,7,1,0,1,10,2,5,8,1,1,1,1,7,5,2,1,1,7,8
n108,8,0,0,0,6,4,6,9,5,0,6,2,1,8,1,6,8,0,9,7,2,6,7,1,6,3,4,6,7,7,4,5,5,0,6,7,0,5,8,9,7,5,0,4,1,9,8,3,7,5,7,7,1,0,1,10,2,0,5,1,1,1,1,0,5,2,1,6,7,8
n107,0,0,0,9,6,4,6,9,5,8,6,2,1,8,1,6,8,0,9,7,2,6,7,1,6,3,4,6,7,7,4,5,5,0,5,7,1,5,0,9,7,5,0,4,1,6,8,3,7,5,7,7,1,0,1,10,2,0,5,1,1,1,1,9,5,2,1,6,7,8
n110,0,0,0,0,6,4,6,9,5,6,6,2,1,8,1,6,8,0,9,7,2,6,7,1,6,3,4,6,7,2,4,5,5,0,9,7,0,5,2,9,7,6,0,4,1,10,8,3,7,5,7,7,1,0,1,10,2,0,5,1,1,1,1,9,5,2,1,6,7,8
n109,0,0,0,9,6,4,6,9,5,0,6,2,1,8,1,6,8,0,9,7,2,6,7,1,6,3,4,6,7,2,4,5,5,0,0,7,0,5,2,9,7,6,6,4,1,0,8,3,7,5,7,7,1,0,1,10,2,0,5,1,1,1,1,9,5,2,1,6,7,8
n114,6,0,0,9,6,4,6,0,5,0,6,0,1,8,1,6,8,0,9,7,2,6,7,1,6,3,4,6,7,1,4,5,5,0,0,7,5,5,0,9,7,4,9,4,1,6,8,3,7,5,7,7,1,0,1,10,2,0,5,1,1,1,1,4,5,2,1,6,7,8
n113,6,0,0,9,6,4,6,0,5,0,6,0,1,8,1,6,8,7,9,7,2,6,7,1,6,3,4,6,7,1,4,5,5,0,0,7,5,5,0,9,7,4,9,4,1,6,8,3,7,5,7,7,1,0,1,10,2,0,5,1,1,1,1,0,5,2,1,6,7,8
n116,6,6,2,9,6,4,6,10,5,0,6,0,1,8,1,6,8,0,9,7,2,6,7,1,6,3,4,6,7,1,4,5,5,0,0,7,5,5,0,9,7,4,9,4,1,0,8,3,7,5,7,7,1,0,1,10,2,0,5,1,1,1,1,0,5,2,1,6,7,8
n115,6,6,2,9,6,4,6,0,5,0,6,0,1,8,1,6,8,0,9,7,2,6,7,1,6,3,4,6,7,1,4,5,5,0,0,7,5,5,8,9,7,4,9,4,1,0,8,3,7,5,7,7,1,0,1,10,2,0,5,1,1,1,1,0,5,2,1,6,7,8
n122,2,10,2,2,6,4,6,9,5,9,6,0,1,8,1,6,8,6,9,7,2,6,7,1,6,3,4,6,7,6,4,10,10,0,0,7,0,5,0,9,7,0,0,4,1,7,8,3,7,0,7,7,1,7,1,10,2,7,5,1,1,1,1,9,5,2,1,10,7,8
n121,2,0,2,2,6,4,6,9,5,9,6,0,1,8,1,6,8,6,9,7,2,6,7,1,6,3,4,6,7,6,4,10,10,0,7,7,0,5,0,9,7,0,0,4,1,7,8,3,7,0,7,7,1,7,1,10,2,7,5,1,1,1,1,9,5,2,1,10,7,8
n124,2,10,2,2,6,4,6,9,5,0,6,0,1,8,1,6,8,6,9,7,2,6,7,1,6,3,4,6,7,6,4,10,10,0,7,7,0,5,7,9,7,0,0,4,1,7,8,3,7,0,7,7,1,0,1,10,2,7,5,1,1,1,1,9,5,2,1,10,7,8
n123,2,10,2,2,6,4,6,9,5,0,6,0,1,8,1,6,8,6,9,7,2,6,7,1,6,3,4,6,7,6,4,10,10,1,0,7,0,5,7,9,7,0,0,4,1,7,8,3,7,5,7,7,1,0,1,10,2,7,5,1,1,1,1,9,5,2,1,10,7,8
n128,0,7,0,2,6,4,6,1,5,0,6,0,1,8,1,6,8,6,9,7,2,6,7,1,6,3,4,6,7,6,4,10,10,7,0,7,0,5,9,9,7,8,3,4,1,7,8,3,7,0,7,7,1,1,1,10,2,7,5,1,1,1,1,9,5,2,1,0,7,8
n127,0,7,7,2,6,4,6,1,5,2,6,0,1,8,1,6,8,4,9,7,2,6,7,1,6,3,4,6,7,6,4,10,10,7,0,7,0,5,0,9,7,8,3,4,1,7,8,3,7,0,7,7,1,1,1,10,2,7,5,1,1,1,1,9,5,2,1,0,7,8
n130,0,7,7,2,6,4,6,0,5,0,6,5,1,8,1,6,8,0,9,7,2,6,7,1,6,3,4,6,7,6,4,10,10,0,0,7,9,5,6,9,7,0,3,4,1,7,8,3,7,0,7,7,1,1,1,10,2,7,5,1,1,1,1,9,5,2,1,0,7,8
n129,0,7,0,2,6,4,6,0,5,0,6,5,1,8,1,6,8,0,9,7,2,6,7,1,6,3,4,6,7,6,4,10,10,0,0,7,6,5,0,9,7,0,3,4,1,7,8,3,7,0,7,7,1,1,1,10,2,7,5,1,1,1,1,9,5,2,1,0,7,8
n142,0,2,6,0,6,4,0,1,5,0,6,0,1,0,1,0,3,8,9,6,5,6,0,1,6,2,4,6,7,7,4,5,5,5,1,7,5,10,3,9,6,10,3,4,1,0,8,10,6,0,7,7,6,2,6,0,8,7,0,1,1,1,1,6,5,2,0,1,1,0
n141,0,2,6,0,6,4,0,1,5,0,6,0,1,0,1,0,3,8,9,6,5,6,0,1,6,2,4,6,7,7,4,5,0,5,1,7,5,10,3,9,6,10,3,4,1,0,8,10,6,0,7,7,6,2,6,0,8,7,0,1,1,1,1,6,5,2,0,1,1,7
n144,0,2,6,8,6,4,0,1,5,7,6,5,1,0,1,0,3,2,9,6,5,6,0,1,6,2,4,6,7,7,4,5,0,5,1,7,5,10,3,9,6,10,3,4,1,0,8,7,6,0,7,7,6,2,0,4,10,7,0,1,1,1,1,6,5,2,0,1,0,0
n143,0,2,6,1,6,4,0,1,5,7,6,0,1,0,1,5,3,2,9,6,5,6,0,1,6,2,4,6,7,7,4,5,0,5,1,7,5,10,3,9,6,10,3,4,1,0,8,0,6,0,7,7,6,2,0,4,0,7,0,1,1,1,1,6,5,2,0,1,0,0
n148,0,2,6,6,6,4,4,1,5,6,6,0,1,0,1,9,3,0,9,6,5,6,0,1,6,2,4,6,7,7,4,0,5,5,1,7,0,0,3,9,6,10,3,4,1,10,8,0,6,6,7,7,6,2,0,0,0,7,0,1,1,1,1,6,5,2,0,1,0,0
n147,0,2,6,6,6,4,0,1,5,6,6,0,1,0,1,0,3,0,9,6,5,6,0,1,6,2,4,6,7,7,4,0,0,5,1,7,2,0,3,9,6,10,3,4,1,10,8,0,6,6,7,7,6,2,0,0,9,7,9,1,1,1,1,6,5,2,0,1,0,7
n150,1,2,6,6,6,4,0,1,5,1,6,0,1,0,1,0,3,0,9,6,5,6,6,1,6,2,4,6,7,7,4,0,8,5,1,7,0,0,3,9,6,10,3,4,1,0,8,6,6,6,7,7,6,2,10,8,0,7,0,1,1,1,1,6,5,2,0,1,0,7
n149,1,2,6,6,6,4,0,1,5,0,6,0,1,0,1,0,3,0,9,6,5,6,0,1,6,2,4,6,7,7,4,0,0,5,1,7,0,2,3,9,6,10,3,4,1,4,8,0,6,6,7,7,6,2,0,8,0,7,6,1,1,1,1,6,5,2,0,1,0,0
n156,0,2,6,0,6,4,2,1,5,9,6,0,1,6,1,3,8,5,9,6,5,6,0,1,6,2,4,6,7,7,4,0,3,0,1,7,0,9,3,9,6,10,3,4,1,3,8,0,8,0,7,7,6,2,10,4,0,4,8,1,1,1,1,6,5,2,10,1,10,6
n155,0,2,6,0,6,4,0,1,5,0,6,0,1,6,1,3,8,5,9,6,5,6,3,1,6,2,4,6,7,7,4,0,3,0,1,7,0,9,3,9,6,10,3,4,1,3,8,0,8,0,7,7,6,2,10,4,0,3,8,1,1,1,1,6,5,2,10,1,10,6
n158,7,2,6,0,6,4,1,1,5,10,6,0,1,3,1,7,8,5,9,6,5,6,0,1,6,2,4,6,7,7,4,1,3,3,1,7,7,8,3,9,6,10,3,4,1,3,8,5,4,0,7,7,6,2,10,4,10,3,8,1,1,1,1,6,5,2,10,1,10,6
n157,0,2,6,0,6,4,1,1,5,10,6,0,1,0,1,0,8,5,9,6,5,6,0,1,6,2,4,6,7,7,4,0,3,1,1,7,7,8,3,9,6,10,3,4,1,3,8,0,4,0,7,7,6,2,10,4,0,3,8,1,1,1,1,6,5,2,10,1,10,6
n162,0,2,6,7,6,4,4,1,5,0,6,0,1,3,1,0,8,5,9,6,5,6,0,1,6,2,4,6,7,7,4,0,3,0,1,7,7,0,3,9,6,10,3,4,1,0,8,0,7,0,7,7,6,2,0,8,0,0,8,1,1,1,1,6,5,2,0,1,10,0
n161,0,2,6,7,6,4,0,1,5,2,6,0,1,3,1,0,8,5,9,6,5,6,0,1,6,2,4,6,7,7,4,0,3,0,1,7,7,0,3,9,6,10,3,4,1,9,8,0,4,0,7,7,6,2,0,8,0,0,8,1,1,1,1,6,5,2,0,1,10,7
n164,0,2,6,7,6,4,0,1,5,0,6,10,1,3,1,0,8,5,9,6,5,6,0,1,6,2,4,6,7,7,4,0,3,0,1,7,8,0,3,9,6,10,3,4,1,0,8,2,2,0,7,7,6,2,0,3,0,0,8,1,1,1,1,6,5,2,0,1,10,0
n163,0,2,6,7,6,4,0,1,5,4,6,0,1,3,1,0,8,5,9,6,5,6,0,1,6,2,4,6,7,7,4,0,3,0,1,7,8,0,3,9,6,10,3,4,1,8,8,0,2,0,7,7,6,2,0,0,0,0,8,1,1,1,1,6,5,2,0,1,10,0
n172,9,0,6,0,6,4,4,1,5,1,6,0,1,0,1,9,5,8,9,6,4,6,10,1,6,2,4,6,7,7,4,3,0,10,1,7,3,6,3,9,6,10,3,4,1,9,8,0,0,0,7,7,6,2,0,0,0,4,9,1,1,1,1,6,5,2,2,0,4,2
n171,0,0,6,0,6,4,4,1,5,1,6,0,1,0,1,9,5,8,9,6,4,6,0,1,6,2,4,6,7,7,4,3,4,10,1,7,3,6,3,9,6,10,3,4,1,9,8,0,0,0,7,7,6,2,0,0,0,4,9,1,1,1,1,6,5,2,0,0,4,2
n174,3,0,6,5,6,4,0,1,5,1,6,9,1,0,1,9,5,8,9,6,4,6,10,1,6,2,4,6,7,7,4,5,0,10,1,7,3,6,3,9,6,10,3,4,1,9,8,0,0,0,7,7,6,2,0,0,4,0,0,1,1,1,1,6,5,2,6,0,0,2
n173,3,5,6,0,6,4,0,1,5,1,6,9,1,7,1,9,5,8,9,6,4,6,0,1,6,2,4,6,7,7,4,9,0,10,1,7,3,6,3,9,6,10,3,4,1,9,8,0,0,2,7,7,6,2,0,0,4,9,0,1,1,1,1,6,5,2,6,0,0,2
n178,0,1,6,5,6,4,1,1,5,1,6,0,1,10,1,9,5,8,9,6,0,6,0,1,6,2,4,6,7,7,4,6,0,10,1,7,3,6,3,9,6,10,3,4,1,0,8,5,0,0,7,7,6,2,0,0,2,1,0,1,1,1,1,6,5,2,5,3,0,2
n177,0,1,6,5,6,4,0,1,5,1,6,0,1,10,1,9,5,8,9,6,0,6,0,1,6,2,4,6,7,7,4,9,0,10,1,7,3,6,3,9,6,10,3,4,1,0,8,0,0,7,7,7,6,2,0,0,0,1,0,1,1,1,1,6,5,2,5,3,0,2
n180,0,1,6,5,6,4,0,1,5,1,6,0,1,0,1,9,5,8,9,6,10,6,0,1,6,2,4,6,7,7,4,1,7,10,1,7,3,6,3,9,6,10,3,4,1,5,8,9,3,0,7,7,6,2,0,0,5,1,0,1,1,1,1,6,5,2,5,0,0,2
n179,0,1,6,5,6,4,0,1,5,1,6,0,1,3,1,9,5,8,9,6,0,6,0,1,6,2,4,6,7,7,4,0,7,10,1,7,3,6,3,9,6,10,3,4,1,0,8,0,0,0,7,7,6,2,0,2,0,1,0,1,1,1,1,6,5,2,5,0,0,2
n186,9,9,6,3,6,4,0,1,5,6,6,9,1,5,1,9,0,8,9,6,10,6,7,1,6,2,4,6,7,7,4,0,5,0,1,7,3,6,3,9,6,10,3,4,1,6,8,4,1,4,7,7,6,2,6,7,0,0,3,1,1,1,1,6,5,2,8,1,0,2
n185,0,9,6,3,6,4,0,1,5,6,6,9,1,5,1,9,0,8,9,6,10,6,7,1,6,2,4,6,7,7,4,0,5,0,1,7,3,6,3,9,6,10,3,4,1,6,8,4,1,4,7,7,6,2,6,7,0,0,3,1,1,1,1,6,5,2,0,1,0,2
n188,0,0,6,3,6,4,9,1,5,6,6,9,1,9,1,9,2,8,9,6,10,6,0,1,6,2,4,6,7,7,4,0,5,0,1,7,3,6,3,9,6,10,3,4,1,6,8,4,1,0,7,7,6,2,6,7,10,6,3,1,1,1,1,6,5,2,8,7,0,2
n187,0,0,6,3,6,4,0,1,5,6,6,9,1,9,1,9,2,8,9,6,10,6,0,1,6,2,4,6,7,7,4,0,5,0,1,7,3,6,3,9,6,10,3,4,1,6,8,4,1,0,7,7,6,2,6,7,0,0,3,1,1,1,1,6,5,2,8,0,0,2
n192,0,3,6,3,6,4,0,1,5,6,6,3,1,0,1,9,0,8,9,6,10,6,0,1,6,2,4,6,7,7,4,8,5,0,1,7,0,6,3,9,6,10,3,4,1,0,8,3,1,0,7,7,6,2,6,7,8,0,3,1,1,1,1,6,5,2,5,10,0,2
n191,0,0,6,3,6,4,0,1,5,6,6,9,1,0,1,9,0,8,9,6,10,6,0,1,6,2,4,6,7,7,4,0,5,0,1,7,0,6,3,9,6,10,3,4,1,0,8,3,1,0,7,7,6,2,6,7,8,5,3,1,1,1,1,6,5,2,5,10,0,2
n194,0,8,6,3,6,4,0,1,5,0,6,0,1,0,1,9,0,8,9,6,10,6,8,1,6,2,4,6,7,7,4,0,5,0,1,7,10,6,3,9,6,10,3,4,1,0,8,0,1,6,7,7,6,2,6,7,8,6,3,1,1,1,1,6,5,2,5,0,0,2
n193,3,8,6,3,6,4,2,1,5,0,6,0,1,10,1,9,0,8,9,6,10,6,8,1,6,2,4,6,7,7,4,0,5,0,1,7,10,6,3,9,6,10,3,4,1,0,8,0,1,6,7,7,6,2,6,7,8,6,3,1,1,1,1,6,5,2,5,1,0,2
n204,6,8,6,3,6,4,5,3,5,5,6,4,1,6,1,5,5,7,9,6,7,6,0,1,6,2,4,6,7,0,4,0,8,0,5,7,0,1,3,9,6,9,2,4,1,2,8,0,8,9,7,7,6,2,0,2,1,0,0,1,1,1,1,1,5,2,7,5,10,2
n203,6,8,6,3,6,4,5,3,5,5,6,0,1,6,1,5,5,7,9,6,7,6,0,1,6,2,4,6,7,0,4,0,8,0,5,7,0,1,3,9,6,9,2,4,1,2,8,0,8,9,7,7,6,2,8,7,1,0,0,1,1,1,1,1,5,2,7,5,10,2
n206,6,8,6,3,6,4,5,3,5,0,6,0,1,0,1,5,5,7,9,6,7,6,4,1,6,2,4,6,7,0,4,6,8,0,5,7,0,1,3,9,6,9,2,4,1,2,8,0,8,0,7,7,6,2,0,0,2,0,0,1,1,1,1,2,5,2,5,0,10,2
n205,6,8,6,3,6,4,5,3,5,0,6,0,1,0,1,5,5,7,9,6,7,6,4,1,6,2,4,6,7,0,4,6,8,0,5,7,0,1,3,9,6,9,2,4,1,2,8,0,8,0,7,7,6,2,0,0,4,0,7,1,1,1,1,2,5,2,5,0,10,2
n210,6,8,6,3,6,4,5,3,5,0,6,5,1,4,1,5,5,7,9,6,7,6,4,1,6,2,4,6,7,0,4,4,8,7,0,7,10,1,3,9,6,9,2,4,1,2,8,0,8,0,7,7,6,2,0,0,0,0,7,1,1,1,1,0,5,2,6,0,10,6
n209,6,8,6,3,6,4,5,3,5,0,6,5,1,4,1,5,5,7,9,6,7,6,0,1,6,2,4,6,7,5,4,4,8,0,0,7,0,1,3,9,6,9,2,4,1,2,8,0,8,2,7,7,6,2,0,0,0,0,7,1,1,1,1,7,5,2,6,0,10,6
n212,6,8,6,3,6,4,5,3,5,0,6,5,1,4,1,5,5,7,9,6,7,6,10,1,6,2,4,6,7,0,4,4,8,2,0,7,0,1,3,9,6,9,2,4,1,2,8,0,8,0,7,7,6,2,5,0,10,10,7,1,1,1,1,4,5,2,6,0,10,6
n211,6,8,6,3,6,4,5,3,5,0,6,5,1,4,1,5,5,7,9,6,7,6,0,1,6,2,4,6,7,0,4,4,8,2,0,7,0,1,3,9,6,9,2,4,1,2,8,0,8,0,7,7,6,2,0,0,0,10,7,1,1,1,1,0,5,2,6,0,10,6
n218,6,8,6,4,6,4,5,3,5,0,6,6,1,0,1,5,5,7,9,6,7,6,0,1,6,2,4,6,7,0,4,7,8,5,3,7,0,6,3,9,6,9,2,4,1,2,8,3,8,0,7,7,6,2,4,8,9,0,2,1,1,1,1,6,5,2,8,0,10,5
n217,6,8,6,4,6,4,5,3,5,0,6,0,1,0,1,5,5,7,9,6,7,6,0,1,6,2,4,6,7,0,4,7,8,0,3,7,4,6,3,9,6,9,2,4,1,2,8,3,8,0,7,7,6,2,4,8,9,4,9,1,1,1,1,0,5,2,8,0,10,0
n220,6,8,6,4,6,4,5,3,5,7,6,5,1,0,1,5,5,7,9,6,7,6,6,1,6,2,4,6,7,5,4,7,8,0,3,7,0,6,3,9,6,9,2,4,1,2,8,3,8,0,7,7,6,2,2,8,9,0,2,1,1,1,1,2,5,2,8,5,10,0
n219,6,8,6,4,6,4,5,3,5,7,6,5,1,0,1,5,5,7,9,6,7,6,0,1,6,2,4,6,7,0,4,7,8,0,3,7,0,6,3,9,6,9,2,4,1,2,8,3,8,0,7,7,6,2,0,8,9,0,0,1,1,1,1,2,5,2,8,0,10,0
n224,6,8,6,4,6,4,5,3,5,0,6,0,1,0,1,5,5,7,9,6,7,6,10,1,6,2,4,6,7,0,4,7,8,10,3,7,8,0,3,9,6,9,2,4,1,2,8,0,8,5,7,7,6,2,8,7,0,0,0,1,1,1,1,0,5,2,8,6,10,2
n223,6,8,6,4,6,4,5,3,5,7,6,3,1,1,1,5,5,7,9,6,7,6,10,1,6,2,4,6,7,0,4,7,8,10,3,7,8,0,3,9,6,9,2,4,1,2,8,0,8,0,7,7,6,2,8,0,0,2,0,1,1,1,1,0,5,2,8,6,10,0
n226,6,8,6,4,6,4,5,3,5,8,6,10,1,2,1,5,5,7,9,6,7,6,10,1,6,2,4,6,7,0,4,7,8,10,3,7,0,0,3,9,6,9,2,4,1,2,8,6,8,0,7,7,6,2,8,9,2,7,0,1,1,1,1,0,5,2,8,0,10,9
n225,6,8,6,4,6,4,5,3,5,8,6,0,1,2,1,5,5,7,9,6,7,6,10,1,6,2,4,6,7,0,4,7,8,10,3,7,0,0,3,9,6,9,2,4,1,2,8,6,8,0,7,7,6,2,8,9,2,0,0,1,1,1,1,5,5,2,8,0,10,0
n234,6,0,6,0,6,4,8,0,5,5,6,4,1,0,1,0,5,3,9,6,7,6,6,1,6,2,4,6,7,0,4,2,8,1,1,7,0,7,3,9,6,8,2,4,1,2,8,7,8,9,7,7,6,2,2,0,1,0,9,1,1,1,1,0,5,2,0,0,10,0
n233,6,0,6,0,6,4,8,0,5,5,6,4,1,0,1,1,5,3,9,6,7,6,6,1,6,2,4,6,7,9,4,2,8,1,1,7,0,7,3,9,6,8,2,4,1,2,8,7,8,9,7,7,6,2,2,0,1,0,9,1,1,1,1,0,5,2,0,0,10,0
n236,6,1,6,0,6,4,8,5,5,5,6,6,1,0,1,10,5,3,9,6,7,6,6,1,6,2,4,6,7,5,4,2,8,8,1,7,0,7,3,9,6,0,2,4,1,2,8,7,8,9,7,7,6,2,2,0,1,2,9,1,1,1,1,0,5,2,6,0,10,0
n235,6,0,6,6,6,4,8,5,5,5,6,0,1,6,1,0,5,3,9,6,7,6,6,1,6,2,4,6,7,0,4,2,8,0,1,7,0,7,3,9,6,0,2,4,1,2,8,7,8,9,7,7,6,2,2,0,1,2,9,1,1,1,1,0,5,2,0,0,10,0
n240,6,0,6,0,6,4,8,6,5,0,6,0,1,6,1,8,5,3,9,6,0,6,6,1,6,2,4,6,7,10,4,2,8,10,1,7,5,0,3,9,6,0,2,4,1,2,8,7,8,9,7,7,6,2,2,0,0,8,9,1,1,1,1,0,5,2,0,6,10,1
n239,6,0,6,0,6,4,8,6,5,0,6,6,1,0,1,0,5,3,9,6,0,6,6,1,6,2,4,6,7,0,4,2,8,10,1,7,5,8,3,9,6,9,2,4,1,2,8,7,8,9,7,7,6,2,2,0,0,8,9,1,1,1,1,7,5,2,0,6,10,1
n242,6,6,6,8,6,4,8,2,5,0,6,7,1,0,1,0,5,3,9,6,3,6,6,1,6,2,4,6,7,6,4,2,8,0,1,7,7,0,3,9,6,0,2,4,1,2,8,7,8,9,7,7,6,2,2,0,6,8,9,1,1,1,1,3,5,2,0,0,10,0
n241,6,6,6,8,6,4,8,2,5,0,6,7,1,0,1,0,5,3,9,6,0,6,6,1,6,2,4,6,7,6,4,2,8,3,1,7,0,0,3,9,6,3,2,4,1,2,8,7,8,9,7,7,6,2,2,0,7,8,9,1,1,1,1,0,5,2,0,0,10,2
n248,6,10,6,0,6,4,3,8,5,2,6,8,1,2,1,4,5,0,9,6,7,6,6,1,6,2,4,6,7,0,4,2,8,0,1,7,6,10,3,9,6,7,2,4,1,2,8,4,8,9,7,7,6,2,2,0,0,7,9,1,1,1,1,8,5,2,2,0,10,0
n247,6,10,6,0,6,4,10,8,5,2,6,8,1,2,1,4,5,0,9,6,7,6,6,1,6,2,4,6,7,6,4,2,8,0,1,7,6,10,3,9,6,7,2,4,1,2,8,4,8,9,7,7,6,2,2,0,7,7,9,1,1,1,1,0,5,2,0,0,10,0
n250,6,10,6,10,6,4,1,8,5,2,6,9,1,6,1,4,5,5,9,6,7,6,6,1,6,2,4,6,7,8,4,2,8,6,1,7,0,10,3,9,6,7,2,4,1,2,8,4,8,9,7,7,6,2,2,0,0,7,9,1,1,1,1,0,5,2,0,0,10,1
n249,6,10,6,10,6,4,0,8,5,2,6,9,1,6,1,4,5,5,9,6,7,6,6,1,6,2,4,6,7,8,4,2,8,0,1,7,0,10,3,9,6,7,2,4,1,2,8,4,8,9,7,7,6,2,2,0,2,7,9,1,1,1,1,0,5,2,0,0,10,0
n254,6,10,6,0,6,4,0,7,5,2,6,0,1,1,1,4,5,0,9,6,7,6,6,1,6,2,4,6,7,0,4,2,8,0,1,7,0,0,3,9,6,0,2,4,1,2,8,5,8,9,7,7,6,2,2,5,9,7,9,1,1,1,1,0,5,2,8,0,10,0
n253,6,10,6,0,6,4,0,7,5,2,6,0,1,0,1,4,5,2,9,6,7,6,6,1,6,2,4,6,7,5,4,2,8,0,1,7,8,0,3,9,6,0,2,4,1,2,8,0,8,9,7,7,6,2,2,5,9,7,9,1,1,1,1,0,5,2,8,0,10,0
n256,6,10,6,0,6,4,0,7,5,2,6,0,1,0,1,4,5,0,9,6,7,6,6,1,6,2,4,6,7,3,4,2,8,0,1,7,0,0,3,9,6,0,2,4,1,2,8,0,8,9,7,7,6,2,2,10,0,7,9,1,1,1,1,7,5,2,0,0,10,0
n255,6,10,6,0,6,4,0,7,5,2,6,0,1,0,1,4,5,0,9,6,7,6,6,1,6,2,4,6,7,0,4,2,8,6,1,7,0,0,3,9,6,0,2,4,1,2,8,0,8,9,7,7,6,2,2,0,0,7,9,1,1,1,1,0,5,2,0,5,10,0
n270,8,0,7,4,8,0,0,3,5,0,6,10,1,3,6,0,0,0,1,2,6,6,2,1,3,1,3,9,7,10,4,6,2,6,0,9,8,4,2,9,4,3,4,4,0,0,6,2,8,6,4,7,2,2,4,9,1,9,2,0,1,1,1,3,5,2,5,7,0,8
n269,8,0,7,4,8,0,0,3,5,0,6,10,1,3,6,0,0,0,0,2,6,6,2,1,3,1,3,9,7,10,4,6,2,6,0,9,8,4,2,9,4,3,4,4,9,1,6,2,8,6,4,7,2,2,4,9,1,9,2,0,1,1,1,3,5,2,5,7,0,8
n272,8,0,7,4,0,2,6,3,5,0,6,10,1,3,6,0,3,0,1,2,6,6,2,1,3,1,3,9,7,10,4,6,2,6,6,9,8,4,2,9,4,3,4,4,0,9,6,2,8,6,4,7,2,2,4,9,1,9,2,0,1,1,1,3,5,2,5,7,8,8
n271,8,0,7,4,7,2,6,3,5,0,6,10,1,3,6,0,3,0,0,2,6,6,2,1,3,1,3,9,7,10,4,6,2,6,0,9,8,4,2,9,4,3,4,4,0,9,6,2,8,6,4,7,2,2,4,9,1,9,2,0,1,1,1,3,5,2,5,7,8,8
n276,8,0,7,4,8,0,0,3,5,3,6,10,1,3,6,0,1,6,0,0,6,6,2,1,3,1,3,0,7,10,4,6,2,6,0,9,8,4,1,9,4,9,4,4,0,0,6,2,8,6,4,7,2,2,4,10,1,9,4,0,1,1,1,3,5,2,5,7,0,8
n275,8,0,7,4,8,3,0,3,5,0,6,10,1,3,6,6,0,10,0,0,6,6,2,1,3,1,3,0,7,10,4,6,2,6,0,9,8,4,1,9,4,9,4,4,0,0,6,2,8,6,4,7,2,2,4,10,1,9,4,9,1,1,1,3,5,2,5,7,0,8
n278,8,0,7,4,8,1,0,3,5,0,6,10,1,3,6,0,0,0,0,2,6,6,2,1,3,1,3,0,7,10,4,6,2,6,1,9,8,4,1,9,4,0,4,4,0,0,6,2,8,6,4,7,2,2,4,0,1,9,3,0,1,1,1,3,5,2,5,7,0,8
n277,8,0,7,4,8,0,0,3,5,0,6,10,1,3,6,0,0,0,0,2,6,6,2,1,3,1,3,0,7,10,4,6,2,6,1,9,8,4,1,9,4,0,4,4,3,0,6,2,8,6,4,7,2,2,4,0,1,9,0,0,1,1,1,3,5,2,5,7,0,8
n284,8,0,7,4,9,7,9,3,5,2,6,1,1,3,6,0,0,0,0,0,6,6,2,1,3,1,3,6,7,0,4,6,0,0,0,9,8,4,0,9,4,0,4,4,6,5,6,2,8,6,4,7,2,2,4,0,1,9,3,0,1,1,1,3,5,2,5,7,9,8
n283,8,1,7,4,9,7,9,3,5,2,6,1,1,3,6,0,0,0,0,0,6,6,2,1,3,1,3,6,7,0,4,6,0,0,0,9,8,4,0,9,4,0,4,4,0,0,6,2,8,6,4,7,2,2,4,0,1,9,3,0,1,1,1,3,5,2,5,7,0,8
n286,8,0,7,4,9,7,9,3,5,2,6,6,1,3,6,5,0,0,0,0,6,6,2,1,3,1,3,0,7,8,4,6,4,0,0,9,8,4,0,9,4,0,4,4,6,7,6,2,8,6,4,7,2,2,4,0,1,9,3,0,1,1,1,3,5,2,5,7,0,8
n285,8,0,7,4,9,7,9,3,5,2,6,0,1,3,6,5,0,0,0,0,6,6,2,1,3,1,3,3,7,0,4,6,0,0,3,9,8,4,0,9,4,0,4,4,6,7,6,2,8,6,4,7,2,2,4,0,1,9,3,0,1,1,1,3,5,2,5,7,0,8
n290,8,9,7,4,9,7,0,3,5,2,6,3,1,3,6,5,0,0,10,0,6,6,2,1,3,1,3,2,7,0,4,6,5,0,1,9,8,4,0,9,4,10,4,4,0,0,6,2,8,6,4,7,2,2,4,8,1,9,0,0,1,1,1,3,5,2,5,7,0,8
n289,8,9,7,4,9,7,0,3,5,2,6,1,1,3,6,5,0,0,10,0,6,6,2,1,3,1,3,2,7,0,4,6,0,3,1,9,8,4,0,9,4,10,4,4,0,0,6,2,8,6,4,7,2,2,4,0,1,9,5,0,1,1,1,3,5,2,5,7,0,8
n292,8,9,7,4,9,7,7,3,5,2,6,0,1,3,6,5,0,1,10,0,6,6,2,1,3,1,3,2,7,8,4,6,0,0,0,9,8,4,0,9,4,3,4,4,0,0,6,2,8,6,4,7,2,2,4,0,1,9,0,6,1,1,1,3,5,2,5,7,0,8
n291,8,9,7,4,9,7,7,3,5,2,6,3,1,3,6,5,0,0,10,0,6,6,2,1,3,1,3,2,7,8,4,6,0,0,0,9,8,4,0,9,4,0,4,4,0,9,6,2,8,6,4,7,2,2,4,0,1,9,0,0,1,1,1,3,5,2,5,7,0,8
n300,0,1,7,4,1,0,0,3,5,2,6,6,1,4,6,2,0,2,0,3,6,6,2,1,0,1,3,7,7,6,4,6,0,5,6,9,8,4,10,9,4,0,6,4,3,0,6,2,5,6,4,7,2,2,4,2,1,9,2,0,1,1,1,5,5,2,5,7,0,10
n299,0,1,7,4,0,0,0,3,5,2,6,6,1,1,6,0,0,2,0,3,6,6,2,1,0,1,3,7,7,6,4,6,0,5,6,9,8,4,0,9,4,0,6,4,3,0,6,2,5,6,4,7,2,2,4,2,1,9,0,8,1,1,1,5,5,2,5,7,0,10
n302,4,1,7,4,3,1,0,3,5,2,6,0,1,1,6,0,0,2,0,3,6,6,2,1,0,1,3,0,7,0,4,6,0,5,6,9,8,4,0,9,4,5,6,4,0,3,6,2,5,6,4,7,2,2,4,2,1,9,5,0,1,1,1,2,5,2,5,7,6,10
n301,4,1,7,4,3,1,0,3,5,2,6,0,1,0,6,0,10,2,0,3,6,6,2,1,3,1,3,0,7,0,4,6,0,5,6,9,8,4,9,9,4,5,6,4,0,3,6,2,5,6,4,7,2,2,4,2,1,9,5,0,1,1,1,0,5,2,5,7,0,10
n306,0,0,7,4,0,0,0,3,5,2,6,0,1,0,6,5,4,5,0,0,6,6,2,1,3,1,3,10,7,9,4,6,0,5,6,9,8,4,0,9,4,4,6,4,9,2,6,2,5,6,4,7,2,2,4,0,1,9,0,0,1,1,1,1,5,2,5,7,9,10
n305,0,0,7,4,0,0,0,3,5,2,6,0,1,0,6,0,0,0,0,0,6,6,2,1,3,1,3,10,7,9,4,6,0,5,6,9,8,4,0,9,4,4,6,4,9,7,6,2,5,6,4,7,2,2,4,0,1,9,0,0,1,1,1,0,5,2,5,7,9,10
n308,4,0,7,4,8,0,5,3,5,2,6,0,1,0,6,0,10,4,7,10,6,6,2,1,8,1,3,10,7,9,4,6,7,5,6,9,8,4,2,9,4,0,6,4,9,0,6,2,5,6,4,7,2,2,4,6,1,9,4,5,1,1,1,0,5,2,5,7,0,10
n307,0,0,7,4,8,6,5,3,5,2,6,5,1,0,6,0,10,4,7,10,6,6,2,1,8,1,3,10,7,9,4,6,6,5,6,9,8,4,0,9,4,6,6,4,9,0,6,2,5,6,4,7,2,2,4,0,1,9,0,5,1,1,1,1,5,2,5,7,0,10
n314,0,3,7,4,7,4,0,3,5,9,6,9,1,0,6,0,1,7,6,2,6,6,2,1,7,1,3,0,7,3,4,6,2,0,6,9,8,4,0,9,4,5,7,4,9,0,6,2,5,6,4,7,2,2,4,0,1,9,0,1,1,1,1,0,5,2,5,7,3,10
n313,0,3,7,4,7,4,0,3,5,9,6,7,1,0,6,0,1,7,0,2,6,6,2,1,0,1,3,0,7,3,4,6,2,0,6,9,8,4,6,9,4,5,7,4,9,0,6,2,5,6,4,7,2,2,4,7,1,9,2,1,1,1,1,0,5,2,5,7,3,10
n316,0,7,7,4,7,4,0,3,5,9,6,0,1,0,6,10,1,7,0,2,6,6,2,1,4,1,3,0,7,3,4,6,2,0,6,9,8,4,0,9,4,7,7,4,9,2,6,2,5,6,4,7,2,2,4,0,1,9,0,0,1,1,1,0,5,2,5,7,2,10
n315,0,0,7,4,7,4,0,3,5,9,6,0,1,0,6,0,1,7,0,2,6,6,2,1,0,1,3,0,7,3,4,6,2,0,6,9,8,4,0,9,4,0,7,4,9,2,6,2,5,6,4,7,2,2,4,0,1,9,0,0,1,1,1,7,5,2,5,7,2,10
n320,0,0,7,4,7,0,0,3,5,1,6,8,1,0,6,6,0,7,3,9,6,6,2,1,6,1,3,7,7,3,4,6,2,2,6,9,8,4,10,9,4,9,7,4,9,1,6,2,5,6,4,7,2,2,4,0,1,9,9,6,1,1,1,0,5,2,5,7,6,10
n319,2,0,7,4,7,10,0,3,5,1,6,8,1,0,6,6,0,7,3,9,6,6,2,1,6,1,3,7,7,3,4,6,2,2,6,9,8,4,10,9,4,9,7,4,9,1,6,2,5,6,4,7,2,2,4,0,1,9,9,6,1,1,1,0,5,2,5,7,0,10
n322,1,0,7,4,7,0,8,3,5,0,6,8,1,0,6,6,9,7,3,9,6,6,2,1,6,1,3,8,7,3,4,6,2,0,6,9,8,4,10,9,4,9,7,4,9,0,6,2,5,6,4,7,2,2,4,0,1,9,9,6,1,1,1,9,5,2,5,7,3,10
n321,0,0,7,4,7,0,8,3,5,0,6,8,1,0,6,6,9,7,3,9,6,6,2,1,6,1,3,8,7,3,4,6,2,0,6,9,8,4,10,9,4,9,7,4,9,0,6,2,5,6,4,7,2,2,4,0,1,9,9,6,1,1,1,9,5,2,5,7,3,10
n332,0,0,7,4,5,0,8,6,5,2,6,9,1,4,6,6,2,10,0,5,6,6,3,1,7,1,3,0,7,3,4,6,8,9,0,9,8,4,4,9,4,4,6,4,0,4,6,2,2,5,4,7,2,2,4,0,1,8,3,5,1,1,1,0,5,2,5,7,0,0
n331,0,0,7,4,5,0,8,6,5,0,6,9,1,4,6,6,2,0,0,5,6,6,3,1,7,1,3,0,7,3,4,6,8,9,0,9,8,4,4,9,4,4,6,4,0,4,6,2,6,5,4,7,2,2,4,0,1,8,0,5,1,1,1,0,5,2,5,7,0,0
n334,0,6,7,4,5,2,8,6,5,10,6,1,1,4,6,6,2,0,0,5,6,6,3,1,7,1,3,0,7,3,4,6,8,9,4,9,8,4,4,9,4,4,6,4,0,0,6,2,4,5,4,7,2,2,4,0,1,8,0,5,1,1,1,0,5,2,5,7,10,0
n333,0,0,7,4,5,0,8,6,5,10,6,1,1,4,6,6,2,0,0,5,6,6,3,1,7,1,3,0,7,3,4,6,8,9,4,9,8,4,4,9,4,4,6,4,0,0,6,2,0,5,4,7,2,2,4,0,1,8,0,5,1,1,1,0,5,2,5,7,10,0
n338,0,5,7,4,5,3,8,0,5,0,6,10,1,0,6,0,2,4,3,5,6,6,3,1,7,1,3,2,7,3,4,6,8,9,7,9,8,4,4,9,4,3,6,4,0,1,6,2,10,5,4,7,2,2,4,0,1,8,4,5,1,1,1,0,5,2,5,7,0,0
n337,0,7,7,4,5,3,8,7,5,0,6,0,1,0,6,0,2,4,3,5,6,6,3,1,7,1,3,2,7,3,4,6,8,9,7,9,8,4,4,9,4,5,6,4,0,0,6,2,10,5,4,7,2,2,4,0,1,8,4,5,1,1,1,0,5,2,5,7,0,0
n340,5,10,7,4,5,0,8,0,5,10,6,6,1,0,6,6,2,0,3,5,6,6,3,1,7,1,3,2,7,3,4,6,8,9,7,9,8,4,4,9,4,0,6,4,6,0,6,2,10,5,4,7,2,2,4,1,1,8,4,5,1,1,1,0,5,2,5,7,1,0
n339,0,10,7,4,5,10,8,4,5,10,6,0,1,0,6,6,2,0,3,5,6,6,3,1,7,1,3,2,7,3,4,6,8,9,7,9,8,4,4,9,4,0,6,4,6,0,6,2,10,5,4,7,2,2,4,0,1,8,4,5,1,1,1,0,5,2,5,7,1,0
n346,0,0,7,4,5,0,8,10,5,8,6,5,1,7,6,8,2,0,0,5,6,6,3,1,7,1,3,0,7,3,4,6,0,4,5,9,8,4,0,9,4,4,6,4,0,7,6,2,7,5,4,7,2,2,4,0,1,8,0,5,1,1,1,0,5,2,5,7,3,0
n345,0,0,7,4,5,0,8,10,5,8,6,5,1,0,6,8,2,3,3,5,6,6,3,1,7,1,3,0,7,3,4,6,0,4,0,9,8,4,9,9,4,4,6,4,0,7,6,2,7,5,4,7,2,2,4,6,1,8,6,5,1,1,1,0,5,2,5,7,0,0
n348,10,0,7,4,5,2,8,0,5,8,6,5,1,0,6,8,2,10,0,5,6,6,3,1,7,1,3,0,7,3,4,6,8,4,0,9,8,4,0,9,4,0,6,4,0,7,6,2,7,5,4,7,2,2,4,6,1,8,0,5,1,1,1,0,5,2,5,7,0,0
n347,10,0,7,4,5,2,8,0,5,8,6,5,1,0,6,8,2,9,0,5,6,6,3,1,7,1,3,0,7,3,4,6,0,4,0,9,8,4,10,9,4,0,6,4,0,7,6,2,7,5,4,7,2,2,4,6,1,8,0,5,1,1,1,0,5,2,5,7,0,0
n352,1,1,7,4,5,7,8,0,5,8,6,8,1,0,6,0,2,0,6,5,6,6,3,1,7,1,3,8,7,3,4,6,0,4,2,9,8,4,0,9,4,1,6,4,0,0,6,2,0,5,4,7,2,2,4,8,1,8,0,5,1,1,1,2,5,2,5,7,0,10
n351,0,1,7,4,5,7,8,3,5,8,6,0,1,0,6,8,2,0,6,5,6,6,3,1,7,1,3,8,7,3,4,6,6,4,9,9,8,4,2,9,4,1,6,4,0,0,6,2,2,5,4,7,2,2,4,0,1,8,8,5,1,1,1,2,5,2,5,7,4,0
n354,7,1,7,4,5,7,8,6,5,8,6,0,1,0,6,0,2,0,0,5,6,6,3,1,7,1,3,8,7,3,4,6,5,4,0,9,8,4,2,9,4,2,6,4,0,5,6,2,0,5,4,7,2,2,4,0,1,8,0,5,1,1,1,0,5,2,5,7,0,0
n353,0,1,7,4,5,7,8,0,5,8,6,0,1,4,6,0,2,0,0,5,6,6,3,1,7,1,3,8,7,3,4,6,0,4,0,9,8,4,2,9,4,2,6,4,0,5,6,2,0,5,4,7,2,2,4,1,1,8,0,5,1,1,1,0,5,2,5,7,0,0
n362,1,7,7,4,10,3,8,7,5,7,6,0,1,0,6,0,2,5,8,3,6,6,0,1,7,1,3,0,7,0,4,6,0,5,10,9,8,4,0,9,4,0,6,4,10,3,6,2,9,5,4,7,2,2,4,0,1,8,0,5,1,1,1,2,5,2,5,7,7,0
n361,1,7,7,4,10,3,8,7,5,7,6,0,1,2,6,0,2,5,8,3,6,6,0,1,7,1,3,0,7,9,4,6,0,5,10,9,8,4,0,9,4,0,6,4,10,3,6,2,9,5,4,7,2,2,4,0,1,8,0,5,1,1,1,2,5,2,5,7,7,0
n364,1,7,7,4,10,3,8,7,5,9,6,0,1,7,6,0,2,5,8,0,6,6,0,1,7,1,3,7,7,0,4,6,0,5,10,9,8,4,0,9,4,6,6,4,10,3,6,2,9,5,4,7,2,2,4,0,1,8,0,5,1,1,1,5,5,2,5,7,7,0
n363,1,7,7,4,10,3,8,7,5,9,6,0,1,0,6,2,2,5,8,0,6,6,0,1,7,1,3,0,7,0,4,6,0,5,10,9,8,4,0,9,4,9,6,4,10,3,6,2,9,5,4,7,2,2,4,0,1,8,0,5,1,1,1,5,5,2,5,7,7,0
n368,1,7,7,4,6,3,8,7,5,0,6,4,1,0,6,0,2,5,7,1,6,6,0,1,7,1,3,0,7,2,4,6,0,5,10,9,8,4,0,9,4,0,6,4,10,3,6,2,9,5,4,7,2,2,4,0,1,0,0,5,1,1,1,6,5,2,5,7,7,10
n367,1,7,7,4,6,3,8,7,5,0,6,4,1,0,6,0,2,5,7,0,6,6,0,1,7,1,3,0,7,2,4,6,9,5,10,9,8,4,0,9,4,8,6,4,10,3,6,2,9,5,4,7,2,2,4,0,1,0,0,5,1,1,1,0,5,2,5,7,7,10
n370,1,7,7,4,6,3,8,7,5,0,6,4,1,0,6,0,2,5,7,0,6,6,3,1,7,1,3,0,7,2,4,6,0,5,10,9,8,4,0,9,4,0,6,4,10,3,6,2,9,5,4,7,2,2,4,0,1,0,0,5,1,1,1,0,5,2,5,7,7,10
n369,1,7,7,4,6,3,8,7,5,7,6,4,1,0,6,0,2,5,7,8,6,6,3,1,7,1,3,0,7,2,4,6,8,5,10,9,8,4,0,9,4,0,6,4,10,3,6,2,9,5,4,7,2,2,4,0,1,0,0,5,1,1,1,0,5,2,5,7,7,10
n376,10,10,7,4,0,3,8,7,5,0,6,2,1,0,6,3,2,5,7,2,6,6,3,1,7,1,3,8,7,9,4,6,0,5,5,9,8,4,4,9,4,0,6,4,4,6,6,2,0,5,4,7,2,2,4,6,1,0,0,5,1,1,1,9,5,2,5,7,7,0
n375,10,10,7,4,0,3,8,7,5,0,6,2,1,0,6,3,2,5,7,2,6,6,3,1,7,1,3,8,7,9,4,6,0,5,5,9,8,4,4,9,4,0,6,4,0,6,6,2,3,5,4,7,2,2,4,6,1,0,0,5,1,1,1,9,5,2,5,7,7,9
n378,10,10,7,4,0,3,8,7,5,7,6,2,1,0,6,3,2,5,7,2,6,6,0,1,7,1,3,8,7,9,4,6,0,5,8,9,8,4,4,9,4,0,6,4,5,6,6,2,0,5,4,7,2,2,4,6,1,5,0,5,1,1,1,9,5,2,5,7,7,0
n377,10,10,7,4,10,3,8,7,5,0,6,2,1,0,6,3,2,5,7,2,6,6,3,1,7,1,3,8,7,9,4,6,0,5,8,9,8,4,4,9,4,6,6,4,5,6,6,2,0,5,4,7,2,2,4,6,1,0,0,5,1,1,1,9,5,2,5,7,7,0
n382,8,10,7,4,0,3,8,7,5,4,6,0,1,3,6,3,2,5,0,2,6,6,0,1,7,1,3,4,7,0,4,6,0,5,8,9,8,4,4,9,4,0,6,4,7,0,6,2,2,5,4,7,2,2,4,0,1,0,4,5,1,1,1,0,5,2,5,7,7,0
n381,8,10,7,4,0,3,8,7,5,4,6,0,1,3,6,3,2,5,6,2,6,6,0,1,7,1,3,4,7,0,4,6,0,5,8,9,8,4,4,9,4,4,6,4,7,0,6,2,2,5,4,7,2,2,4,0,1,7,4,5,1,1,1,0,5,2,5,7,7,0
n384,1,10,7,4,0,3,8,7,5,1,6,0,1,3,6,3,2,5,4,2,6,6,0,1,7,1,3,4,7,6,4,6,0,5,8,9,8,4,4,9,4,0,6,4,0,0,6,2,0,5,4,7,2,2,4,0,1,0,4,5,1,1,1,0,5,2,5,7,7,1
n383,0,10,7,4,0,3,8,7,5,7,6,0,1,3,6,3,2,5,0,2,6,6,0,1,7,1,3,4,7,6,4,6,0,5,8,9,8,4,4,9,4,5,6,4,0,10,6,2,0,5,4,7,2,2,4,0,1,0,4,5,1,1,1,2,5,2,5,7,7,9
n396,0,4,0,4,10,0,6,2,5,4,6,2,1,0,7,4,1,0,0,8,0,6,1,1,3,1,10,0,7,0,4,6,0,9,0,1,8,4,5,9,4,5,2,4,1,0,0,2,5,8,8,7,2,8,4,1,1,0,3,5,1,1,1,7,5,2,4,8,8,0
n395,0,4,0,4,0,0,6,2,5,4,6,2,1,0,7,4,1,0,0,8,0,6,1,1,3,1,0,0,7,0,4,6,0,9,0,1,8,4,5,9,4,5,2,4,1,0,8,2,5,8,8,7,2,8,4,1,1,0,3,5,1,1,1,7,5,2,4,8,8,0
n398,5,4,0,4,5,0,6,0,5,4,6,2,1,0,7,4,1,0,0,8,0,6,1,1,3,1,0,0,7,1,4,6,1,9,1,0,8,4,5,9,4,1,2,4,1,0,8,2,0,8,8,7,2,8,4,0,1,5,3,5,1,1,1,7,5,2,4,8,8,5
n397,5,4,0,4,5,0,6,0,5,4,6,2,1,0,7,4,1,0,0,8,0,6,1,1,3,1,5,0,7,1,4,6,1,9,0,0,8,4,5,9,4,1,2,4,1,10,8,2,0,8,8,7,2,8,4,8,1,5,3,5,1,1,1,7,5,2,4,8,8,5
n402,0,4,1,4,4,6,6,0,5,4,6,2,1,7,7,4,1,0,7,8,0,6,1,1,3,1,0,0,7,0,4,6,0,9,0,1,8,4,5,9,4,0,2,4,1,5,10,2,0,8,8,7,2,8,4,7,1,0,3,5,1,1,1,7,5,2,4,8,8,0
n401,0,4,0,4,4,6,6,0,5,4,6,2,1,0,7,4,1,0,7,8,0,6,1,1,3,1,0,0,7,0,4,6,7,9,0,1,8,4,5,9,4,0,2,4,0,5,10,2,0,8,8,7,2,8,4,0,1,0,3,5,1,1,1,7,5,2,4,8,8,0
n404,1,4,0,4,0,0,6,0,5,4,6,2,1,0,7,4,1,2,7,8,0,6,1,1,3,1,0,7,7,3,4,6,3,9,0,2,8,4,5,9,4,0,2,4,0,0,10,2,0,8,8,7,2,8,4,10,1,0,3,5,1,1,1,7,5,2,4,8,8,0
n403,0,4,0,4,1,8,6,0,5,4,6,2,1,0,7,4,1,2,7,8,0,6,1,1,3,1,0,0,7,0,4,6,3,9,0,2,8,4,5,9,4,0,2,4,0,0,10,2,0,8,8,7,2,8,4,9,1,0,3,5,1,1,1,7,5,2,4,8,8,0
n410,0,4,0,4,0,3,6,0,5,4,6,2,1,0,7,4,1,0,7,8,10,6,1,1,3,1,0,6,7,0,4,6,6,9,0,0,8,4,9,9,4,4,2,4,4,3,5,2,1,8,8,7,2,8,4,9,1,0,3,5,1,1,1,7,5,2,4,8,8,0
n409,0,4,0,4,0,3,6,0,5,4,6,2,1,0,7,4,1,0,7,8,10,6,1,1,3,1,0,6,7,0,4,6,6,9,0,0,8,4,9,9,4,4,2,4,4,3,5,2,1,8,8,7,2,8,4,0,1,0,3,5,1,1,1,7,5,2,4,8,8,0
n412,0,0,1,4,0,3,6,10,5,4,6,2,1,0,7,4,1,0,7,8,0,6,1,1,5,1,0,6,7,0,4,6,0,9,0,0,8,4,9,9,4,4,2,4,4,3,2,2,1,8,8,7,2,8,4,0,1,2,3,5,1,1,1,7,5,2,4,8,8,0
n411,0,0,1,4,0,3,6,10,5,4,6,2,1,0,7,4,1,1,7,8,0,6,1,1,5,1,2,6,7,3,4,6,0,9,0,0,8,4,9,9,4,4,2,4,4,3,0,2,1,8,8,7,2,8,4,0,1,2,3,5,1,1,1,7,5,2,4,8,8,0
n416,1,4,3,4,4,3,6,2,5,4,6,2,1,6,7,4,1,3,0,8,0,6,1,1,0,1,1,4,7,0,4,6,0,9,9,0,8,4,9,9,4,8,2,4,8,3,9,2,1,8,8,7,2,8,4,0,1,0,3,5,1,1,1,7,5,2,4,8,8,0
n415,1,4,3,4,0,3,6,2,5,4,6,2,1,6,7,4,1,0,0,8,0,6,1,1,0,1,1,4,7,0,4,6,0,9,9,0,8,4,9,9,4,0,2,4,0,3,9,2,1,8,8,7,2,8,4,0,1,0,3,5,1,1,1,7,5,2,4,8,8,0
n418,0,4,4,4,0,3,6,2,5,4,6,2,1,6,7,4,1,2,4,8,0,6,1,1,0,1,1,4,7,0,4,6,2,9,0,0,8,4,9,9,4,0,2,4,0,3,9,2,1,8,8,7,2,8,4,0,1,3,3,5,1,1,1,7,5,2,4,8,8,0
n417,8,4,4,4,0,3,6,2,5,4,6,2,1,6,7,4,1,0,4,8,0,6,1,1,0,1,1,4,7,0,4,6,0,9,0,0,8,4,9,9,4,0,2,4,9,3,9,2,1,8,8,7,2,8,4,0,1,3,3,5,1,1,1,7,5,2,4,8,8,10
n426,7,8,1,4,0,3,0,7,5,4,6,10,1,5,7,4,1,3,6,2,5,6,1,1,8,1,0,10,7,4,4,6,5,9,1,0,8,4,9,9,4,6,2,4,0,0,0,2,4,8,8,7,2,8,4,2,1,4,0,5,1,1,1,7,5,2,4,8,8,10
n425,7,8,1,4,9,3,1,7,5,4,6,10,1,5,7,4,1,3,6,2,0,6,1,1,8,1,0,10,7,4,4,6,5,9,0,2,8,4,9,9,4,6,2,4,0,0,0,2,0,8,8,7,2,8,4,2,1,4,4,5,1,1,1,7,5,2,4,8,8,10
n428,7,8,1,4,0,3,7,5,5,4,6,10,1,5,7,4,1,3,6,2,0,6,1,1,8,1,3,0,7,4,4,6,5,9,0,1,8,4,0,9,4,6,2,4,0,0,0,2,0,8,8,7,2,8,4,2,1,0,0,5,1,1,1,7,5,2,4,8,8,10
n427,7,8,1,4,0,3,7,0,5,4,6,10,1,5,7,4,1,3,6,2,0,6,1,1,8,1,0,0,7,4,4,6,5,9,0,1,8,4,0,9,4,6,2,4,0,3,0,2,5,8,8,7,2,8,4,2,1,0,1,5,1,1,1,7,5,2,4,8,8,10
n432,7,8,1,4,0,2,0,0,5,4,6,0,1,0,7,4,1,3,6,2,0,6,1,1,8,1,0,7,7,4,4,6,5,9,0,0,8,4,0,9,4,0,2,4,0,0,0,2,0,8,8,7,2,8,4,2,1,0,0,5,1,1,1,7,5,2,4,8,8,10
n431,7,8,1,4,0,0,0,0,5,4,6,0,1,0,7,4,1,3,6,2,0,6,1,1,8,1,0,0,7,4,4,6,5,9,0,6,8,4,0,9,4,0,2,4,0,0,4,2,0,8,8,7,2,8,4,2,1,0,0,5,1,1,1,7,5,2,4,8,8,10
n434,7,8,1,4,0,0,2,0,5,4,6,0,1,0,7,4,1,3,6,2,9,6,1,1,8,1,0,0,7,4,4,6,5,9,0,0,8,4,1,9,4,0,2,4,0,0,0,2,0,8,8,7,2,8,4,2,1,0,0,5,1,1,1,7,5,2,4,8,8,10
n433,7,8,1,4,0,0,2,0,5,4,6,1,1,0,7,4,1,3,6,2,0,6,1,1,8,1,0,5,7,4,4,6,5,9,0,0,8,4,0,9,4,0,2,4,0,0,0,2,0,8,8,7,2,8,4,2,1,0,0,5,1,1,1,7,5,2,4,8,8,10
n440,0,8,0,4,0,0,0,0,5,4,6,9,1,4,7,4,1,3,6,2,3,6,1,1,0,1,1,9,7,4,4,6,8,9,4,10,8,4,5,9,4,9,2,4,9,6,7,2,10,8,8,7,2,8,4,2,1,0,0,5,1,1,1,7,5,2,4,8,8,10
n439,0,8,0,4,0,8,0,0,5,4,6,9,1,4,7,4,1,3,6,2,3,6,1,1,6,1,1,9,7,4,4,6,8,9,4,10,8,4,1,9,4,9,2,4,0,6,7,2,10,8,8,7,2,8,4,2,1,0,0,5,1,1,1,7,5,2,4,8,8,10
n442,1,8,3,4,0,0,0,0,5,4,6,9,1,9,7,4,1,3,6,2,3,6,1,1,0,1,0,1,7,4,4,6,8,9,4,10,8,4,10,9,4,9,2,4,1,0,0,2,10,8,8,7,2,8,4,2,1,0,8,5,1,1,1,7,5,2,4,8,8,10
n441,0,8,3,4,2,0,8,0,5,4,6,9,1,9,7,4,1,3,6,2,3,6,1,1,0,1,0,0,7,4,4,6,8,9,4,10,8,4,0,9,4,9,2,4,0,0,4,2,10,8,8,7,2,8,4,2,1,0,0,5,1,1,1,7,5,2,4,8,8,10
n446,0,8,0,4,6,0,3,5,5,4,6,9,1,4,7,4,1,3,6,2,3,6,1,1,6,1,3,10,7,4,4,6,0,9,4,1,8,4,2,9,4,9,2,4,0,0,5,2,0,8,8,7,2,8,4,2,1,2,0,5,1,1,1,7,5,2,4,8,8,10
n445,0,8,0,4,0,0,3,5,5,4,6,9,1,4,7,4,1,3,6,2,3,6,1,1,6,1,3,0,7,4,4,6,0,9,4,1,8,4,0,9,4,9,2,4,1,0,5,2,0,8,8,7,2,8,4,2,1,2,0,5,1,1,1,7,5,2,4,8,8,10
n448,0,8,0,4,0,0,3,5,5,4,6,9,1,0,7,4,1,3,6,2,3,6,1,1,0,1,0,0,7,4,4,6,0,9,4,0,8,4,0,9,4,9,2,4,0,0,2,2,0,8,8,7,2,8,4,2,1,0,0,5,1,1,1,7,5,2,4,8,8,10
n447,0,8,0,4,7,0,3,5,5,4,6,9,1,0,7,4,1,3,6,2,3,6,1,1,0,1,1,4,7,4,4,6,4,9,4,0,8,4,5,9,4,9,2,4,0,0,2,2,0,8,8,7,2,8,4,2,1,0,0,5,1,1,1,7,5,2,4,8,8,10
n458,0,5,1,4,1,0,8,2,5,4,6,8,1,8,7,2,1,8,3,4,10,6,1,1,8,1,7,0,7,2,4,6,0,9,7,6,8,4,0,9,4,7,7,4,1,0,9,2,4,8,8,7,2,5,4,4,1,10,4,9,1,1,1,7,5,2,4,10,8,9
n457,0,5,1,4,1,0,8,2,5,4,6,8,1,8,7,2,1,8,3,4,10,6,1,1,8,1,7,0,7,2,4,6,0,9,7,0,8,4,0,9,4,7,7,4,1,0,9,2,4,8,8,7,2,5,4,4,1,10,4,9,1,1,1,7,5,2,4,10,8,9
n460,0,5,1,4,1,0,8,2,5,4,6,8,1,8,7,2,1,8,3,6,10,6,1,1,8,1,0,9,7,2,4,6,0,9,7,0,8,4,0,9,4,0,7,4,1,2,9,2,4,8,8,7,2,5,4,4,1,10,4,9,1,1,1,7,5,2,4,0,8,0
n459,0,5,1,4,1,0,8,2,5,4,6,8,1,8,7,2,1,8,3,6,10,6,1,1,8,1,0,0,7,2,4,6,0,9,7,0,8,4,0,9,4,0,7,4,1,0,9,2,4,8,8,7,2,5,4,4,1,10,4,9,1,1,1,7,5,2,4,0,8,0
n464,0,5,1,4,0,0,8,0,5,4,6,8,1,8,7,2,1,8,3,0,0,6,1,1,8,1,0,0,7,2,4,6,0,9,7,8,8,4,8,9,4,0,7,4,1,5,6,2,4,8,8,7,2,5,4,4,1,10,4,9,1,1,1,7,5,2,4,2,8,0
n463,0,5,1,4,1,0,8,0,5,4,6,8,1,8,7,2,1,8,3,0,0,6,1,1,8,1,0,0,7,2,4,6,8,9,7,0,8,4,8,9,4,0,7,4,1,0,6,2,4,8,8,7,2,5,4,4,1,10,4,9,1,1,1,7,5,2,4,1,8,0
n466,0,5,1,4,6,0,8,0,5,4,6,8,1,8,7,2,1,8,3,5,0,6,1,1,8,1,4,0,7,2,4,6,0,9,7,0,8,4,8,9,4,0,7,4,1,2,6,2,4,8,8,7,2,5,4,4,1,10,4,9,1,1,1,7,5,2,4,8,8,0
n465,0,5,1,4,6,0,8,3,5,4,6,8,1,8,7,2,1,8,3,5,10,6,1,1,8,1,4,0,7,2,4,6,0,9,7,0,8,4,8,9,4,0,7,4,1,2,6,2,4,8,8,7,2,5,4,4,1,10,4,9,1,1,1,7,5,2,4,0,8,0
n472,1,5,1,4,9,0,8,4,5,4,6,8,1,7,7,2,1,3,3,3,0,6,1,1,8,1,6,0,7,2,4,6,1,9,7,3,8,4,8,9,4,0,7,4,1,6,0,2,4,8,8,7,2,5,4,4,1,10,4,9,1,1,1,7,5,2,4,1,8,8
n471,1,5,1,4,9,0,8,4,5,4,6,8,1,7,7,2,1,3,3,3,0,6,1,1,8,1,6,0,7,2,4,6,1,9,7,3,8,4,8,9,4,0,7,4,1,6,0,2,4,8,8,7,2,5,4,4,1,10,4,9,1,1,1,7,5,2,4,0,8,0
n474,1,5,1,4,0,0,8,0,5,4,6,8,1,7,7,2,1,3,3,3,0,6,1,1,8,1,6,0,7,2,4,6,0,9,7,3,8,4,8,9,4,0,7,4,1,6,7,2,4,8,8,7,2,5,4,4,1,10,4,9,1,1,1,7,5,2,4,5,8,0
n473,1,5,1,4,0,0,8,0,5,4,6,8,1,7,7,2,1,3,3,3,0,6,1,1,8,1,6,0,7,2,4,6,0,9,7,3,8,4,8,9,4,0,7,4,1,6,0,2,4,8,8,7,2,5,4,4,1,10,4,9,1,1,1,7,5,2,4,5,8,0
n478,1,5,1,4,0,0,8,0,5,4,6,8,1,7,7,2,1,3,3,3,0,6,1,1,8,1,4,0,7,2,4,6,0,9,7,3,8,4,8,9,4,0,7,4,1,0,0,2,4,8,8,7,2,5,4,4,1,10,4,9,1,1,1,7,5,2,4,0,8,1
n477,1,5,1,4,5,0,8,0,5,4,6,8,1,7,7,2,1,3,3,3,0,6,1,1,8,1,0,8,7,2,4,6,0,9,7,3,8,4,8,9,4,0,7,4,1,2,0,2,4,8,8,7,2,5,4,4,1,10,4,9,1,1,1,7,5,2,4,0,8,1
n480,1,5,1,4,0,5,8,9,5,4,6,8,1,7,7,2,1,3,3,3,10,6,1,1,8,1,10,0,7,2,4,6,0,9,7,3,8,4,8,9,4,0,7,4,1,10,4,2,4,8,8,7,2,5,4,4,1,10,4,9,1,1,1,7,5,2,4,0,8,0
n479,1,5,1,4,0,0,8,0,5,4,6,8,1,7,7,2,1,3,3,3,0,6,1,1,8,1,10,0,7,2,4,6,0,9,7,3,8,4,8,9,4,0,7,4,1,0,4,2,4,8,8,7,2,5,4,4,1,10,4,9,1,1,1,7,5,2,4,0,8,0
n488,6,5,0,4,0,0,8,0,5,4,6,8,1,4,7,10,1,0,10,1,3,6,1,1,0,1,8,5,7,0,4,6,5,9,0,8,8,4,5,9,4,7,5,4,0,0,0,2,4,8,8,7,2,10,4,4,1,0,4,1,1,1,1,7,5,2,4,6,8,0
n487,6,5,0,4,0,0,8,0,5,4,6,8,1,4,7,10,1,0,10,1,3,6,1,1,0,1,8,5,7,2,4,6,5,9,0,8,8,4,5,9,4,7,5,4,0,0,0,2,4,8,8,7,2,10,4,4,1,0,4,1,1,1,1,7,5,2,4,6,8,0
n490,6,5,3,4,6,0,8,0,5,4,6,8,1,4,7,10,1,0,10,1,3,6,1,1,0,1,8,5,7,0,4,6,0,9,2,8,8,4,6,9,4,7,5,4,1,0,0,2,4,8,8,7,2,8,4,4,1,0,4,0,1,1,1,7,5,2,4,0,8,4
n489,6,5,3,4,6,0,8,0,5,4,6,8,1,4,7,10,1,0,10,1,3,6,1,1,0,1,8,5,7,0,4,6,4,9,0,8,8,4,6,9,4,7,5,4,1,0,0,2,4,8,8,7,2,2,4,4,1,0,4,0,1,1,1,7,5,2,4,0,8,7
n494,6,5,0,4,5,0,8,0,5,4,6,8,1,4,7,10,1,0,10,1,3,6,1,1,2,1,0,5,7,0,4,6,10,9,0,0,8,4,8,9,4,1,0,4,0,8,9,2,4,8,8,7,2,0,4,4,1,5,4,0,1,1,1,7,5,2,4,7,8,0
n493,6,5,0,4,5,0,8,4,5,4,6,8,1,4,7,10,1,0,10,1,3,6,1,1,2,1,0,5,7,0,4,6,10,9,0,0,8,4,8,9,4,1,0,4,0,8,9,2,4,8,8,7,2,0,4,4,1,0,4,0,1,1,1,7,5,2,4,7,8,0
n496,6,5,0,4,5,0,8,7,5,4,6,8,1,4,7,10,1,0,10,1,3,6,1,1,2,1,8,5,7,0,4,6,0,9,0,0,8,4,8,9,4,1,0,4,0,0,9,2,4,8,8,7,2,0,4,4,1,0,4,0,1,1,1,7,5,2,4,0,8,10
n495,6,5,0,4,5,0,8,0,5,4,6,8,1,4,7,10,1,10,10,1,3,6,1,1,2,1,0,5,7,10,4,6,6,9,0,0,8,4,8,9,4,1,0,4,0,0,9,2,4,8,8,7,2,2,4,4,1,0,4,7,1,1,1,7,5,2,4,2,8,10
n502,6,5,0,4,0,0,8,6,5,4,6,8,1,4,7,10,1,6,10,0,8,6,1,1,10,1,0,5,7,7,4,6,0,9,5,7,8,4,6,9,4,8,0,4,1,1,1,2,4,8,8,7,2,0,4,4,1,0,4,6,1,1,1,7,5,2,4,0,8,3
n501,6,5,0,4,0,0,8,6,5,4,6,8,1,4,7,10,1,6,10,0,8,6,1,1,10,1,0,5,7,7,4,6,6,9,5,7,8,4,6,9,4,8,0,4,1,1,1,2,4,8,8,7,2,0,4,4,1,0,4,6,1,1,1,7,5,2,4,0,8,3
n504,6,5,0,4,9,0,8,6,5,4,6,8,1,0,7,10,1,0,10,0,0,6,1,1,10,1,0,5,7,7,4,6,0,9,5,7,8,4,6,9,4,8,8,4,1,0,5,2,4,8,8,7,2,0,4,4,1,4,4,0,1,1,1,7,5,2,4,1,8,3
n503,6,5,0,4,0,0,8,6,5,4,6,8,1,0,7,10,1,0,10,8,0,6,1,1,10,1,0,5,7,7,4,6,10,9,5,7,8,4,6,9,4,8,0,4,1,7,5,2,4,8,8,7,2,0,4,4,1,4,4,0,1,1,1,7,5,2,4,0,8,3
n508,6,5,1,4,0,6,8,6,5,4,6,8,1,0,7,10,1,0,10,1,0,6,1,1,0,1,7,5,7,7,4,6,0,9,5,3,8,4,6,9,4,8,10,4,1,5,0,2,4,8,8,7,2,0,4,4,1,8,4,9,1,1,1,7,5,2,4,7,8,0
n507,6,5,0,4,0,0,8,6,5,4,6,8,1,3,7,10,1,0,10,1,9,6,1,1,0,1,7,5,7,7,4,6,0,9,5,3,8,4,6,9,4,8,7,4,1,5,0,2,4,8,8,7,2,0,4,4,1,0,4,9,1,1,1,7,5,2,4,7,8,0
n510,6,5,0,4,0,3,8,6,5,4,6,8,1,0,7,10,1,0,10,8,1,6,1,1,0,1,7,5,7,7,4,6,0,9,5,0,8,4,6,9,4,8,7,4,1,5,0,2,4,8,8,7,2,0,4,4,1,0,4,9,1,1,1,7,5,2,4,0,8,2
n509,6,5,0,4,7,3,8,6,5,4,6,8,1,0,7,10,1,0,10,8,1,6,1,1,10,1,7,5,7,7,4,6,0,9,5,0,8,4,6,9,4,8,0,4,1,5,0,2,4,8,8,7,2,1,4,4,1,0,4,9,1,1,1,7,5,2,4,0,8,0
