cell,r1,r2,r3,r4,r5,r6,r7,r8,r9,r10,r11,r12,r13,r14,r15,r16,r17,r18,r19,r20,r21,r22,r23,r24,r25,r26,r27,r28,r29,r30,r31,r32,r33,r34,r35,r36,r37,r38,r39,r40,r41,r42,r43,r44,r45,r46,r47,r48,r49,r50,r51,r52,r53,r54,r55,r56,r57,r58,r59,r60,r61,r62,r63,r64,r65,r66,r67,r68,r69,r70,r71,r72,r73,r74,r75,r76,r77,r78,r79,r80,r81,r82,r83,r84,r85,r86,r87,r88,r89,r90
n16,4,6,6,2,6,2,6,3,0,4,0,0,5,3,1,7,3,1,5,10,10,5,1,9,9,1,10,10,4,6,6,9,8,6,6,2,6,4,7,9,8,7,5,0,8,9,0,9,5,5,10,0,2,6,3,10,6,3,8,8,5,1,1,9,6,4,8,9,0,8,5,1,2,4,4,10,8,3,8,6,7,4,2,10,0,1,9,0,10,3
n15,7,6,6,2,6,2,6,3,0,4,7,0,0,3,1,7,3,1,5,10,10,5,1,9,5,1,10,10,4,6,6,9,8,6,6,2,6,4,7,9,8,7,5,0,8,9,0,9,5,5,10,0,2,6,3,10,6,3,8,8,0,1,1,0,6,4,8,9,0,8,0,1,2,4,4,10,8,3,8,6,0,4,2,10,0,1,9,0,10,3
n18,0,0,6,2,6,2,6,3,1,4,0,0,0,3,1,7,3,1,5,10,10,5,1,0,0,0,10,10,4,6,4,9,8,6,6,2,6,4,7,9,8,7,5,0,8,9,6,9,5,5,10,0,2,6,3,10,6,3,7,8,0,1,1,0,6,4,8,9,0,8,0,1,2,4,4,10,8,3,0,6,9,4,2,10,5,1,9,0,10,3
n17,0,0,6,2,6,2,6,3,1,4,0,0,0,3,1,7,3,1,5,10,10,5,1,0,0,0,10,10,4,6,0,9,8,6,6,2,6,4,7,9,8,7,5,10,8,9,0,9,5,5,10,0,2,6,3,10,6,3,7,8,4,1,1,0,6,4,8,9,0,8,0,1,2,4,4,10,8,3,0,6,0,4,2,10,5,1,9,0,10,3
n22,7,0,6,2,8,2,7,3,1,4,7,0,0,3,1,7,8,1,5,10,10,5,1,2,5,0,10,7,4,6,0,9,8,6,6,2,6,4,7,9,8,7,5,0,8,9,0,9,5,5,10,0,2,6,3,10,6,3,4,8,9,1,1,1,6,4,8,9,0,8,0,1,2,4,4,10,8,3,2,6,10,4,2,10,0,1,9,5,10,3
n21,7,0,6,2,8,2,7,3,1,4,0,0,0,3,1,7,8,1,5,10,10,5,1,2,5,0,10,0,4,6,6,9,8,6,6,2,6,4,7,9,8,7,5,0,8,9,0,9,5,5,10,0,2,6,3,10,6,3,10,8,9,1,1,1,6,4,8,9,0,8,1,1,2,4,4,10,8,3,2,6,10,4,2,10,0,1,9,5,10,3
n24,0,7,6,2,8,2,4,3,1,4,0,0,6,3,1,7,8,1,5,10,10,5,1,2,8,0,10,0,4,6,0,9,8,6,6,2,6,4,7,9,8,7,5,10,8,9,3,9,5,5,10,0,2,6,3,10,6,3,0,8,0,1,1,1,6,4,8,9,0,8,9,1,2,4,4,10,8,3,0,6,0,4,2,10,0,1,9,3,10,3
n23,0,3,6,2,8,2,4,3,1,4,0,0,0,3,1,7,8,1,5,10,10,5,1,2,0,0,10,0,4,6,0,9,8,6,6,2,6,4,7,9,8,7,5,10,8,9,0,9,5,5,10,0,2,6,3,10,6,3,4,8,0,1,1,1,6,4,8,9,4,8,9,1,2,4,4,10,8,3,0,6,0,4,2,10,0,1,9,3,10,3
n30,0,0,6,2,0,2,0,3,9,4,2,8,0,3,1,7,10,0,5,10,10,5,1,5,8,9,10,0,4,6,0,9,8,6,6,2,6,4,7,9,8,7,5,3,8,9,0,9,5,5,10,2,2,6,3,10,6,3,0,8,8,1,1,9,6,4,8,9,0,8,0,1,2,4,4,10,8,3,6,6,9,4,2,10,9,1,9,0,10,3
n29,6,3,6,2,0,2,0,3,9,4,2,8,0,3,1,7,10,0,5,10,10,5,1,5,8,9,10,0,4,6,0,9,8,6,6,2,6,4,7,9,8,7,5,3,8,9,3,9,5,5,10,0,2,6,3,10,6,3,9,8,8,1,1,9,6,4,8,9,0,8,0,1,2,4,4,10,8,3,6,6,9,4,2,10,0,1,9,9,10,3
n32,0,0,6,2,5,2,0,3,9,4,2,8,0,3,1,7,10,4,5,10,10,5,1,5,0,9,10,0,4,6,1,9,8,6,6,2,6,4,7,9,8,7,5,9,8,9,2,9,5,5,10,10,2,6,3,10,6,3,4,8,0,1,1,9,6,4,8,9,0,8,0,1,2,4,4,10,8,3,6,6,9,4,2,10,0,1,9,2,10,3
n31,0,0,6,2,0,2,0,3,9,4,2,8,0,3,1,7,10,0,5,10,10,5,1,5,0,9,10,0,4,6,1,9,8,6,6,2,6,4,7,9,8,7,5,9,8,9,2,9,5,5,10,3,2,6,3,10,6,3,0,8,0,1,1,9,6,4,8,9,0,8,0,1,2,4,4,10,8,3,6,6,9,4,2,10,0,1,9,2,10,3
n36,0,0,6,2,2,2,7,3,0,4,2,0,0,3,1,7,10,0,5,10,10,5,1,5,6,2,10,2,4,6,0,9,8,6,6,2,6,4,7,9,8,7,5,0,8,9,0,9,5,5,10,5,2,6,3,10,6,3,0,8,0,1,1,0,6,4,8,9,0,8,10,1,2,4,4,10,8,3,0,6,0,4,2,10,9,1,9,10,10,3
n35,0,9,6,2,0,2,7,3,9,4,2,0,0,3,1,7,10,9,5,10,10,5,1,5,6,0,10,2,4,6,0,9,8,6,6,2,6,4,7,9,8,7,5,0,8,9,0,9,5,5,10,5,2,6,3,10,6,3,0,8,0,1,1,0,6,4,8,9,4,8,10,1,2,4,4,10,8,3,0,6,0,4,2,10,0,1,9,0,10,3
n38,6,5,6,2,6,2,0,3,0,4,2,0,0,3,1,7,10,0,5,10,10,5,1,5,6,3,10,0,4,6,0,9,8,6,6,2,6,4,7,9,8,7,5,0,8,9,0,9,5,5,10,5,2,6,3,10,6,3,0,8,0,1,1,8,6,4,8,9,0,8,10,1,2,4,4,10,8,3,3,6,0,4,2,10,0,1,9,0,10,3
n37,0,5,6,2,6,2,10,3,0,4,2,0,0,3,1,7,10,9,5,10,10,5,1,5,6,0,10,0,4,6,0,9,8,6,6,2,6,4,7,9,8,7,5,0,8,9,0,9,5,5,10,5,2,6,3,10,6,3,0,8,0,1,1,0,6,4,8,9,0,8,10,1,2,4,4,10,8,3,3,6,0,4,2,10,0,1,9,6,10,3
n46,0,0,0,2,0,8,4,7,0,8,0,0,0,3,0,7,2,7,5,10,10,5,1,0,0,4,7,6,4,6,0,9,8,6,6,8,6,4,7,9,8,7,5,7,8,9,1,9,0,5,10,0,2,6,5,10,6,3,9,8,10,1,1,8,6,4,8,9,0,8,10,1,2,4,4,10,8,3,9,6,0,4,5,10,0,1,0,9,10,3
n45,0,0,0,2,0,8,4,7,5,8,8,0,0,3,0,7,2,7,5,10,10,5,1,8,0,0,7,0,4,6,0,9,8,6,6,8,6,4,7,9,8,7,5,0,8,9,0,9,0,5,10,0,2,6,5,10,6,3,9,8,10,1,1,8,6,4,8,9,4,8,0,1,2,4,4,10,8,3,5,6,0,4,5,10,0,1,0,9,10,3
n48,5,8,2,2,0,8,1,4,0,0,0,0,8,3,0,7,2,7,5,10,10,5,1,0,0,10,0,0,4,6,5,9,8,6,6,8,6,4,7,9,8,7,5,0,8,9,0,9,4,5,10,0,2,6,5,10,6,3,0,8,10,1,1,8,6,4,8,9,0,8,4,1,2,4,4,10,8,3,6,6,10,4,5,10,0,1,0,9,10,3
n47,0,8,2,2,0,8,1,4,0,0,5,0,8,3,0,7,2,7,5,10,10,5,1,0,0,10,0,0,4,6,0,9,8,6,6,8,6,4,7,9,8,7,5,0,8,9,0,9,0,5,10,9,2,6,5,10,6,3,0,8,10,1,1,8,6,4,8,9,0,8,4,1,2,4,4,10,8,3,6,6,0,4,5,10,0,1,0,9,10,3
n52,0,0,0,2,8,0,5,0,0,0,0,1,1,3,5,7,2,3,5,10,10,5,1,0,0,7,0,0,4,6,0,9,8,6,6,0,6,4,7,9,8,7,5,3,8,9,0,9,0,5,10,10,2,6,5,10,6,3,0,8,0,1,1,8,6,4,8,9,2,8,0,1,2,4,4,10,8,3,0,6,7,4,7,10,0,1,0,0,10,3
n51,0,0,4,2,0,0,0,1,9,0,4,0,0,3,5,7,2,3,5,10,10,5,1,0,0,7,0,0,4,6,0,9,8,6,6,0,6,4,7,9,8,7,5,0,8,9,5,9,3,5,10,0,2,6,5,10,6,3,0,8,0,1,1,8,6,4,8,9,2,8,1,1,2,4,4,10,8,3,0,6,0,4,7,10,0,1,0,0,10,3
n54,0,8,0,2,0,1,1,0,0,0,0,2,7,3,0,7,2,0,5,10,10,5,1,0,0,7,0,0,4,6,0,9,8,6,6,0,6,4,7,9,8,7,5,0,8,9,0,9,0,5,10,0,2,6,5,10,6,3,0,8,0,1,1,8,6,4,8,9,2,8,2,1,2,4,4,10,8,3,3,6,8,4,0,10,0,1,2,5,10,3
n53,0,8,4,2,0,1,1,0,0,0,0,0,0,3,0,7,2,0,5,10,10,5,1,0,0,7,0,0,4,6,0,9,8,6,6,3,6,4,7,9,8,7,5,0,8,9,0,9,0,5,10,0,2,6,5,10,6,3,8,8,0,1,1,8,6,4,8,9,2,8,2,1,2,4,4,10,8,3,0,6,0,4,0,10,3,1,2,0,10,3
n60,3,2,2,2,7,9,8,0,5,0,0,2,7,3,0,7,2,0,5,10,10,5,1,0,3,8,0,0,4,6,9,9,8,6,6,0,6,4,7,9,8,7,5,0,8,9,0,9,6,5,10,1,2,6,5,10,6,3,1,8,0,1,1,8,6,4,8,9,8,8,7,1,2,4,4,10,8,3,1,6,4,4,0,10,0,1,0,0,10,3
n59,3,2,2,2,7,9,8,0,5,0,0,2,0,3,0,7,2,0,5,10,10,5,1,3,3,8,3,0,4,6,9,9,8,6,6,0,6,4,7,9,8,7,5,0,8,9,0,9,0,5,10,1,2,6,5,10,6,3,1,8,0,1,1,8,6,4,8,9,8,8,7,1,2,4,4,10,8,3,0,6,4,4,1,10,0,1,0,0,10,3
n62,3,2,2,2,0,9,8,3,5,0,0,2,0,3,3,7,2,1,5,10,10,5,1,7,0,8,0,5,4,6,9,9,8,6,6,0,6,4,7,9,8,7,5,2,8,9,1,9,2,5,10,1,2,6,5,10,6,3,1,8,0,1,1,8,6,4,8,9,0,8,7,1,2,4,4,10,8,3,0,6,0,4,5,10,2,1,0,0,10,3
n61,3,2,2,2,0,9,8,0,5,0,0,2,0,3,3,7,2,1,5,10,10,5,1,7,0,8,0,0,4,6,9,9,8,6,6,8,6,4,7,9,8,7,5,2,8,9,1,9,0,5,10,1,2,6,5,10,6,3,1,8,0,1,1,8,6,4,8,9,0,8,7,1,2,4,4,10,8,3,0,6,0,4,5,10,2,1,0,0,10,3
n66,3,2,2,2,3,9,8,3,5,4,7,2,5,3,3,7,2,6,5,10,10,5,1,0,0,0,10,3,4,6,9,9,8,6,6,6,6,4,7,9,8,7,5,5,8,9,0,9,0,5,10,1,2,6,5,10,6,3,0,8,0,1,1,8,6,4,8,9,0,8,7,1,2,4,4,10,8,3,0,6,0,4,0,10,0,1,0,0,10,3
n65,3,2,2,2,3,9,8,3,5,4,0,2,0,3,3,7,2,6,5,10,10,5,1,0,0,0,10,3,4,6,9,9,8,6,6,6,6,4,7,9,8,7,5,5,8,9,10,9,0,5,10,1,2,6,5,10,6,3,0,8,0,1,1,8,6,4,8,9,0,8,7,1,2,4,4,10,8,3,0,6,0,4,0,10,0,1,1,0,10,3
n68,3,2,2,2,0,9,8,3,5,0,0,2,0,3,3,7,2,0,5,10,10,5,1,2,0,0,0,3,4,6,9,9,8,6,6,0,6,4,7,9,8,7,5,5,8,9,0,9,0,5,10,1,2,6,5,10,6,3,0,8,2,1,1,8,6,4,8,9,0,8,7,1,2,4,4,10,8,3,2,6,8,4,0,10,0,1,3,4,10,3
n67,3,2,2,2,0,9,8,3,5,0,0,2,0,3,3,7,2,0,5,10,10,5,1,0,0,0,0,3,4,6,9,9,8,6,6,0,6,4,7,9,8,7,5,5,8,9,0,9,0,5,10,1,2,6,5,10,6,3,0,8,2,1,1,8,6,4,8,9,0,8,7,1,2,4,4,10,8,3,2,6,8,4,0,10,0,1,1,0,10,3
n78,1,0,0,2,0,6,4,7,0,10,9,5,7,3,3,7,10,8,5,10,10,5,1,3,0,0,10,7,4,6,6,0,8,6,6,1,6,3,7,9,8,7,5,2,8,9,0,9,5,5,10,5,0,8,6,10,6,2,9,8,10,1,1,0,6,4,8,9,2,6,6,1,8,4,4,10,9,3,0,6,7,0,6,5,8,1,0,0,10,3
n77,1,0,0,2,0,6,4,7,5,10,9,5,7,3,3,7,10,8,5,10,10,5,1,3,0,0,10,7,4,6,6,0,8,6,6,1,6,3,7,9,8,7,5,2,8,9,0,9,5,5,10,5,0,8,6,10,6,2,9,8,10,1,1,0,6,4,8,9,2,6,6,1,8,4,4,10,9,3,0,6,7,0,6,5,8,1,0,0,10,3
n80,1,0,0,2,0,6,4,0,0,10,9,5,7,3,3,7,3,8,5,10,10,5,1,3,3,5,10,7,4,6,6,0,8,6,6,1,6,3,7,9,8,7,5,2,8,9,4,9,5,5,10,5,0,8,6,10,6,2,9,8,10,1,1,7,6,4,8,9,2,6,6,1,8,4,4,10,9,3,0,6,7,0,6,5,8,1,7,0,10,3
n79,1,0,0,2,0,6,4,1,0,10,9,5,7,3,3,7,4,8,5,10,10,5,1,3,3,5,10,7,4,6,6,9,8,6,6,1,6,3,7,9,8,7,5,2,8,9,4,9,5,5,10,5,0,8,6,10,6,2,9,8,10,1,1,0,6,4,8,9,2,6,6,1,8,4,4,10,9,3,0,6,7,0,6,5,8,1,1,0,10,3
n84,1,3,3,2,10,6,4,0,4,9,0,6,7,3,3,7,3,8,5,10,10,5,1,3,0,0,10,7,4,6,6,8,8,6,6,1,6,10,7,9,8,7,5,2,8,9,0,9,5,5,10,5,0,8,6,10,6,2,9,8,10,1,1,6,6,4,8,9,2,6,6,1,8,4,4,10,9,3,7,6,7,10,6,5,8,1,0,9,10,3
n83,1,3,3,2,10,6,4,0,4,0,0,6,7,3,3,7,3,8,5,10,10,5,1,3,0,0,10,7,4,6,6,8,8,6,6,1,6,10,7,9,8,7,5,2,8,9,10,9,5,5,10,5,1,8,6,10,6,2,9,8,10,1,1,6,6,4,8,9,2,6,6,1,8,4,4,10,9,3,7,6,7,10,6,5,8,1,0,9,10,3
n86,1,3,3,2,0,6,4,0,4,0,0,6,7,3,3,7,0,8,5,10,10,5,1,3,0,0,10,7,4,6,6,0,8,6,6,1,6,6,7,9,8,7,5,2,8,9,0,9,5,5,10,5,0,8,6,10,6,2,9,8,10,1,1,6,6,4,8,9,2,6,6,1,8,4,4,10,9,3,7,6,7,10,6,5,8,1,9,9,10,3
n85,1,3,3,2,0,6,4,0,4,2,0,6,7,3,3,7,0,8,5,10,10,5,1,3,0,0,10,7,4,6,6,10,8,6,6,1,6,6,7,9,8,7,5,2,8,9,0,9,5,5,10,5,0,8,6,10,6,2,9,8,10,1,1,6,6,4,8,9,2,6,6,1,8,4,4,10,9,3,7,6,7,10,6,5,8,1,9,9,10,3
n92,1,8,1,2,0,9,4,5,1,1,0,0,7,3,3,7,0,0,5,10,10,5,1,3,0,6,10,7,4,6,2,1,8,6,6,1,6,1,7,9,8,7,5,2,8,9,0,9,5,5,10,5,9,8,6,10,6,2,9,8,10,1,1,0,6,4,8,9,2,6,6,1,4,4,4,10,9,3,0,6,7,0,6,10,8,1,1,6,10,3
n91,1,0,1,2,0,9,4,5,4,1,0,0,7,3,3,7,0,10,5,10,10,5,1,3,0,6,10,7,4,6,2,0,8,6,6,1,6,1,7,9,8,7,5,2,8,9,0,9,5,5,10,5,9,8,6,10,6,2,9,8,10,1,1,0,6,4,8,9,2,6,6,1,4,4,4,10,9,3,0,6,7,0,6,10,8,1,1,6,10,3
n94,1,0,1,2,10,9,4,0,0,1,0,0,7,3,3,7,2,0,5,10,10,5,1,3,0,6,10,7,4,6,2,1,8,6,6,1,6,1,7,9,8,7,5,2,8,9,7,9,5,5,10,5,4,8,6,10,6,2,9,8,10,1,1,0,6,4,8,9,2,6,6,1,4,4,4,10,9,3,0,6,7,0,6,10,8,1,1,6,10,3
n93,1,0,1,2,0,9,4,0,8,1,0,4,7,3,3,7,2,0,5,10,10,5,1,3,0,6,10,7,4,6,2,1,8,6,6,1,6,1,7,9,8,7,5,2,8,9,7,9,5,5,10,5,0,8,6,10,6,2,9,8,10,1,1,0,6,4,8,9,2,6,6,1,4,4,4,10,9,3,0,6,7,0,6,10,8,1,1,6,10,3
n98,1,0,0,2,1,9,4,0,0,0,7,0,7,3,3,7,7,0,5,10,10,5,1,3,2,3,10,7,4,6,4,7,8,6,6,1,6,0,7,9,8,7,5,2,8,9,0,9,5,5,10,5,0,8,6,10,6,2,9,8,10,1,1,2,6,4,8,9,2,6,6,1,4,4,4,10,9,3,0,6,7,3,6,10,8,1,1,6,10,3
n97,1,0,0,2,1,9,4,0,1,0,0,0,7,3,3,7,0,0,5,10,10,5,1,3,2,2,10,7,4,6,4,7,8,6,6,1,6,0,7,9,8,7,5,2,8,9,0,9,5,5,10,5,0,8,6,10,6,2,9,8,10,1,1,0,6,4,8,9,2,6,6,1,4,4,4,10,9,3,0,6,7,3,6,10,8,1,1,6,10,3
n100,1,6,0,2,0,9,4,0,0,0,0,0,7,3,3,7,0,0,5,10,10,5,1,3,0,0,10,7,4,6,4,0,8,6,6,1,6,4,7,9,8,7,5,2,8,9,0,9,5,5,10,5,0,8,6,10,6,2,9,8,10,1,1,0,6,4,8,9,2,6,6,1,4,4,4,10,9,3,0,6,7,3,6,10,8,1,1,6,10,3
n99,1,0,0,2,0,9,4,0,0,0,0,0,7,3,3,7,0,0,5,10,10,5,1,3,0,5,10,7,4,6,4,8,8,6,6,1,6,1,7,9,8,7,5,2,8,9,9,9,5,5,10,5,0,8,6,10,6,2,9,8,10,1,1,0,6,4,8,9,2,6,6,1,4,4,4,10,9,3,0,6,7,3,6,10,8,1,1,6,10,3
n108,1,2,0,2,6,4,4,3,0,0,3,10,6,3,3,7,1,1,5,10,10,5,1,3,0,7,6,7,4,6,9,0,8,6,6,1,6,0,7,9,8,7,5,2,8,9,5,9,5,5,10,5,4,2,6,10,6,0,9,8,10,1,1,2,6,4,8,9,2,5,6,1,3,4,4,10,0,3,7,6,7,10,4,4,8,1,0,1,10,3
n107,1,2,0,2,6,4,4,3,10,0,3,10,6,3,3,7,1,1,5,10,10,5,1,3,1,7,6,7,4,6,9,0,8,6,6,1,6,0,7,9,8,7,5,2,8,9,5,9,5,5,10,5,4,2,6,10,6,6,9,8,10,1,1,5,6,4,8,9,2,5,6,1,3,4,4,10,9,3,7,6,7,0,4,4,8,1,5,1,10,3
n110,1,2,0,2,9,4,4,3,0,0,3,10,6,3,3,7,1,1,5,10,10,5,1,3,0,7,3,7,4,6,9,3,8,6,6,1,6,2,7,9,8,7,5,2,8,9,5,9,5,5,10,5,4,2,6,10,6,0,9,8,10,1,1,0,6,4,8,9,2,10,6,1,3,4,4,10,3,3,7,6,7,0,4,4,8,1,4,1,10,3
n109,1,0,0,2,0,4,4,3,0,10,3,10,6,3,3,7,1,1,5,10,10,5,1,3,0,7,3,7,4,6,9,3,8,6,6,1,6,2,7,9,8,7,5,2,8,9,5,9,5,5,10,5,4,2,6,10,6,0,9,8,10,1,1,0,6,4,8,9,2,0,6,1,3,4,4,10,3,3,7,6,7,0,4,4,8,1,4,1,10,3
n114,1,0,0,2,6,4,4,3,0,0,3,10,4,3,3,7,1,1,5,10,10,5,1,3,0,7,0,7,4,6,9,0,8,6,6,1,6,8,7,9,8,7,5,2,8,9,4,9,5,5,10,5,0,2,6,10,6,1,9,8,10,1,1,0,6,4,8,9,2,0,6,1,3,4,4,10,0,3,3,6,7,9,4,4,8,1,0,0,10,3
n113,1,0,0,2,0,4,4,3,0,0,3,10,4,3,3,7,1,1,5,10,10,5,1,3,0,7,0,7,4,6,9,0,8,6,6,1,6,0,7,9,8,7,5,2,8,9,4,9,5,5,10,5,0,2,6,10,6,1,9,8,10,1,1,0,6,4,8,9,2,0,6,1,3,4,4,10,0,3,3,6,7,9,4,4,8,1,0,8,10,3
n116,1,0,0,2,0,4,4,3,1,0,3,10,4,3,3,7,1,1,5,10,10,5,1,3,3,7,0,7,4,6,9,9,8,6,6,1,6,0,7,9,8,7,5,2,8,9,4,9,5,5,10,5,0,2,6,10,6,1,9,8,10,1,1,5,6,4,8,9,2,0,6,1,3,4,4,10,0,3,3,6,7,9,4,4,8,1,0,0,10,3
n115,1,0,0,2,0,4,4,3,1,0,3,10,4,3,3,7,1,1,5,10,10,5,1,3,0,7,3,7,4,6,9,0,8,6,6,1,6,0,7,9,8,7,5,2,8,9,4,9,5,5,10,5,0,2,6,10,6,1,9,8,10,1,1,5,6,4,8,9,2,0,6,1,3,4,4,10,0,3,3,6,7,0,4,4,8,1,0,0,10,3
n122,1,0,0,2,10,0,4,10,6,0,2,5,5,3,3,7,2,1,5,10,10,5,1,3,0,7,5,7,4,6,9,3,8,6,6,1,6,9,7,9,8,7,5,2,8,9,0,9,5,5,10,9,8,2,6,10,6,0,9,8,10,1,1,4,6,4,8,9,2,1,6,1,3,4,4,10,0,3,6,6,7,0,0,4,8,1,4,0,10,3
n121,1,3,0,2,10,0,4,9,6,0,2,5,5,3,3,7,2,1,5,10,10,5,1,3,0,7,5,7,4,6,9,3,8,6,6,1,6,9,7,9,8,7,5,2,8,9,0,9,5,5,10,9,0,2,6,10,6,0,9,8,10,1,1,4,6,4,8,9,2,10,6,1,3,4,4,10,0,3,6,6,7,0,0,4,8,1,4,0,10,3
n124,1,0,4,2,10,0,4,0,6,0,2,5,5,3,3,7,2,1,5,10,10,5,1,3,0,7,5,7,4,6,9,0,8,6,6,1,6,9,7,9,8,7,5,2,8,9,0,9,5,5,10,9,0,2,6,10,6,9,9,8,10,1,1,4,6,4,8,9,2,0,6,1,3,4,4,10,0,3,5,6,7,0,10,4,8,1,4,0,10,3
n123,1,0,4,2,10,7,4,0,6,7,2,5,5,3,3,7,2,1,5,10,10,5,1,3,0,7,5,7,4,6,9,6,8,6,6,1,6,9,7,9,8,7,5,2,8,9,10,9,5,5,10,9,0,2,6,10,6,9,9,8,10,1,1,4,6,4,8,9,2,8,6,1,3,4,4,10,0,3,0,6,7,0,5,4,8,1,4,10,10,3
n128,1,9,0,2,0,4,4,9,6,0,0,0,5,3,3,7,2,1,5,10,10,5,1,3,2,7,5,7,4,6,9,0,8,6,6,1,6,9,7,9,8,7,5,2,8,9,0,9,5,5,10,9,0,2,6,10,6,0,9,8,10,1,1,4,6,4,8,9,2,0,6,1,3,4,4,10,0,3,3,6,7,0,7,4,8,1,4,0,10,3
n127,1,9,0,2,6,4,4,9,6,7,0,0,5,3,3,7,2,1,5,10,10,5,1,3,2,7,5,7,4,6,9,10,8,6,6,1,6,0,7,9,8,7,5,2,8,9,8,9,5,5,10,9,0,2,6,10,6,0,9,8,10,1,1,4,6,4,8,9,2,8,6,1,3,4,4,10,0,3,0,6,7,0,7,4,8,1,4,0,10,3
n130,1,9,9,2,0,4,4,0,6,2,0,2,5,3,3,7,2,1,5,10,10,5,1,3,2,7,5,7,4,6,9,9,8,6,6,1,6,0,7,9,8,7,5,2,8,9,4,9,5,5,10,9,0,2,6,10,6,4,9,8,10,1,1,4,6,4,8,9,2,0,6,1,3,4,4,10,4,3,0,6,7,0,0,4,8,1,4,0,10,3
n129,1,9,0,2,0,4,4,0,6,2,0,2,5,3,3,7,2,1,5,10,10,5,1,3,2,7,5,7,4,6,9,9,8,6,6,1,6,2,7,9,8,7,5,2,8,9,4,9,5,5,10,9,0,2,6,10,6,4,9,8,10,1,1,4,6,4,8,9,2,0,6,1,3,4,4,10,4,3,0,6,7,0,0,4,8,1,4,0,10,3
n142,8,1,0,2,6,7,0,4,2,0,3,5,7,9,7,7,9,3,10,10,1,3,1,10,10,1,5,0,4,6,7,10,0,6,6,9,1,4,7,9,8,7,3,9,8,9,0,9,7,5,10,8,5,9,9,10,1,5,1,8,0,1,8,1,6,4,8,9,0,0,0,1,2,7,4,10,3,0,4,0,6,7,9,5,6,9,4,0,10,5
n141,8,1,0,2,6,7,0,4,2,0,3,5,7,9,7,7,9,3,10,10,1,3,1,10,10,1,5,0,4,6,7,0,0,6,6,9,1,4,7,9,8,7,3,9,8,9,0,9,7,5,10,8,5,0,9,10,1,5,1,8,0,1,8,1,6,4,8,9,0,0,0,1,2,7,4,10,3,0,4,0,6,0,9,5,6,9,4,0,10,5
n144,8,1,10,2,6,7,0,4,2,5,3,5,9,9,0,7,9,3,10,10,1,3,1,4,10,1,5,0,4,6,7,0,9,6,6,9,1,4,7,9,8,7,3,9,8,9,0,9,7,5,10,8,5,0,9,10,1,5,1,8,0,1,0,1,6,4,8,9,0,7,1,1,2,7,4,10,3,1,4,9,6,0,0,5,6,9,5,0,10,5
n143,8,1,0,2,6,7,0,4,2,5,3,5,0,9,0,7,9,3,10,10,1,3,1,0,10,1,5,0,4,6,7,0,9,6,6,9,1,4,7,9,8,7,3,9,8,9,0,9,7,5,10,8,5,0,9,10,1,5,1,8,0,1,0,1,6,4,8,9,0,0,1,1,2,7,4,10,3,0,4,0,6,6,0,5,6,9,4,0,10,5
n148,8,1,0,2,6,7,0,4,2,0,3,5,0,9,0,7,9,3,10,10,1,3,1,0,10,1,5,10,4,6,7,8,0,6,6,9,1,4,7,9,8,7,3,9,8,9,7,9,7,5,10,8,0,2,9,10,1,5,1,8,0,1,4,1,6,4,8,9,10,10,0,1,2,7,4,10,3,9,4,8,6,8,0,5,6,9,7,0,10,5
n147,8,1,0,2,6,7,0,4,2,0,3,5,0,9,0,7,9,3,10,10,1,3,1,0,10,1,5,0,4,6,7,0,0,6,6,9,1,4,7,9,8,7,3,9,8,9,7,9,7,5,10,8,1,2,9,10,1,0,1,8,0,1,4,1,6,4,8,9,0,10,10,1,2,7,4,10,3,9,4,8,6,8,0,5,6,9,7,0,10,5
n150,8,1,0,2,6,7,0,4,2,6,3,5,0,9,0,7,9,3,10,10,1,3,1,0,10,1,5,0,4,6,7,0,0,6,6,9,1,4,7,9,8,7,3,9,8,9,7,9,7,5,10,8,2,2,9,10,1,0,1,8,0,1,4,1,6,4,8,9,7,10,0,1,2,7,4,10,3,0,4,0,6,0,0,5,6,9,0,3,10,5
n149,8,1,0,2,6,7,0,4,2,6,3,5,8,9,6,7,9,3,10,10,1,3,1,0,10,1,5,0,4,6,7,10,0,6,6,9,1,4,7,9,8,7,3,9,8,9,7,9,7,5,10,8,3,2,9,10,1,4,1,8,0,1,4,1,6,4,8,9,7,10,0,1,2,7,4,10,3,0,4,0,6,0,0,5,6,9,0,3,10,5
n156,4,1,0,2,6,7,4,4,2,0,3,5,0,9,0,7,9,3,10,10,1,5,1,0,10,1,5,6,4,6,7,0,1,6,6,9,1,4,7,9,8,7,3,9,8,9,10,9,7,5,10,8,7,3,0,10,1,2,1,8,0,1,0,1,6,4,8,9,0,0,0,1,2,7,4,10,3,0,4,10,6,0,0,5,6,9,0,10,10,5
n155,0,1,0,2,6,7,4,4,2,0,3,5,0,9,0,7,9,3,10,10,1,5,1,0,10,1,5,6,4,6,7,0,1,6,6,9,1,4,7,9,8,7,3,9,8,9,0,9,7,5,10,8,7,3,0,10,1,2,1,8,0,1,0,1,6,4,8,9,0,0,0,1,2,7,4,10,3,0,4,10,6,0,0,5,6,9,10,0,10,5
n158,0,1,0,2,6,7,0,4,2,0,3,5,7,9,9,7,9,3,10,10,1,5,1,0,10,1,5,6,4,6,7,0,9,6,6,9,1,4,7,9,8,7,3,9,8,9,9,9,7,5,10,8,7,3,0,10,1,2,1,8,0,1,3,1,6,4,8,9,0,0,0,1,2,7,4,10,3,0,4,10,6,0,0,5,6,9,0,0,10,5
n157,0,1,9,2,6,7,0,4,2,0,3,5,7,9,9,7,9,3,10,10,1,5,1,0,10,1,5,6,4,6,7,0,0,6,6,9,1,4,7,9,8,7,3,9,8,9,0,9,7,5,10,8,7,3,0,10,1,2,1,8,0,1,0,1,6,4,8,9,0,3,0,1,2,7,4,10,3,4,4,10,6,0,0,5,6,9,0,0,10,5
n162,0,1,0,2,6,7,3,4,2,0,3,5,0,9,1,7,9,3,10,10,1,5,1,4,10,1,5,6,4,6,7,10,0,6,6,9,1,4,7,9,8,7,3,9,8,9,0,9,7,5,10,8,7,8,8,10,1,2,1,8,0,1,6,1,6,4,8,9,0,0,3,1,2,7,4,10,3,4,4,5,6,0,4,5,6,9,6,0,10,5
n161,0,1,4,2,6,7,0,4,2,0,3,5,0,9,0,7,9,3,10,10,1,5,1,0,10,1,5,6,4,6,7,6,0,6,6,9,1,4,7,9,8,7,3,9,8,9,0,9,7,5,10,8,7,8,8,10,1,2,1,8,0,1,0,1,6,4,8,9,0,0,3,1,2,7,4,10,3,4,4,5,6,0,4,5,6,9,6,0,10,5
n164,0,1,0,2,6,7,0,4,2,9,3,5,0,9,0,7,9,3,10,10,1,5,1,0,10,1,5,6,4,6,7,6,0,6,6,9,1,4,7,9,8,7,3,9,8,9,0,9,7,5,10,8,7,8,8,10,1,2,1,8,0,1,0,1,6,4,8,9,0,4,3,1,2,7,4,10,3,0,4,0,6,0,4,5,6,9,6,2,10,5
n163,0,1,0,2,6,7,0,4,2,9,3,5,0,9,0,7,9,3,10,10,1,5,1,0,10,1,5,6,4,6,7,0,0,6,6,9,1,4,7,9,8,7,3,9,8,9,6,9,7,5,10,8,7,8,8,10,1,2,1,8,0,1,10,1,6,4,8,9,0,4,3,1,2,7,4,10,3,0,4,7,6,0,4,5,6,9,6,0,10,5
n172,1,1,5,2,6,7,3,4,2,0,3,5,1,9,10,7,9,3,10,10,1,0,1,6,10,1,5,0,4,6,7,0,2,6,6,10,1,4,7,9,8,7,8,9,8,9,0,9,7,5,10,1,0,3,8,10,1,0,2,8,0,1,8,0,6,4,8,9,8,0,7,1,10,7,4,10,3,0,4,7,6,4,0,5,0,9,1,6,10,5
n171,1,1,5,2,6,7,3,4,2,9,3,5,1,9,10,7,9,3,10,10,1,0,1,6,10,1,5,0,4,6,7,2,2,6,6,10,1,4,7,9,8,7,8,9,8,9,0,9,7,5,10,1,0,3,8,10,1,10,2,8,4,1,10,0,6,4,8,9,8,0,7,1,10,7,4,10,3,0,4,0,6,4,0,5,0,9,1,6,10,5
n174,1,1,5,2,6,7,3,4,2,0,3,5,1,9,10,7,9,3,10,10,1,8,1,6,10,1,5,0,4,6,7,0,2,6,6,10,1,4,7,9,8,7,8,9,8,9,0,9,7,5,10,0,0,3,8,10,1,0,2,8,0,1,3,0,6,4,8,9,8,0,7,1,10,7,4,10,3,2,4,0,6,4,0,5,0,9,1,6,10,5
n173,1,1,5,2,6,7,3,4,2,6,3,5,1,9,10,7,9,3,10,10,1,0,1,6,10,1,5,3,4,6,7,0,2,6,6,10,1,4,7,9,8,7,8,9,8,9,3,9,7,5,10,0,4,3,8,10,1,0,2,8,0,1,0,5,6,4,8,9,8,0,7,1,10,7,4,10,3,2,4,0,6,4,0,5,0,9,1,6,10,5
n178,1,1,5,2,6,7,0,4,2,0,3,5,3,9,10,7,9,3,10,10,1,0,1,6,10,1,5,0,4,6,7,7,2,6,6,10,1,4,7,9,8,7,8,9,8,9,0,9,7,5,10,0,0,3,8,10,1,6,0,8,10,1,5,0,6,4,8,9,6,0,4,1,10,7,4,10,3,0,4,0,6,0,0,5,0,9,1,0,10,5
n177,1,1,5,2,6,7,0,4,2,8,3,5,3,9,10,7,9,3,10,10,1,0,1,6,10,1,5,0,4,6,7,7,2,6,6,10,1,4,7,9,8,7,8,9,8,9,0,9,7,5,10,0,0,3,8,10,1,6,0,8,10,1,5,9,6,4,8,9,6,0,4,1,10,7,4,10,3,0,4,0,6,1,0,5,0,9,1,0,10,5
n180,1,1,5,2,6,7,0,4,2,4,3,5,3,9,10,7,9,3,10,10,1,0,1,6,10,1,5,7,4,6,7,7,2,6,6,10,1,4,7,9,8,7,8,9,8,9,5,9,7,5,10,0,10,3,8,10,1,6,7,8,10,1,7,0,6,4,8,9,6,7,0,1,10,7,4,10,3,0,4,0,6,0,0,5,0,9,1,0,10,5
n179,1,1,5,2,6,7,9,4,2,4,3,5,3,9,10,7,9,3,10,10,1,9,1,6,10,1,5,0,4,6,7,7,2,6,6,10,1,4,7,9,8,7,8,9,8,9,0,9,7,5,10,0,10,3,8,10,1,6,0,8,10,1,0,0,6,4,8,9,6,0,0,1,10,7,4,10,3,0,4,0,6,0,0,5,0,9,1,0,10,5
n186,1,1,5,2,6,7,0,4,2,1,3,5,1,9,10,7,9,3,10,10,1,0,1,0,10,1,5,0,4,6,7,8,2,6,6,0,1,4,7,9,8,7,8,9,8,9,0,9,7,5,10,2,0,0,8,10,1,2,0,8,9,1,0,4,6,4,8,9,0,9,3,1,10,7,4,10,3,0,4,2,6,4,9,5,0,9,1,0,10,5
n185,1,1,5,2,6,7,4,4,2,1,3,5,1,9,10,7,9,3,10,10,1,0,1,0,10,1,5,9,4,6,7,8,2,6,6,0,1,4,7,9,8,7,8,9,8,9,0,9,7,5,10,0,0,0,8,10,1,2,0,8,9,1,0,4,6,4,8,9,0,0,0,1,10,7,4,10,3,0,4,2,6,0,9,5,0,9,1,0,10,5
n188,1,1,5,2,6,7,0,4,2,1,3,5,1,9,10,7,9,3,10,10,1,0,1,0,10,1,5,0,4,6,7,8,2,6,6,3,1,4,7,9,8,7,8,9,8,9,0,9,7,5,10,0,0,6,8,10,1,0,0,8,9,1,0,4,6,4,8,9,0,1,8,1,10,7,4,10,3,0,4,0,6,0,9,5,5,9,1,2,10,5
n187,1,1,5,2,6,7,0,4,2,1,3,5,1,9,10,7,9,3,10,10,1,0,1,0,10,1,5,0,4,6,7,8,2,6,6,3,1,4,7,9,8,7,8,9,8,9,0,9,7,5,10,8,0,6,8,10,1,0,0,8,9,1,0,4,6,4,8,9,0,1,0,1,10,7,4,10,3,0,4,9,6,9,9,5,0,9,1,0,10,5
n192,1,1,5,2,6,7,6,4,2,0,3,5,3,9,10,7,9,3,10,10,1,10,1,1,10,1,5,1,4,6,7,0,2,6,6,8,1,4,7,9,8,7,8,9,8,9,10,9,7,5,10,0,0,8,8,10,1,0,4,8,9,1,10,0,6,4,8,9,5,0,6,1,10,7,4,10,3,0,4,0,6,8,5,5,0,9,1,0,10,5
n191,1,1,5,2,6,7,6,4,2,10,3,5,3,9,10,7,9,3,10,10,1,0,1,0,10,1,5,1,4,6,7,0,2,6,6,8,1,4,7,9,8,7,8,9,8,9,10,9,7,5,10,0,0,8,8,10,1,0,0,8,9,1,10,3,6,4,8,9,5,4,0,1,10,7,4,10,3,7,4,0,6,8,5,5,0,9,1,7,10,5
n194,1,1,5,2,6,7,6,4,2,1,3,5,0,9,10,7,9,3,10,10,1,0,1,0,10,1,5,1,4,6,7,0,2,6,6,4,1,4,7,9,8,7,8,9,8,9,0,9,7,5,10,4,10,1,8,10,1,0,0,8,9,1,0,3,6,4,8,9,5,8,0,1,10,7,4,10,3,7,4,5,6,0,0,5,0,9,1,0,10,5
n193,1,1,5,2,6,7,6,4,2,1,3,5,0,9,10,7,9,3,10,10,1,0,1,0,10,1,5,1,4,6,7,0,2,6,6,4,1,4,7,9,8,7,8,9,8,9,0,9,7,5,10,4,10,0,8,10,1,0,0,8,9,1,0,3,6,4,8,9,5,8,0,1,10,7,4,10,3,4,4,5,6,0,0,5,0,9,1,0,10,5
n204,0,1,8,2,10,7,0,4,2,4,4,0,1,9,1,7,9,3,10,10,8,0,1,7,1,1,4,0,4,6,7,7,6,6,6,0,1,4,7,9,8,7,9,9,8,9,0,9,7,5,10,6,0,2,0,10,0,1,0,8,1,1,5,10,6,4,8,9,4,2,1,1,9,7,4,10,6,4,4,5,6,0,1,1,6,1,2,5,10,5
n203,1,1,8,2,10,7,0,4,2,4,4,0,1,9,1,7,9,3,10,10,8,0,1,10,1,1,4,0,4,6,7,7,6,6,6,0,1,4,7,9,8,7,9,9,8,9,0,9,7,5,10,6,0,2,0,10,0,1,0,8,0,1,5,10,6,4,8,9,4,2,1,1,9,7,4,10,6,4,4,5,6,0,1,1,6,1,2,5,10,5
n206,6,1,8,2,0,7,0,4,2,4,4,2,1,9,1,7,9,3,7,10,8,0,1,0,1,1,4,5,4,6,7,7,6,6,6,9,1,4,7,9,8,7,9,9,8,9,0,9,7,5,10,6,0,2,0,10,7,1,0,8,4,1,5,10,6,4,8,9,4,2,1,1,9,7,4,10,6,3,4,5,6,8,1,1,6,6,2,5,10,5
n205,6,1,8,2,0,7,0,4,2,4,4,2,1,9,1,7,9,3,7,10,8,9,1,0,1,1,4,0,4,6,7,7,6,6,6,9,1,4,7,9,8,7,9,9,8,9,0,9,7,5,10,6,0,2,0,10,7,1,7,8,4,1,5,10,6,4,8,9,4,2,1,1,9,7,4,10,6,0,4,5,6,8,1,1,6,6,2,5,10,5
n210,0,1,8,2,1,7,2,4,2,6,4,0,0,9,1,7,9,3,0,10,8,9,1,7,1,1,4,0,4,6,7,7,6,6,6,0,1,4,7,9,8,7,9,9,8,9,8,9,7,5,10,6,1,2,9,10,3,1,8,8,8,1,5,0,6,4,8,9,4,2,1,1,9,7,4,10,6,0,4,5,6,7,1,1,6,2,2,0,10,5
n209,0,1,8,2,0,7,2,4,2,6,4,0,0,9,1,7,9,3,10,10,8,9,1,7,1,1,4,0,4,6,7,7,6,6,6,0,1,4,7,9,8,7,9,9,8,9,8,9,7,5,10,6,1,2,9,10,0,1,8,8,8,1,5,0,6,4,8,9,4,2,1,1,9,7,4,10,6,0,4,5,6,7,1,1,6,2,2,0,10,5
n212,0,1,8,2,0,7,2,4,2,0,4,0,0,9,1,7,9,3,10,10,8,9,1,0,1,1,4,9,4,6,7,7,6,6,6,0,1,4,7,9,8,7,9,9,8,9,9,9,7,5,10,6,1,2,0,10,0,1,8,8,8,1,5,10,6,4,8,9,4,2,1,1,9,7,4,10,6,0,4,5,6,7,1,1,6,2,2,0,10,5
n211,0,1,8,2,4,7,2,4,2,0,4,0,0,9,1,7,9,3,0,10,8,9,1,0,1,1,4,9,4,6,7,7,6,6,6,0,1,4,7,9,8,7,9,9,8,9,9,9,7,5,10,6,1,2,0,10,0,1,8,8,8,1,5,10,6,4,8,9,4,2,1,1,9,7,4,10,6,0,4,5,6,7,1,1,6,2,2,5,10,5
n218,9,1,0,2,2,7,8,4,2,5,4,0,0,9,10,7,9,3,2,10,8,3,1,0,1,1,0,0,4,6,7,7,6,6,6,0,1,4,7,9,8,7,9,9,8,9,9,9,7,5,10,6,5,2,6,10,9,0,10,8,0,1,2,6,6,4,8,9,4,2,1,1,9,7,4,10,6,0,4,5,6,2,0,0,6,3,2,7,10,5
n217,9,1,0,2,2,7,8,4,2,6,4,0,9,9,0,7,9,3,2,10,8,3,1,0,1,1,0,0,4,6,7,7,6,6,6,0,1,4,7,9,8,7,9,9,8,9,9,9,7,5,10,6,0,2,6,10,10,0,0,8,0,1,2,0,6,4,8,9,4,2,1,1,9,7,4,10,6,0,4,5,6,2,0,8,6,3,2,7,10,5
n220,6,1,0,2,10,7,8,4,2,0,4,0,5,9,0,7,9,3,2,10,8,3,1,0,1,1,0,0,4,6,7,7,6,6,6,0,1,4,7,9,8,7,9,9,8,9,9,9,7,5,10,6,4,2,6,10,0,0,0,8,5,1,2,0,6,4,8,9,4,2,1,1,9,7,4,10,6,0,4,5,6,2,0,0,6,3,2,7,10,5
n219,6,1,0,2,3,7,8,4,2,0,4,0,5,9,0,7,9,3,2,10,8,3,1,0,1,1,0,0,4,6,7,7,6,6,6,0,1,4,7,9,8,7,9,9,8,9,9,9,7,5,10,6,4,2,6,10,0,3,0,8,0,1,2,0,6,4,8,9,4,2,1,1,9,7,4,10,6,0,4,5,6,2,0,8,6,3,2,7,10,5
n224,8,1,8,2,9,7,8,4,2,0,4,0,0,9,1,7,9,3,2,10,8,3,1,0,1,1,9,10,4,6,7,7,6,6,6,0,1,4,7,9,8,7,9,9,8,9,9,9,7,5,10,6,8,2,6,10,5,1,0,8,0,1,2,7,6,4,8,9,4,2,1,1,9,7,4,10,6,8,4,5,6,0,0,0,6,3,2,7,10,5
n223,8,1,8,2,9,7,8,4,2,3,4,0,9,9,1,7,9,3,2,10,8,3,1,0,1,1,2,10,4,6,7,7,6,6,6,0,1,4,7,9,8,7,9,9,8,9,9,9,7,5,10,6,9,2,6,10,5,1,7,8,1,1,2,7,6,4,8,9,4,2,1,1,9,7,4,10,6,0,4,5,6,0,0,0,6,3,2,7,10,5
n226,8,1,8,2,0,7,8,4,2,0,4,10,8,9,1,7,9,3,2,10,8,3,1,0,1,1,9,10,4,6,7,7,6,6,6,0,1,4,7,9,8,7,9,9,8,9,9,9,7,5,10,6,0,2,6,10,5,1,0,8,7,1,2,7,6,4,8,9,4,2,1,1,9,7,4,10,6,0,4,5,6,0,0,0,6,3,2,7,10,5
n225,8,1,8,2,0,7,8,4,2,0,4,10,8,9,1,7,9,3,2,10,8,3,1,0,1,1,0,10,4,6,7,7,6,6,6,0,1,4,7,9,8,7,9,9,8,9,9,9,7,5,10,6,0,2,6,10,5,1,0,8,7,1,2,7,6,4,8,9,4,2,1,1,9,7,4,10,6,0,4,5,6,0,0,0,6,3,2,7,10,5
n234,6,1,2,2,1,7,0,4,2,0,0,10,5,9,10,7,9,3,2,10,0,8,1,9,3,1,6,5,4,6,7,7,6,6,6,5,1,4,7,9,8,7,9,9,8,9,5,9,7,5,10,6,0,0,3,10,0,6,8,8,8,1,0,10,6,4,8,9,7,2,0,1,0,7,4,10,1,0,4,5,6,0,3,0,0,5,0,0,10,5
n233,6,1,0,2,1,7,0,4,2,0,10,8,5,9,10,7,9,3,2,10,0,8,1,9,3,1,6,5,4,6,7,7,6,6,6,5,1,4,7,9,8,7,9,9,8,9,5,9,7,5,10,6,0,4,0,10,0,6,8,8,8,1,0,10,6,4,8,9,7,2,0,1,0,7,4,10,1,0,4,5,6,10,3,0,0,3,0,0,10,5
n236,6,1,0,2,1,7,0,4,2,9,0,0,5,9,10,7,9,3,2,10,9,8,1,9,3,1,6,5,4,6,7,7,6,6,6,5,1,4,7,9,8,7,9,9,8,9,5,9,7,5,10,6,0,9,7,10,0,6,0,8,8,1,0,10,6,4,8,9,0,2,0,1,0,7,4,10,1,0,4,5,6,0,3,3,5,0,0,0,10,5
n235,6,1,10,2,1,7,0,4,2,0,0,0,5,9,10,7,9,3,2,10,0,8,1,9,3,1,6,5,4,6,7,7,6,6,6,5,1,4,7,9,8,7,9,9,8,9,5,9,7,5,10,6,0,9,3,10,0,6,0,8,8,1,9,10,6,4,8,9,0,2,0,1,0,7,4,10,1,0,4,5,6,0,3,0,5,0,0,0,10,5
n240,6,1,0,2,1,7,0,4,2,0,7,0,5,9,10,7,9,3,0,10,0,8,1,9,3,1,6,0,4,6,7,7,6,6,6,10,1,4,7,9,8,7,9,9,8,9,5,9,7,5,10,6,2,0,0,10,4,6,0,8,8,1,4,10,6,4,8,9,8,2,0,1,3,7,4,10,1,3,4,5,6,0,3,0,0,8,0,0,10,5
n239,6,1,0,2,1,7,0,4,2,0,7,0,5,9,10,7,9,3,0,10,0,8,1,9,3,1,6,0,4,6,7,7,6,6,6,10,1,4,7,9,8,7,9,9,8,9,5,9,7,5,10,6,0,0,0,10,4,6,0,8,8,1,4,10,6,4,8,9,8,2,0,1,3,7,4,10,1,0,4,5,6,0,3,0,10,0,0,0,10,5
n242,6,1,10,2,1,7,0,4,2,3,7,7,5,9,10,7,9,3,0,10,9,8,1,9,3,1,6,6,4,6,7,7,6,6,6,10,1,4,7,9,8,7,9,9,8,9,5,9,7,5,10,6,3,1,7,10,0,6,0,8,8,1,4,10,6,4,8,9,8,2,3,1,3,7,4,10,1,0,4,5,6,3,3,5,0,0,0,10,10,5
n241,6,1,9,2,1,7,0,4,2,0,7,7,5,9,10,7,9,3,0,10,9,8,1,9,3,1,6,6,4,6,7,7,6,6,6,10,1,4,7,9,8,7,9,9,8,9,5,9,7,5,10,6,0,0,7,10,0,6,7,8,8,1,4,10,6,4,8,9,8,2,3,1,3,7,4,10,1,0,4,5,6,3,3,0,0,8,0,10,10,5
n248,6,1,1,2,1,7,1,4,2,4,0,0,5,9,10,7,9,3,0,10,0,8,1,9,0,1,6,0,4,6,7,7,6,6,6,0,1,4,7,9,8,7,9,9,8,9,5,9,7,5,10,6,6,0,0,10,0,0,0,8,4,1,0,9,6,4,8,9,10,2,0,1,0,7,4,10,0,9,4,5,6,10,3,3,0,10,0,1,10,5
n247,6,1,1,2,1,7,1,4,2,4,0,0,5,9,10,7,9,3,0,10,0,8,1,9,10,1,6,0,4,6,7,7,6,6,6,0,1,4,7,9,8,7,9,9,8,9,5,9,7,5,10,6,6,0,0,10,0,0,0,8,2,1,0,9,6,4,8,9,10,2,0,1,0,7,4,10,0,9,4,5,6,0,3,3,0,10,0,1,10,5
n250,6,1,1,2,1,7,1,4,2,4,0,6,5,9,10,7,9,3,0,10,0,8,1,9,0,1,6,9,4,6,7,7,6,6,6,0,1,4,7,9,8,7,9,9,8,9,5,9,7,5,10,6,0,0,7,10,0,0,2,8,0,1,3,9,6,4,8,9,10,2,0,1,0,7,4,10,1,4,4,5,6,0,3,3,0,10,6,1,10,5
n249,6,1,1,2,1,7,1,4,2,4,0,6,5,9,10,7,9,3,0,10,0,8,1,9,10,1,6,9,4,6,7,7,6,6,6,0,1,4,7,9,8,7,9,9,8,9,5,9,7,5,10,6,0,0,0,10,0,0,0,8,0,1,3,9,6,4,8,9,10,2,0,1,0,7,4,10,1,0,4,5,6,0,3,0,8,10,0,1,10,5
n254,6,1,5,2,1,7,1,4,2,0,4,0,5,9,10,7,9,3,0,10,0,8,1,9,0,1,6,1,4,6,7,7,6,6,6,9,1,4,7,9,8,7,9,9,8,9,5,9,7,5,10,6,0,7,0,10,7,0,5,8,9,1,0,9,6,4,8,9,10,2,1,1,0,7,4,10,0,4,4,5,6,0,3,0,0,10,0,1,10,5
n253,6,1,5,2,1,7,1,4,2,0,4,0,5,9,10,7,9,3,0,10,4,8,1,9,0,1,6,1,4,6,7,7,6,6,6,0,1,4,7,9,8,7,9,9,8,9,5,9,7,5,10,6,3,7,2,10,7,0,5,8,0,1,5,9,6,4,8,9,10,2,0,1,0,7,4,10,0,4,4,5,6,0,3,0,0,10,9,1,10,5
n256,6,1,5,2,1,7,1,4,2,0,4,6,5,9,10,7,9,3,0,10,3,8,1,9,7,1,6,0,4,6,7,7,6,6,6,10,1,4,7,9,8,7,9,9,8,9,5,9,7,5,10,6,0,0,0,10,0,6,5,8,7,1,0,9,6,4,8,9,10,2,1,1,0,7,4,10,2,4,4,5,6,0,3,0,0,10,1,1,10,5
n255,6,1,5,2,1,7,1,4,2,0,4,6,5,9,10,7,9,3,0,10,0,8,1,9,7,1,6,6,4,6,7,7,6,6,6,10,1,4,7,9,8,7,9,9,8,9,5,9,7,5,10,6,0,0,0,10,0,0,5,8,7,1,0,9,6,4,8,9,10,2,1,1,0,7,4,10,2,4,4,5,6,4,3,0,0,10,1,1,10,5
n270,9,2,2,2,0,4,0,0,0,2,0,7,9,0,3,7,0,9,2,7,1,1,0,9,4,4,2,4,4,6,5,10,3,2,8,5,7,4,7,9,8,7,5,9,10,4,6,9,7,4,10,2,3,2,6,9,6,6,2,8,10,1,3,4,3,8,8,0,7,9,0,1,4,3,8,10,8,1,0,2,5,3,0,3,7,9,9,3,10,2
n269,9,2,2,2,7,4,0,0,0,2,7,0,9,0,3,7,0,9,2,7,1,1,0,9,4,4,2,4,4,6,5,10,3,2,8,5,7,4,7,9,8,7,5,9,10,4,0,9,7,4,10,2,3,2,6,9,6,6,0,8,10,1,3,4,3,8,8,7,7,9,0,1,4,3,8,10,8,1,0,2,5,3,0,3,7,9,9,3,10,2
n272,0,2,2,2,0,4,0,0,0,2,0,0,9,6,3,7,0,9,2,7,1,1,0,9,4,4,2,4,4,6,5,10,3,2,8,5,7,4,7,9,8,7,5,9,10,8,0,9,7,4,10,0,3,2,6,9,6,6,2,8,0,1,3,4,3,8,8,0,7,9,8,1,4,3,8,10,8,1,1,2,5,3,3,3,7,9,0,3,10,2
n271,6,2,2,2,0,4,0,0,0,2,0,0,9,0,3,7,0,9,2,7,1,1,0,9,4,4,2,4,4,6,5,10,3,2,8,5,7,4,7,9,8,7,5,9,10,0,10,9,7,4,10,0,3,2,6,9,6,6,2,8,0,1,3,4,3,8,8,0,7,9,8,1,4,3,8,10,8,1,1,2,5,3,3,3,7,9,0,3,10,2
n276,10,2,2,2,7,4,4,0,0,2,0,0,9,0,3,7,0,9,2,0,1,1,0,9,4,4,2,4,4,6,5,10,3,2,8,5,7,4,7,9,8,7,5,9,10,4,3,9,7,4,10,0,3,2,6,9,5,6,0,8,0,1,3,4,3,5,8,0,7,9,0,1,4,3,8,10,8,1,5,2,5,3,0,3,7,9,0,4,10,2
n275,0,2,2,2,7,4,4,2,5,2,0,0,9,0,3,7,0,9,2,1,1,1,6,9,4,4,2,4,4,6,5,10,3,2,8,5,7,4,7,9,8,7,5,9,10,4,3,9,7,4,10,6,3,2,6,9,0,6,0,8,1,1,3,4,3,0,8,0,7,9,0,1,4,3,8,10,8,1,5,2,5,3,0,3,7,9,0,4,10,2
n278,6,2,2,2,0,4,0,0,0,2,5,0,9,1,3,7,2,9,2,6,1,1,0,9,4,4,2,4,4,6,5,10,3,2,8,5,7,4,7,9,8,7,5,9,10,0,0,9,7,4,10,0,3,2,6,9,0,6,0,8,0,1,3,4,3,0,8,0,7,9,0,1,4,3,8,10,8,1,0,2,5,3,0,3,7,9,0,4,10,2
n277,6,2,2,2,0,4,0,0,2,2,0,0,9,1,3,7,2,9,2,6,1,1,0,9,4,4,2,4,4,6,5,10,3,2,8,5,7,4,7,9,8,7,5,9,10,0,0,9,7,4,10,0,3,2,6,9,0,6,0,8,0,1,3,4,3,6,8,0,7,9,0,1,4,3,8,10,8,1,3,2,5,3,0,3,7,9,0,4,10,2
n284,1,2,2,2,6,4,2,0,0,2,0,4,9,8,3,7,4,6,2,0,1,1,0,0,4,4,2,4,4,6,3,10,3,2,8,5,7,4,7,9,8,7,9,9,10,0,7,9,7,4,10,1,3,2,6,9,0,6,0,8,9,1,3,4,0,1,8,0,2,9,3,2,4,3,8,10,8,1,1,2,5,3,6,3,7,9,9,0,10,0
n283,1,2,2,2,6,4,2,0,0,2,0,0,9,8,3,7,4,6,2,0,1,1,0,0,4,4,2,4,4,6,0,10,3,2,8,5,7,0,7,9,8,7,9,9,10,0,7,9,7,4,10,1,3,2,6,9,0,6,0,8,9,1,3,4,0,1,8,0,0,9,3,2,4,3,8,10,8,1,1,2,5,3,6,3,7,9,9,0,10,0
n286,1,2,2,2,6,4,0,0,0,2,5,0,9,8,3,7,8,6,2,3,1,1,10,0,4,4,2,4,4,6,10,10,3,2,8,5,7,0,7,9,8,7,9,9,10,0,7,9,7,4,10,8,3,2,6,9,0,6,0,8,9,1,3,4,0,1,8,0,0,9,3,2,4,3,8,10,8,1,1,2,5,3,7,3,7,9,0,0,10,0
n285,1,2,2,2,6,4,0,0,0,2,0,0,9,8,3,7,0,6,2,0,1,1,10,0,4,4,2,4,4,6,0,10,3,2,8,5,7,0,7,9,8,7,9,9,10,0,7,9,7,4,10,0,3,2,6,9,0,6,0,8,9,1,3,4,0,1,8,0,0,9,3,2,4,3,8,10,8,1,1,2,5,3,7,3,7,9,4,1,10,0
n290,1,2,2,2,6,4,0,0,6,2,4,2,9,0,3,7,10,6,2,4,1,1,0,0,4,4,2,4,4,6,1,10,3,2,8,5,7,10,7,9,8,7,9,9,10,0,0,9,7,4,10,10,3,2,6,9,0,6,8,8,9,1,3,4,9,1,8,1,0,9,0,2,4,3,8,10,8,1,1,2,5,3,6,3,7,9,0,9,10,0
n289,1,2,2,2,6,4,0,0,6,2,4,2,9,0,3,7,10,6,2,4,1,1,0,0,4,4,2,4,4,6,1,10,3,2,8,5,7,10,7,9,8,7,9,9,10,10,0,9,7,4,10,10,3,2,6,9,0,6,8,8,9,1,3,4,0,1,8,1,0,9,0,2,4,3,8,10,8,1,1,2,5,3,6,3,7,9,0,0,10,0
n292,1,2,2,2,6,4,0,0,6,2,0,3,9,0,3,7,0,6,2,0,1,1,0,0,4,4,2,4,4,6,1,10,3,2,8,5,7,10,7,9,8,7,9,9,10,0,0,9,7,4,10,10,3,2,6,9,0,6,8,8,9,1,3,4,0,1,8,1,6,9,0,2,4,3,8,10,8,1,1,2,5,3,6,3,7,9,0,0,10,1
n291,1,2,2,2,6,4,0,0,6,2,0,0,9,0,3,7,2,6,2,0,1,1,0,0,4,4,2,4,4,6,1,10,3,2,8,5,7,10,7,9,8,7,9,9,10,0,0,9,7,4,10,10,3,2,6,9,3,6,8,8,9,1,3,4,0,1,8,1,0,9,2,2,4,3,8,10,8,1,1,2,5,3,6,3,7,9,0,0,10,0
n300,0,2,2,2,8,0,0,6,0,2,9,0,9,10,0,7,6,5,2,4,1,1,8,0,4,4,2,4,7,6,0,10,0,2,8,5,7,10,7,9,8,7,3,5,10,1,0,9,7,4,10,0,3,5,6,9,7,6,0,8,8,1,0,4,0,0,8,0,10,9,4,0,4,3,8,10,8,1,2,2,5,3,0,3,7,9,7,0,10,0
n299,0,2,2,2,8,0,0,6,5,2,9,4,9,10,6,7,6,5,2,4,1,1,8,0,4,4,2,4,7,6,0,10,0,2,8,5,7,10,7,9,8,7,3,5,10,1,3,9,7,4,10,0,3,0,6,9,0,6,0,8,8,1,0,4,0,0,8,0,10,9,4,0,4,3,8,10,8,1,0,2,5,3,5,3,7,9,4,3,10,0
n302,0,2,2,2,0,5,3,6,0,2,0,0,9,10,0,7,6,5,2,0,1,1,8,0,4,4,2,4,7,6,2,10,0,2,8,5,7,10,7,9,8,7,3,5,10,1,10,9,7,4,10,0,3,0,6,9,5,6,0,8,8,1,4,4,0,7,8,10,10,9,4,0,4,3,8,10,8,1,0,2,5,3,0,3,7,9,0,2,10,0
n301,0,2,2,2,3,0,0,6,0,2,0,6,9,10,0,7,6,5,2,0,1,1,8,0,4,4,2,4,7,6,2,10,0,2,8,5,7,10,7,9,8,7,3,5,10,1,10,9,7,4,10,6,3,0,6,9,5,6,0,8,8,1,0,4,0,4,8,0,10,9,4,3,4,3,8,10,8,1,0,2,5,3,0,3,7,9,0,2,10,0
n306,5,2,2,2,0,0,0,6,0,2,0,0,9,3,10,7,6,5,2,0,1,1,8,8,4,4,2,4,7,6,3,10,4,2,8,5,7,10,7,9,8,7,3,5,10,1,0,9,7,4,10,3,3,0,6,9,0,6,0,8,8,1,3,4,2,0,8,0,6,9,4,6,4,3,8,10,8,1,0,2,5,3,7,3,7,9,0,0,10,9
n305,5,2,2,2,3,6,0,6,0,2,0,0,9,3,10,7,6,5,2,0,1,1,8,8,4,4,2,4,7,6,3,10,0,2,8,5,7,10,7,9,8,7,3,5,10,1,0,9,7,4,10,3,3,0,6,9,0,6,9,8,8,1,3,4,2,0,8,8,6,9,4,0,4,3,8,10,8,1,0,2,5,3,7,3,7,9,0,0,10,9
n308,10,2,2,2,0,0,0,6,0,2,0,4,9,3,2,7,6,5,2,4,1,1,8,8,4,4,2,4,7,6,3,10,4,2,8,5,7,10,7,9,8,7,3,5,10,1,3,9,7,4,10,3,3,4,6,9,0,6,0,8,8,1,3,4,1,0,8,0,0,9,4,0,4,3,8,10,8,1,0,2,5,3,0,3,7,9,8,0,10,9
n307,10,2,2,2,0,8,0,6,0,2,0,4,9,3,0,7,6,5,2,4,1,1,8,8,4,4,2,4,7,6,3,10,4,2,8,5,7,10,7,9,8,7,3,5,10,1,3,9,7,4,10,3,3,0,6,9,9,6,0,8,8,1,3,4,1,0,8,0,8,9,4,0,4,3,8,10,8,1,2,2,5,3,0,3,7,9,8,0,10,9
n314,0,2,2,2,0,2,1,0,7,2,0,5,9,0,0,7,6,0,2,0,1,1,8,4,4,4,2,4,7,6,0,10,8,2,8,5,7,0,7,9,8,7,7,5,10,1,0,9,7,4,10,0,3,1,6,9,0,6,0,8,0,1,9,4,0,6,8,9,0,9,4,9,4,3,8,10,8,1,3,2,5,3,0,3,7,9,6,0,10,0
n313,0,2,2,2,10,2,1,0,7,2,0,5,9,0,0,7,6,0,2,3,1,1,8,5,4,4,2,4,7,6,0,10,0,2,8,5,7,4,7,9,8,7,7,5,10,1,0,9,7,4,10,0,3,1,6,9,0,6,0,8,0,1,0,4,0,6,8,9,0,9,4,9,4,3,8,10,8,1,3,2,5,3,0,3,7,9,6,0,10,0
n316,0,2,2,2,0,2,1,0,7,2,9,5,9,0,0,7,6,0,2,1,1,1,8,0,4,4,2,4,7,6,6,10,2,2,8,5,7,10,7,9,8,7,7,5,10,1,0,9,7,4,10,2,3,1,6,9,0,6,7,8,0,1,0,4,0,6,8,3,0,9,4,7,4,3,8,10,8,1,0,2,5,3,2,3,7,9,6,0,10,1
n315,0,2,2,2,0,2,1,0,7,2,9,5,9,0,8,7,6,0,2,0,1,1,8,0,4,4,2,4,7,6,6,10,2,2,8,5,7,0,7,9,8,7,7,5,10,1,0,9,7,4,10,0,3,1,6,9,0,6,0,8,0,1,2,4,0,6,8,0,0,9,4,0,4,3,8,10,8,1,0,2,5,3,4,3,7,9,6,0,10,1
n320,7,2,2,2,4,2,1,2,4,2,4,0,9,0,4,7,6,5,2,4,1,1,8,0,4,4,2,4,7,6,0,10,0,2,8,5,7,0,7,9,8,7,9,5,10,1,0,9,7,4,10,4,3,1,6,9,0,6,9,8,0,1,0,4,9,6,8,0,0,9,4,0,4,3,8,10,8,1,0,2,5,3,0,3,7,9,8,0,10,0
n319,7,2,2,2,4,2,1,2,0,2,4,0,9,0,4,7,6,5,2,4,1,1,8,0,4,4,2,4,7,6,0,10,9,2,8,5,7,0,7,9,8,7,9,5,10,1,0,9,7,4,10,4,3,1,6,9,0,6,9,8,0,1,0,4,9,6,8,0,3,9,4,0,4,3,8,10,8,1,0,2,5,3,0,3,7,9,8,0,10,0
n322,0,2,2,2,4,2,1,2,4,2,4,0,9,0,4,7,6,5,2,4,1,1,8,0,4,4,2,4,7,6,10,10,0,2,8,5,7,0,7,9,8,7,0,5,10,1,1,9,7,4,10,8,3,1,6,9,0,6,0,8,0,1,0,4,9,6,8,4,0,9,4,0,4,3,8,10,8,1,0,2,5,3,2,3,7,9,8,0,10,1
n321,0,2,2,2,4,2,1,2,0,2,4,0,9,0,4,7,6,5,2,4,1,1,8,0,4,4,2,4,7,6,0,10,0,2,8,5,7,0,7,9,8,7,0,5,10,1,1,9,7,4,10,0,3,1,6,9,0,6,0,8,0,1,0,4,9,6,8,4,0,9,4,0,4,3,8,10,8,1,0,2,5,3,2,3,7,9,8,0,10,1
n332,6,2,0,2,5,6,0,0,1,2,1,4,9,10,3,7,0,7,6,1,1,6,5,0,4,4,2,0,2,6,8,0,10,2,9,5,7,2,7,9,8,7,0,7,10,4,3,9,7,4,10,9,0,8,6,9,6,6,4,8,2,1,10,4,9,10,8,0,5,9,1,0,4,3,8,10,8,1,9,1,5,7,0,3,7,9,0,0,10,5
n331,6,2,0,2,5,6,7,0,1,2,1,4,9,10,3,7,0,7,6,1,1,6,5,0,4,4,2,3,2,6,8,0,10,2,9,5,7,2,7,9,8,7,0,7,10,4,3,9,7,4,10,9,0,8,6,9,6,6,4,8,2,1,10,4,9,10,8,0,5,9,1,0,4,3,8,10,8,1,9,1,5,7,1,3,7,9,1,0,10,0
n334,6,2,0,2,5,6,4,0,1,2,1,4,9,1,3,7,0,5,6,1,1,6,10,0,4,4,2,8,3,6,8,6,10,2,9,5,7,2,7,9,8,7,0,7,10,4,3,9,7,4,10,9,0,8,6,9,6,6,4,8,2,1,10,4,9,10,8,8,5,9,1,0,4,3,8,10,8,1,9,1,5,7,2,3,7,9,6,0,10,0
n333,6,2,0,2,5,6,4,0,1,2,1,4,9,0,3,7,0,5,6,1,1,6,0,0,4,4,2,8,0,6,8,6,10,2,9,5,7,2,7,9,8,7,0,7,10,4,3,9,7,4,10,9,0,8,6,9,6,6,4,8,2,1,10,4,9,10,8,8,5,9,1,0,4,3,8,10,8,1,9,1,5,7,0,3,7,9,6,0,10,0
n338,6,2,0,2,5,6,0,0,1,2,1,4,9,0,3,7,3,7,6,1,1,6,0,1,4,4,2,0,8,6,8,7,10,2,9,5,7,2,7,9,8,7,4,7,10,4,3,9,7,4,10,9,7,8,6,9,6,6,4,8,2,1,10,4,9,10,8,4,5,9,1,6,4,3,8,10,8,1,9,1,5,7,7,3,7,9,0,1,10,7
n337,6,2,0,2,5,6,0,0,1,2,1,4,9,6,3,7,0,7,6,1,1,6,0,7,4,4,2,0,8,6,8,7,10,2,9,5,7,2,7,9,8,7,4,7,10,4,3,9,7,4,10,9,0,8,6,9,6,6,4,8,2,1,10,4,9,10,8,4,5,9,1,6,4,3,8,10,8,1,9,1,5,7,9,3,7,9,0,1,10,7
n340,6,2,0,2,5,6,0,8,1,2,1,4,9,0,3,7,0,0,6,1,1,6,0,0,4,4,2,0,6,6,8,7,10,2,9,5,7,2,7,9,8,7,4,7,10,4,3,9,7,4,10,9,7,8,6,9,6,6,4,8,2,1,10,4,9,10,8,4,5,9,1,2,4,3,8,10,8,1,9,1,5,7,7,3,7,9,6,0,10,7
n339,6,2,0,2,5,6,0,8,1,2,1,4,9,0,3,7,0,0,6,1,1,6,0,0,4,4,2,4,0,6,8,7,10,2,9,5,7,2,7,9,8,7,4,7,10,4,3,9,7,4,10,9,7,8,6,9,6,6,4,8,2,1,10,4,9,10,8,4,5,9,1,0,4,3,8,10,8,1,9,1,5,7,7,3,7,9,0,0,10,7
n346,6,2,8,2,5,6,0,10,1,2,1,4,9,8,0,7,8,0,6,4,1,9,4,7,4,4,2,0,10,6,0,0,10,2,2,5,7,2,7,9,8,7,5,7,10,4,3,9,7,4,10,9,3,8,6,9,6,6,4,8,2,1,10,4,9,8,8,2,5,9,0,1,4,3,8,10,8,1,10,1,5,7,8,3,7,9,2,0,10,4
n345,6,2,8,2,5,6,0,10,1,2,1,4,9,8,0,7,8,5,6,4,1,9,4,7,4,4,2,0,0,6,0,3,10,2,2,5,7,2,7,9,8,7,1,7,10,4,3,9,7,4,10,9,3,8,6,9,6,6,4,8,2,1,10,4,9,8,8,2,5,9,0,1,4,3,8,10,8,1,10,1,5,7,0,3,7,9,0,0,10,4
n348,6,2,8,2,5,6,3,0,1,2,1,4,9,8,6,7,0,0,6,4,1,9,4,7,4,4,2,8,0,6,0,3,10,2,0,5,7,2,7,9,8,7,0,7,10,4,3,9,7,4,10,9,0,8,6,9,6,6,4,8,2,1,10,4,9,8,8,2,5,9,0,0,4,3,8,10,8,1,2,1,5,7,2,3,7,9,0,0,10,4
n347,6,2,8,2,5,6,3,0,1,2,1,4,9,8,6,7,0,4,6,4,1,9,4,7,4,4,2,4,0,6,0,3,10,2,7,5,7,2,7,9,8,7,0,7,10,4,3,9,7,4,10,9,0,8,6,9,6,6,4,8,2,1,10,4,9,8,8,2,5,9,6,0,4,3,8,10,8,1,0,1,5,7,2,3,7,9,1,0,10,4
n352,6,2,6,2,5,6,0,0,1,2,1,4,9,8,0,7,8,6,6,2,1,0,0,7,4,4,2,5,0,6,10,10,10,2,0,5,7,2,7,9,8,7,10,7,10,4,3,9,7,4,10,9,0,8,6,9,6,6,4,8,2,1,10,4,9,10,8,2,5,9,7,0,4,3,8,10,8,1,4,1,5,7,5,3,7,9,0,7,10,0
n351,6,2,3,2,5,6,0,0,1,2,1,4,9,8,0,7,8,6,6,2,1,0,0,7,4,4,2,5,0,6,0,10,10,2,0,5,7,2,7,9,8,7,10,7,10,4,3,9,7,4,10,9,0,8,6,9,6,6,4,8,2,1,10,4,9,10,8,2,5,9,7,0,4,3,8,10,8,1,0,1,5,7,0,3,7,9,6,7,10,0
n354,6,2,6,2,5,6,5,0,1,2,1,4,9,8,0,7,8,7,6,0,1,7,0,7,4,4,2,5,2,6,0,10,10,2,0,5,7,2,7,9,8,7,0,7,10,4,3,9,7,4,10,9,0,8,6,9,6,6,4,8,2,1,10,4,9,5,8,2,5,9,7,0,4,3,8,10,8,1,0,1,5,7,0,3,7,9,9,7,10,9
n353,6,2,6,2,5,6,10,0,1,2,1,4,9,8,6,7,8,7,6,3,1,7,0,7,4,4,2,5,2,6,0,10,10,2,0,5,7,2,7,9,8,7,0,7,10,4,3,9,7,4,10,9,0,8,6,9,6,6,4,8,2,1,10,4,9,0,8,2,5,9,7,0,4,3,8,10,8,1,0,1,5,7,3,3,7,9,7,7,10,9
n362,6,2,5,2,8,0,2,0,1,2,1,4,9,0,0,7,2,0,6,1,1,5,0,0,4,4,2,0,0,6,8,6,10,2,0,5,7,2,7,9,8,7,5,3,10,4,5,9,7,4,10,9,8,8,6,9,2,6,4,8,2,1,10,4,0,10,8,8,0,9,3,7,4,3,8,10,8,1,0,1,5,6,5,3,7,9,0,5,10,8
n361,6,2,5,2,8,0,2,0,1,2,1,4,9,0,0,7,2,0,6,0,1,5,0,0,4,4,2,0,6,6,8,6,10,2,0,5,7,2,7,9,8,7,5,0,10,4,0,9,7,4,10,9,8,8,6,9,2,6,4,8,2,1,10,4,0,10,8,8,0,9,3,7,4,3,8,10,8,1,8,1,5,0,5,3,7,9,2,5,10,8
n364,6,2,0,2,8,8,6,0,1,2,1,4,9,0,10,7,2,0,6,0,1,5,0,9,4,4,2,0,8,6,8,6,10,2,10,5,7,2,7,9,8,7,5,0,10,4,0,9,7,4,10,9,8,5,6,9,2,6,4,8,2,1,10,4,2,10,8,8,0,9,3,7,4,3,8,10,8,1,3,1,5,0,5,3,7,9,0,5,10,8
n363,6,2,0,2,8,0,6,0,1,2,1,4,9,0,10,7,2,0,6,3,1,5,0,0,4,4,2,7,8,6,8,6,10,2,10,5,7,2,7,9,8,7,5,9,10,4,0,9,7,4,10,9,8,7,6,9,2,6,4,8,2,1,10,4,2,10,8,8,0,9,3,7,4,3,8,10,8,1,0,1,5,0,5,3,7,9,9,5,10,8
n368,6,2,0,2,8,5,0,0,1,2,1,4,9,6,0,7,2,0,6,9,1,0,8,0,4,4,2,0,2,6,8,6,10,2,0,5,7,2,7,9,8,7,5,0,10,4,10,9,7,4,10,9,8,8,6,9,0,6,4,8,2,1,10,4,1,10,8,8,1,9,3,6,4,3,8,10,8,1,4,1,5,4,5,3,7,9,6,5,10,8
n367,6,2,0,2,8,7,0,0,1,2,1,4,9,6,0,7,2,0,6,0,1,0,8,0,4,4,2,0,2,6,8,6,10,2,0,5,7,2,7,9,8,7,5,0,10,4,10,9,7,4,10,9,8,0,6,9,0,6,4,8,2,1,10,4,1,10,8,8,1,9,3,6,4,3,8,10,8,1,4,1,5,4,5,3,7,9,6,5,10,8
n370,6,2,9,2,8,0,0,0,1,2,1,4,9,6,0,7,2,6,6,0,1,0,8,3,4,4,2,0,2,6,8,6,10,2,3,5,7,2,7,9,8,7,5,0,10,4,10,9,7,4,10,9,8,0,6,9,8,6,4,8,2,1,10,4,1,10,8,8,1,9,3,6,4,3,8,10,8,1,0,1,5,0,5,3,7,9,6,5,10,8
n369,6,2,9,2,8,0,0,0,1,2,1,4,9,6,0,7,2,6,6,0,1,0,8,3,4,4,2,0,2,6,8,6,10,2,0,5,7,2,7,9,8,7,5,2,10,4,10,9,7,4,10,9,8,0,6,9,8,6,4,8,2,1,10,4,1,10,8,8,1,9,3,6,4,3,8,10,8,1,0,1,5,0,5,3,7,9,6,5,10,8
n376,6,2,0,2,0,8,7,9,1,2,1,4,9,7,0,7,2,5,6,1,1,5,0,4,4,4,2,9,0,6,0,0,10,2,3,5,7,2,7,9,8,7,5,0,10,4,6,9,7,4,10,9,8,5,6,9,0,6,4,8,2,1,10,4,4,10,8,8,9,9,3,2,4,3,8,10,8,1,4,1,5,10,0,3,7,9,4,5,10,8
n375,6,2,0,2,0,8,7,9,1,2,1,4,9,7,0,7,2,5,6,1,1,5,0,4,4,4,2,0,2,6,0,0,10,2,3,5,7,2,7,9,8,7,5,0,10,4,0,9,7,4,10,9,8,5,6,9,0,6,4,8,2,1,10,4,4,10,8,8,9,9,3,2,4,3,8,10,8,1,4,1,5,10,0,3,7,9,4,5,10,8
n378,6,2,2,2,0,8,7,9,1,2,1,4,9,7,0,7,2,0,6,1,1,5,0,4,4,4,2,0,0,6,0,0,10,2,3,5,7,2,7,9,8,7,5,1,10,4,0,9,7,4,10,9,8,5,6,9,6,6,4,8,2,1,10,4,4,10,8,8,9,9,3,0,4,3,8,10,8,1,2,1,5,10,6,3,7,9,0,5,10,8
n377,6,2,2,2,0,8,7,9,1,2,1,4,9,7,0,7,2,0,6,1,1,5,0,4,4,4,2,7,0,6,0,0,10,2,3,5,7,2,7,9,8,7,5,1,10,4,0,9,7,4,10,9,8,5,6,9,8,6,4,8,2,1,10,4,4,10,8,8,9,9,3,0,4,3,8,10,8,1,0,1,5,10,0,3,7,9,0,5,10,8
n382,6,2,3,2,0,8,7,0,1,2,1,4,9,6,10,7,2,0,6,1,1,1,0,4,4,4,2,10,10,6,2,0,10,2,0,5,7,2,7,9,8,7,5,1,10,4,4,9,7,4,10,9,8,5,6,9,0,6,4,8,2,1,10,4,0,10,8,8,0,9,3,0,4,3,8,10,8,1,5,1,5,10,1,3,7,9,0,5,10,8
n381,6,2,3,2,0,8,7,0,1,2,1,4,9,6,10,7,2,0,6,1,1,1,0,4,4,4,2,10,10,6,2,0,10,2,0,5,7,2,7,9,8,7,5,1,10,4,4,9,7,4,10,9,8,5,6,9,0,6,4,8,2,1,10,4,0,10,8,8,0,9,3,0,4,3,8,10,8,1,0,1,5,10,1,3,7,9,0,5,10,8
n384,6,2,2,2,0,8,7,6,1,2,1,4,9,0,0,7,2,0,6,1,1,1,0,4,4,4,2,10,10,6,10,0,10,2,4,5,7,2,7,9,8,7,5,9,10,4,3,9,7,4,10,9,8,5,6,9,0,6,4,8,2,1,10,4,10,10,8,8,0,9,3,4,4,3,8,10,8,1,5,1,5,10,0,3,7,9,2,5,10,8
n383,6,2,2,2,0,8,7,6,1,2,1,4,9,0,0,7,2,0,6,1,1,1,0,4,4,4,2,10,10,6,0,0,10,2,6,5,7,2,7,9,8,7,5,10,10,4,3,9,7,4,10,9,8,5,6,9,10,6,4,8,2,1,10,4,0,10,8,8,0,9,3,4,4,3,8,10,8,1,5,1,5,10,0,3,7,9,2,5,10,8
n396,6,3,0,2,10,5,5,9,9,2,0,9,9,0,4,7,0,0,9,6,9,3,3,2,6,4,4,6,6,6,8,5,5,2,8,3,4,4,7,9,8,7,0,1,10,3,10,9,7,9,10,9,0,7,6,9,4,6,0,8,1,1,1,4,2,6,8,6,10,8,9,9,4,3,8,10,5,1,5,0,2,1,0,3,0,5,7,7,10,0
n395,6,3,0,2,10,5,5,9,9,2,0,9,9,1,4,7,0,0,9,6,9,3,3,2,6,4,4,6,6,6,0,5,0,2,8,3,4,4,7,9,8,7,0,1,10,3,10,9,7,9,10,9,0,7,6,9,4,6,0,8,1,1,1,4,2,0,8,6,10,8,9,9,4,3,8,10,5,1,5,0,2,1,3,3,0,5,0,7,10,0
n398,6,3,0,2,10,4,5,9,9,2,0,9,9,9,7,7,8,0,9,6,9,3,3,2,6,4,4,6,6,6,6,5,0,2,8,3,4,0,7,9,8,7,0,1,10,3,10,9,7,0,10,9,0,7,6,9,4,6,2,8,1,1,1,4,2,0,8,6,10,8,9,9,4,3,8,10,5,1,5,6,2,1,7,3,0,5,0,7,10,0
n397,6,3,0,2,10,5,5,9,9,2,0,9,9,0,7,7,8,0,9,6,9,3,3,2,6,4,4,6,6,6,6,5,0,2,0,3,4,6,7,9,8,7,0,1,10,3,10,9,7,0,10,9,0,7,6,9,4,6,2,8,1,1,1,4,2,10,8,6,10,8,9,9,4,3,8,10,5,1,5,0,2,1,7,3,0,5,0,7,10,7
n402,6,3,0,2,10,0,5,0,9,2,0,9,9,1,6,7,0,0,0,6,9,3,3,2,6,4,4,6,6,6,0,6,0,2,8,3,10,3,7,9,8,7,7,6,10,3,10,9,7,0,10,9,0,0,6,9,4,6,4,8,1,1,1,4,2,3,8,6,8,8,9,9,4,3,8,10,5,1,5,0,2,1,0,3,6,5,3,7,10,0
n401,6,3,0,2,10,1,5,0,9,2,0,9,9,1,0,7,0,0,0,6,9,3,3,2,6,4,4,6,6,6,0,6,0,2,8,3,0,3,7,9,8,7,7,0,10,3,10,9,7,0,10,9,6,0,6,9,4,6,4,8,1,1,1,4,2,0,8,6,8,8,9,9,4,3,8,10,5,1,5,0,2,1,0,3,0,5,3,7,10,0
n404,6,3,7,2,10,0,5,0,9,2,0,9,9,1,9,7,5,0,0,6,9,3,3,2,6,4,4,6,6,6,4,6,10,2,8,3,0,3,7,9,8,7,7,0,10,3,10,9,7,0,10,9,0,0,6,9,4,6,0,8,1,1,1,4,2,0,8,6,8,8,9,9,4,3,8,10,5,1,5,0,2,1,2,3,0,5,3,7,10,2
n403,6,3,7,2,10,0,5,0,9,2,7,9,9,1,9,7,5,0,0,6,9,3,3,2,6,4,4,6,6,6,4,6,0,2,8,3,0,3,7,9,8,7,7,0,10,3,10,9,7,0,10,9,0,0,6,9,4,6,0,8,1,1,1,4,2,0,8,6,8,8,9,9,4,3,8,10,5,1,5,0,2,1,1,3,0,5,3,7,10,2
n410,6,3,0,2,10,2,5,1,9,2,3,9,9,0,6,7,0,10,0,6,9,3,3,2,6,4,4,6,7,6,4,5,0,2,2,0,6,4,7,9,8,7,3,0,10,3,10,9,7,4,10,9,1,0,6,9,4,6,1,8,0,1,1,4,2,9,8,6,5,8,9,9,4,3,8,10,5,1,5,0,2,1,2,3,0,5,0,7,10,0
n409,6,3,1,2,10,2,5,1,9,2,3,9,9,0,6,7,0,10,0,6,9,3,3,2,6,4,4,6,7,6,4,5,3,2,2,0,6,4,7,9,8,7,2,0,10,3,10,9,7,0,10,9,1,0,6,9,4,6,1,8,0,1,1,4,2,9,8,6,5,8,9,9,4,3,8,10,5,1,5,0,2,1,2,3,0,5,0,7,10,10
n412,6,3,0,2,10,2,5,1,9,2,9,9,9,0,6,7,9,10,6,6,9,3,3,2,6,4,4,6,7,6,4,0,0,2,2,0,0,4,7,9,8,7,0,0,10,3,10,9,7,1,10,9,1,2,6,9,4,6,1,8,0,1,1,4,2,9,8,6,5,8,9,9,4,3,8,10,5,1,5,0,2,1,2,3,0,5,0,7,10,8
n411,6,3,0,2,10,2,5,1,9,2,0,9,9,0,6,7,9,10,7,6,9,3,3,2,6,4,4,6,7,6,4,1,0,2,2,0,0,4,7,9,8,7,0,0,10,3,10,9,7,0,10,9,1,0,6,9,4,6,1,8,0,1,1,4,2,9,8,6,5,8,9,9,4,3,8,10,5,1,5,0,2,1,2,3,0,5,0,7,10,0
n416,6,3,3,2,10,2,5,1,9,2,9,9,9,0,0,7,1,0,0,6,9,3,3,2,6,4,4,6,0,6,4,7,0,2,2,4,0,4,7,9,8,7,0,3,10,3,10,9,7,0,10,9,0,10,6,9,4,6,5,8,4,1,1,4,2,8,8,6,5,8,9,9,4,3,8,10,5,1,5,0,2,1,2,3,0,5,6,7,10,0
n415,6,3,0,2,10,2,5,1,9,2,0,9,9,0,0,7,1,0,0,6,9,3,3,2,6,4,4,6,0,6,4,0,0,2,2,4,10,4,7,9,8,7,0,3,10,3,10,9,7,0,10,9,0,0,6,9,4,6,5,8,4,1,1,4,2,8,8,6,5,8,9,9,4,3,8,10,5,1,5,8,2,1,2,3,0,5,6,7,10,0
n418,6,3,0,2,10,2,5,1,9,2,7,9,9,9,0,7,1,0,0,6,9,3,3,2,6,4,4,6,0,6,4,0,7,2,2,4,0,4,7,9,8,7,9,4,10,3,10,9,7,0,10,9,0,0,6,9,4,6,5,8,5,1,1,4,2,0,8,6,5,8,9,9,4,3,8,10,5,1,5,0,2,1,2,3,0,5,6,7,10,0
n417,6,3,0,2,10,2,5,1,9,2,0,9,9,0,0,7,1,0,7,6,9,3,3,2,6,4,4,6,0,6,4,2,7,2,2,4,0,4,7,9,8,7,9,0,10,3,10,9,7,0,10,9,0,0,6,9,4,6,5,8,0,1,1,4,2,0,8,6,5,8,9,9,4,3,8,10,5,1,5,0,2,1,2,3,0,5,6,7,10,0
n426,6,3,2,2,1,6,5,2,2,2,9,9,9,0,4,7,7,2,0,6,9,3,3,2,6,4,4,6,8,6,4,8,0,2,0,3,0,9,7,9,8,7,3,0,10,3,10,9,7,0,10,9,5,10,6,9,7,6,0,8,0,1,1,4,2,2,8,6,6,8,9,9,4,3,8,10,5,1,5,0,2,1,5,3,0,0,7,7,10,0
n425,6,3,2,2,1,6,5,2,2,2,9,9,9,0,4,7,0,2,0,6,9,3,3,2,6,4,4,6,8,6,4,8,0,2,0,3,0,9,7,9,8,7,3,1,10,3,10,9,7,0,10,9,0,10,6,9,7,6,0,8,0,1,1,4,2,2,8,6,6,8,9,9,4,3,8,10,5,1,5,2,2,1,5,3,0,0,0,7,10,0
n428,6,3,2,2,1,5,5,2,2,2,9,9,9,0,4,7,0,2,0,6,9,3,3,2,6,4,4,6,8,6,4,8,10,2,6,0,0,9,7,9,8,7,3,5,10,3,10,9,7,0,10,9,0,10,6,9,7,6,0,8,0,1,1,4,2,2,8,6,6,8,9,9,4,3,8,10,5,1,5,2,2,1,5,3,0,0,0,7,10,4
n427,6,3,2,2,1,5,5,2,2,2,9,9,9,0,4,7,0,2,1,6,9,3,3,2,6,4,4,6,8,6,4,8,0,2,6,0,0,9,7,9,8,7,3,5,10,3,10,9,7,0,10,9,8,10,6,9,7,6,0,8,2,1,1,4,2,2,8,6,6,8,9,9,4,3,8,10,5,1,5,0,2,1,5,3,0,5,0,7,10,4
n432,6,3,2,2,1,0,5,2,2,2,9,9,9,2,4,7,0,0,0,6,9,3,3,2,6,4,4,6,8,6,4,8,3,2,0,6,0,9,7,9,8,7,3,0,10,3,10,9,7,0,10,9,0,5,6,9,0,6,0,8,0,1,1,4,2,2,8,6,0,8,9,1,4,3,8,10,5,1,5,7,2,1,5,3,2,0,1,7,10,0
n431,6,3,2,2,1,0,5,2,2,2,9,9,9,2,4,7,0,0,0,6,9,3,3,2,6,4,4,6,8,6,4,8,3,2,0,6,0,9,7,9,8,7,3,0,10,3,10,9,7,3,10,9,0,5,6,9,0,6,0,8,0,1,1,4,2,2,8,6,4,8,9,1,4,3,8,10,5,1,5,7,2,1,5,3,0,0,1,7,10,0
n434,6,3,2,2,1,0,5,2,2,2,9,9,9,0,4,7,0,0,0,6,9,3,3,2,6,4,4,6,8,6,4,8,3,2,1,6,0,9,7,9,8,7,3,0,10,3,10,9,7,3,10,9,0,0,6,9,9,6,10,8,0,1,1,4,2,2,8,6,0,8,9,1,4,3,8,10,5,1,5,7,2,1,5,3,0,0,1,7,10,0
n433,6,3,2,2,1,8,5,2,2,2,9,9,9,0,4,7,0,0,0,6,9,3,3,2,6,4,4,6,8,6,4,8,3,2,1,6,0,9,7,9,8,7,3,0,10,3,10,9,7,3,10,9,0,6,6,9,0,6,0,8,8,1,1,4,2,2,8,6,0,8,9,1,4,3,8,10,5,1,5,7,2,1,5,3,0,3,1,7,10,0
n440,6,3,2,2,1,5,5,2,2,2,8,9,9,1,4,7,2,7,0,6,9,3,3,2,6,4,4,6,0,6,7,8,0,2,0,9,6,9,7,9,8,7,3,9,10,3,10,9,7,0,10,9,0,6,6,9,3,6,0,8,5,1,1,4,2,2,8,6,0,8,9,0,4,3,8,10,5,1,5,9,2,1,0,3,0,5,0,7,10,10
n439,6,3,2,2,1,5,5,2,2,2,8,9,9,1,4,7,2,7,0,6,9,3,3,2,6,4,4,6,0,6,7,8,0,2,0,9,6,9,7,9,8,7,3,9,10,3,10,9,7,0,10,9,0,0,6,9,0,6,0,8,5,1,1,4,2,2,8,6,0,8,9,0,4,3,8,10,5,1,5,9,2,1,5,3,0,5,0,7,10,10
n442,6,3,2,2,1,5,5,2,2,2,8,9,9,1,4,7,9,7,0,6,9,3,3,2,6,4,4,6,7,6,7,8,6,2,8,9,6,9,7,9,8,7,3,9,10,3,10,9,7,3,10,9,0,0,6,9,0,6,0,8,0,1,1,4,2,2,8,6,0,8,9,5,4,3,8,10,5,1,5,0,2,1,0,3,0,0,0,7,10,10
n441,6,3,2,2,1,5,5,2,2,2,8,9,9,1,4,7,9,7,7,6,9,3,3,2,6,4,4,6,0,6,7,8,5,2,0,9,6,9,7,9,8,7,3,9,10,3,10,9,7,3,10,9,0,0,6,9,5,6,0,8,0,1,1,4,2,2,8,6,0,8,9,0,4,3,8,10,5,1,5,2,2,1,0,3,4,0,8,7,10,10
n446,6,3,2,2,1,5,5,2,2,2,1,9,9,1,4,7,0,7,0,6,9,3,3,2,6,4,4,6,2,6,0,8,7,2,0,0,6,9,7,9,8,7,3,9,10,3,10,9,7,4,10,9,0,0,6,9,0,6,4,8,0,1,1,4,2,2,8,6,3,8,9,0,4,3,8,10,5,1,5,3,2,1,0,3,0,4,0,7,10,0
n445,6,3,2,2,1,5,5,2,2,2,1,9,9,1,4,7,0,7,0,6,9,3,3,2,6,4,4,6,0,6,0,8,7,2,9,0,6,9,7,9,8,7,3,9,10,3,10,9,7,1,10,9,0,9,6,9,4,6,0,8,0,1,1,4,2,2,8,6,3,8,9,0,4,3,8,10,5,1,5,0,2,1,0,3,0,4,5,7,10,0
n448,6,3,2,2,1,5,5,2,2,2,1,9,9,1,4,7,0,7,0,6,9,3,3,2,6,4,4,6,0,6,0,8,0,2,0,0,6,9,7,9,8,7,3,9,10,3,10,9,7,1,10,9,0,0,6,9,0,6,0,8,0,1,1,4,2,2,8,6,3,8,9,0,4,3,8,10,5,1,5,0,2,1,6,3,5,2,10,7,10,2
n447,6,3,2,2,1,5,5,2,2,2,1,9,9,1,4,7,0,7,0,6,9,3,3,2,6,4,4,6,0,6,0,8,0,2,0,0,6,9,7,9,8,7,3,9,10,3,10,9,7,1,10,9,0,0,6,9,0,6,0,8,3,1,1,4,2,2,8,6,3,8,9,0,4,3,8,10,5,1,5,0,2,1,6,3,0,0,0,7,10,0
n458,0,3,5,2,5,0,5,0,3,2,10,9,9,1,8,7,10,8,3,6,9,4,3,6,1,4,4,0,5,6,9,0,6,2,8,9,10,0,7,9,8,7,3,6,10,9,3,9,7,0,10,9,5,10,6,9,0,6,5,8,0,1,1,4,2,10,8,6,0,6,9,3,4,3,8,10,5,1,5,0,8,1,1,3,5,0,3,7,10,2
n457,0,3,5,2,5,0,5,0,3,2,10,9,9,1,8,7,10,8,3,6,9,4,3,0,1,4,4,0,5,6,9,0,6,2,8,9,10,0,7,9,8,7,3,6,10,9,3,9,7,0,10,9,5,10,6,9,0,6,5,8,0,1,1,4,2,10,8,6,0,6,9,3,4,3,8,10,5,1,5,0,8,1,0,3,5,0,3,7,10,2
n460,0,3,0,2,5,0,5,0,3,2,8,9,9,1,8,7,10,7,3,6,9,0,3,10,1,4,4,9,5,6,9,8,6,2,8,9,10,0,7,9,8,7,0,6,10,9,3,9,7,8,10,9,5,10,6,9,6,6,5,8,1,1,1,4,2,10,8,6,7,0,9,3,4,3,8,10,5,1,5,5,8,1,5,3,5,0,3,7,10,2
n459,5,3,0,2,5,0,5,0,3,2,3,9,9,1,8,7,10,7,3,6,9,0,3,0,1,4,4,0,5,6,9,0,6,2,8,9,10,0,7,9,8,7,0,6,10,9,3,9,7,0,10,9,5,10,6,9,0,6,5,8,1,1,1,4,2,10,8,6,0,0,9,3,4,3,8,10,5,1,5,0,8,1,0,3,5,0,3,7,10,2
n464,0,3,10,2,8,9,5,0,3,2,0,9,9,1,8,7,10,0,3,6,9,1,3,0,1,4,4,0,5,6,0,0,0,2,8,9,10,2,7,9,8,7,0,0,10,9,3,9,7,4,10,9,5,10,6,9,2,6,5,8,0,1,1,4,2,10,8,6,0,0,9,3,4,3,8,10,5,1,5,8,8,1,10,3,5,0,3,7,10,2
n463,0,3,10,2,8,9,5,0,3,2,0,9,9,1,8,7,10,0,3,6,9,0,3,0,1,4,4,0,5,6,0,0,0,2,8,9,10,0,7,9,8,7,0,7,10,9,3,9,7,4,10,9,5,10,6,9,2,6,5,8,0,1,1,4,2,10,8,6,0,0,9,3,4,3,8,10,5,1,5,8,8,1,10,3,5,0,3,7,10,2
n466,7,3,0,2,0,1,5,0,3,2,0,9,9,1,8,7,10,0,3,6,9,10,3,0,1,4,4,0,5,6,0,2,9,2,8,9,10,0,7,9,8,7,0,2,10,9,3,9,7,4,10,9,5,10,6,9,0,6,5,8,0,1,1,4,2,10,8,6,0,0,9,3,4,3,8,10,5,1,5,0,8,1,10,3,5,0,3,7,10,2
n465,7,3,0,2,0,0,5,0,3,2,4,9,9,1,8,7,10,1,3,6,9,10,3,0,1,4,4,0,5,6,0,2,9,2,8,9,10,0,7,9,8,7,0,0,10,9,3,9,7,4,10,9,5,10,6,9,9,6,5,8,0,1,1,4,2,10,8,6,0,0,9,3,4,3,8,10,5,1,5,0,8,1,0,3,5,0,3,7,10,2
n472,0,3,0,2,0,0,5,0,0,2,0,9,9,0,8,7,10,7,3,6,9,10,3,1,1,4,4,0,5,6,0,0,5,2,8,9,10,0,7,9,8,7,0,0,10,8,1,9,7,0,10,9,5,10,6,9,0,6,5,8,0,1,1,4,2,10,8,6,0,8,9,3,4,3,8,10,5,1,5,1,8,1,0,3,5,6,3,7,10,2
n471,0,3,0,2,0,0,5,2,0,2,0,9,9,4,8,7,10,7,3,6,9,10,3,1,1,4,4,0,5,6,0,0,5,2,8,9,10,0,7,9,8,7,0,0,10,8,0,9,7,2,10,9,5,10,6,9,0,6,5,8,0,1,1,4,2,10,8,6,0,8,9,3,4,3,8,10,5,1,5,1,8,1,0,3,5,6,3,7,10,2
n474,0,3,0,2,10,0,5,0,0,2,0,9,9,0,8,7,10,0,3,6,9,10,3,1,0,4,4,0,5,6,0,3,9,2,8,9,10,9,7,9,8,7,0,8,10,1,0,9,7,0,10,9,5,10,6,9,0,6,5,8,7,1,1,4,2,10,8,6,0,8,9,3,4,3,8,10,5,1,5,1,8,1,0,3,5,0,3,7,10,2
n473,0,3,2,2,0,5,5,0,0,2,0,9,9,0,8,7,10,0,3,6,9,10,3,1,0,4,4,0,5,6,3,0,9,2,8,9,10,9,7,9,8,7,0,8,10,1,0,9,7,0,10,9,5,10,6,9,0,6,5,8,0,1,1,4,2,10,8,6,0,8,9,3,4,3,8,10,5,1,5,1,8,1,0,3,5,0,3,7,10,2
n478,0,3,0,2,0,10,5,0,0,2,7,9,9,3,8,7,10,4,3,6,9,10,3,1,0,4,4,0,5,6,2,0,0,2,8,9,10,0,7,9,8,7,6,8,10,0,0,9,7,9,10,9,5,10,6,9,0,6,5,8,0,1,1,4,2,10,8,6,5,0,9,3,4,3,8,10,5,1,5,1,8,1,7,3,5,9,3,7,10,2
n477,0,3,7,2,3,10,5,0,0,2,0,9,9,3,8,7,10,4,3,6,9,10,3,1,0,4,4,0,5,6,2,0,6,2,8,9,10,0,7,9,8,7,6,8,10,0,0,9,7,0,10,9,5,10,6,9,0,6,5,8,1,1,1,4,2,10,8,6,5,6,9,3,4,3,8,10,5,1,5,1,8,1,0,3,5,9,3,7,10,2
n480,0,3,5,2,4,10,5,0,5,2,0,9,9,0,8,7,10,4,3,6,9,10,3,1,7,4,4,0,5,6,2,3,5,2,8,9,10,0,7,9,8,7,6,8,10,6,0,9,7,8,10,9,5,10,6,9,0,6,5,8,0,1,1,4,2,10,8,6,7,0,9,3,4,3,8,10,5,1,5,1,8,1,10,3,5,9,3,7,10,2
n479,2,3,5,2,0,10,5,0,5,2,0,9,9,0,8,7,10,4,3,6,9,10,3,1,7,4,4,0,5,6,2,0,5,2,8,9,10,0,7,9,8,7,6,8,10,6,0,9,7,0,10,9,5,10,6,9,0,6,5,8,0,1,1,4,2,10,8,6,7,0,9,3,4,3,8,10,5,1,5,1,8,1,0,3,5,9,3,7,10,2
n488,6,3,7,2,7,2,5,0,0,2,6,9,9,0,8,7,7,0,3,6,9,9,3,2,7,4,4,0,5,6,0,10,1,2,8,0,10,4,7,9,8,7,0,0,10,3,8,9,7,8,10,9,1,0,6,9,9,6,5,8,1,1,1,4,2,10,8,6,0,0,9,10,4,3,8,10,5,1,5,5,8,1,0,3,5,10,3,7,10,2
n487,6,3,7,2,7,2,5,0,6,2,6,9,9,0,8,7,7,8,3,6,9,9,3,2,7,4,4,0,5,6,5,10,1,2,8,0,10,4,7,9,8,7,0,0,10,3,0,9,7,8,10,9,1,0,6,9,9,6,5,8,1,1,1,4,2,10,8,6,0,0,9,10,4,3,8,10,5,1,5,5,8,1,0,3,5,10,3,7,10,2
n490,2,3,0,2,7,0,5,0,0,2,6,9,9,0,8,7,7,0,3,6,9,9,3,2,7,4,4,0,5,6,6,10,1,2,8,9,10,4,7,9,8,7,5,0,10,3,0,9,7,8,10,9,1,5,6,9,1,6,5,8,1,1,1,4,2,10,8,6,0,3,9,10,4,3,8,10,5,1,5,5,8,1,0,3,5,10,3,7,10,0
n489,2,3,6,2,7,0,5,0,0,2,6,9,9,0,8,7,7,0,3,6,9,9,3,2,7,4,4,0,5,6,0,10,1,2,8,0,10,4,7,9,8,7,2,0,10,3,1,9,7,8,10,9,1,5,6,9,1,6,5,8,1,1,1,4,2,10,8,6,0,10,9,10,4,3,8,10,5,1,5,5,8,1,0,3,5,10,3,7,10,5
n494,2,3,0,2,0,0,5,0,8,2,4,9,9,7,8,7,7,0,3,6,9,9,3,2,7,4,4,0,5,6,3,0,1,2,8,0,10,4,7,9,8,7,0,0,10,3,7,9,7,5,10,9,1,0,6,9,1,6,5,8,7,1,1,4,2,10,8,6,0,0,9,10,4,3,8,10,5,1,5,7,0,1,4,3,5,10,3,7,10,0
n493,0,3,0,2,0,7,5,0,8,2,4,9,9,7,8,7,7,0,3,6,9,9,3,2,7,4,4,0,5,6,3,2,1,2,8,0,10,4,7,9,8,7,0,0,10,3,7,9,7,5,10,9,1,0,6,9,1,6,5,8,0,1,1,4,2,10,8,6,0,0,9,10,4,3,8,10,5,1,5,0,0,1,3,3,5,10,3,7,10,0
n496,3,3,0,2,0,0,5,0,0,2,4,9,9,7,8,7,7,0,3,6,9,9,3,2,7,4,4,0,5,6,0,0,1,2,8,0,10,4,7,9,8,7,0,0,10,3,7,9,7,0,10,9,1,0,6,9,1,6,5,8,0,1,1,4,2,10,8,6,0,0,9,10,4,3,8,10,5,1,5,0,0,1,4,3,5,10,3,7,10,0
n495,3,3,0,2,0,0,5,0,0,2,4,9,9,7,8,7,7,0,3,6,9,9,3,2,7,4,4,3,5,6,0,0,1,2,8,0,10,4,7,9,8,7,0,0,10,3,7,9,7,0,10,9,1,0,6,9,1,6,5,8,0,1,1,4,2,10,8,6,0,0,9,10,4,3,8,10,5,1,5,0,9,1,4,3,5,10,3,7,10,0
n502,8,3,0,2,5,4,5,3,0,2,0,9,9,0,8,7,7,10,3,6,9,8,3,2,4,4,4,3,5,6,10,6,1,2,8,0,10,4,7,9,8,7,0,1,10,3,0,9,7,0,10,9,0,3,6,9,10,6,5,8,2,1,1,4,2,10,8,6,0,0,9,5,4,3,8,10,5,1,5,1,0,1,0,3,5,5,3,7,10,0
n501,8,3,0,2,5,4,5,0,0,2,0,9,9,1,8,7,7,10,3,6,9,8,3,2,4,4,4,3,5,6,10,0,1,2,8,0,10,4,7,9,8,7,4,1,10,3,0,9,7,9,10,9,5,3,6,9,10,6,5,8,0,1,1,4,2,10,8,6,0,0,9,5,4,3,8,10,5,1,5,1,0,1,0,3,5,0,3,7,10,0
n504,8,3,0,2,5,0,5,0,6,2,4,9,9,0,8,7,7,10,3,6,9,8,3,2,0,4,4,8,5,6,0,0,1,2,8,0,10,4,7,9,8,7,10,1,10,3,0,9,7,0,10,9,10,3,6,9,10,6,5,8,6,1,1,4,2,10,8,6,0,10,9,0,4,3,8,10,5,1,5,1,0,1,0,3,5,0,3,7,10,8
n503,8,3,0,2,5,0,5,0,6,2,4,9,9,0,8,7,7,10,3,6,9,8,3,2,0,4,4,8,5,6,0,6,1,2,8,10,10,4,7,9,8,7,0,1,10,3,0,9,7,0,10,9,10,3,6,9,10,6,5,8,0,1,1,4,2,10,8,6,0,10,9,0,4,3,8,10,5,1,5,1,0,1,7,3,5,0,3,7,10,0
n508,8,3,0,2,5,0,5,0,0,2,10,9,9,0,8,7,7,10,3,6,9,8,3,2,0,4,4,0,5,6,0,3,1,2,8,10,10,4,7,9,8,7,0,2,10,3,3,9,7,0,10,9,0,3,6,9,10,6,5,8,4,1,1,4,2,10,8,6,7,4,9,0,4,3,8,10,5,1,5,1,0,1,0,3,5,5,3,7,10,0
n507,8,3,0,2,5,0,5,0,0,2,0,9,9,0,8,7,7,10,3,6,9,8,3,2,0,4,4,4,5,6,0,3,1,2,8,10,10,4,7,9,8,7,0,2,10,3,0,9,7,0,10,9,0,3,6,9,10,6,5,8,0,1,1,4,2,10,8,6,7,4,9,3,4,3,8,10,5,1,5,1,5,1,0,3,5,0,3,7,10,0
n510,8,3,2,2,5,0,5,0,2,2,0,9,9,0,8,7,7,10,3,6,9,8,3,2,10,4,4,8,5,6,10,3,1,2,8,10,10,4,7,9,8,7,9,2,10,3,0,9,7,0,10,9,0,3,6,9,10,6,5,8,9,1,1,4,2,10,8,6,7,4,9,0,4,3,8,10,5,1,5,1,0,1,8,3,5,0,3,7,10,2
n509,8,3,0,2,5,0,5,0,2,2,0,9,9,0,8,7,7,10,3,6,9,8,3,2,0,4,4,8,5,6,8,3,1,2,8,3,10,4,7,9,8,7,9,2,10,3,0,9,7,0,10,9,0,3,6,9,10,6,5,8,9,1,1,4,2,10,8,6,7,4,9,0,4,3,8,10,5,1,5,1,0,1,0,3,5,0,3,7,10,0
