cell,r1,r2,r3,r4,r5,r6,r7,r8,r9,r10,r11,r12,r13,r14,r15,r16,r17,r18,r19,r20,r21,r22,r23,r24,r25,r26,r27,r28,r29,r30,r31,r32,r33,r34,r35,r36,r37,r38,r39,r40,r41,r42,r43,r44,r45,r46,r47,r48,r49,r50
n16,2,3,0,1,8,4,0,7,2,7,1,2,5,1,0,1,4,0,9,2,2,5,7,5,4,0,2,5,4,4,0,3,0,0,5,10,6,8,10,9,0,0,5,2,3,3,2,9,7,2
n15,2,3,0,1,8,4,0,7,2,7,1,2,5,1,0,1,4,0,9,2,2,5,7,5,4,5,0,5,4,4,0,3,0,0,5,10,6,8,10,9,9,0,5,2,3,3,2,9,7,2
n18,2,3,0,1,8,4,0,7,2,7,7,2,5,1,0,1,4,0,9,2,2,5,7,5,4,8,3,5,4,4,0,3,0,0,5,10,0,0,10,9,2,10,5,2,3,3,2,9,7,2
n17,2,3,5,1,8,4,0,7,2,7,0,2,5,1,0,1,4,0,9,2,2,5,7,5,4,0,3,5,4,4,0,3,0,0,5,10,0,1,10,9,2,0,5,2,3,3,2,9,7,2
n22,2,3,0,1,8,4,0,7,2,7,0,2,0,1,0,1,4,2,9,2,10,5,7,5,4,0,0,5,4,4,4,0,0,9,8,10,4,6,10,9,0,0,5,2,3,3,2,9,7,2
n21,2,3,0,1,8,4,0,7,2,7,1,2,0,1,0,1,4,2,9,2,10,5,7,5,4,0,0,5,4,4,4,0,0,9,0,10,4,3,10,9,0,0,5,2,3,3,2,9,7,2
n24,2,3,1,1,8,4,10,7,2,7,7,2,0,1,0,1,4,0,9,2,0,5,7,5,4,10,8,5,4,4,4,0,5,9,0,10,4,0,10,9,0,0,5,2,3,3,2,9,7,2
n23,2,3,0,1,8,4,5,7,2,7,7,2,10,1,0,1,4,0,9,2,0,5,7,5,4,9,8,5,4,4,4,0,5,9,0,10,4,0,10,9,0,0,5,2,3,3,2,9,7,2
n30,2,3,0,1,8,4,0,7,2,7,0,2,3,1,9,1,4,0,9,0,5,0,7,0,4,3,10,5,4,4,0,0,0,4,9,10,10,4,10,7,0,0,5,2,3,3,2,9,7,2
n29,2,3,7,1,8,4,0,7,2,7,0,2,3,1,9,1,4,0,9,0,5,0,7,0,4,3,10,5,4,4,0,0,0,4,0,10,10,4,10,7,0,0,5,2,3,3,2,9,7,2
n32,2,3,1,1,8,4,4,7,2,7,0,2,0,1,9,1,4,9,9,0,5,0,7,0,4,3,10,5,4,4,0,0,8,4,4,10,10,4,10,0,8,7,5,2,3,3,2,9,7,2
n31,2,3,1,1,8,4,4,7,2,7,9,2,0,1,9,1,4,9,9,0,5,0,7,0,4,3,10,5,4,4,0,4,8,4,0,10,10,4,10,0,0,0,5,2,3,3,2,9,7,2
n36,2,3,0,1,8,4,0,7,2,7,2,2,5,1,9,1,4,7,9,0,5,0,7,0,4,3,10,5,4,4,9,0,10,4,1,10,6,0,10,2,6,7,5,2,3,3,2,9,7,2
n35,2,3,0,1,8,4,0,7,2,7,2,2,5,1,9,1,4,7,9,0,5,0,7,0,4,3,10,5,4,4,9,6,0,4,1,10,0,0,10,0,0,7,5,2,3,3,2,9,7,2
n38,2,3,4,1,8,4,0,7,2,7,0,2,5,1,9,1,4,7,9,0,5,4,7,0,4,3,10,5,4,4,9,0,8,4,0,10,10,1,10,0,0,7,5,2,3,3,2,9,7,2
n37,2,3,4,1,8,4,4,7,2,7,0,2,5,1,9,1,4,7,9,0,5,4,7,8,4,3,10,5,4,4,9,0,8,4,0,10,0,0,10,8,5,7,5,2,3,3,2,9,7,2
n46,2,3,7,1,8,4,1,7,2,7,0,2,10,1,8,1,4,0,9,0,10,6,7,5,4,0,0,5,4,3,3,10,2,0,4,0,4,7,10,9,5,4,5,0,3,3,10,9,0,2
n45,2,3,7,1,8,4,1,7,2,7,1,2,10,1,8,1,4,0,9,0,10,6,7,0,4,0,0,5,4,3,3,10,2,0,0,0,4,7,10,9,5,4,5,0,3,3,10,9,3,2
n48,2,3,7,1,8,4,1,7,2,7,0,2,10,1,8,1,4,0,9,0,10,6,7,0,4,0,8,5,4,3,3,10,2,0,0,4,4,7,10,9,5,4,5,0,3,3,10,9,9,2
n47,2,3,7,1,8,4,1,7,2,7,0,2,10,1,8,1,4,0,9,0,10,6,7,0,4,4,8,5,4,3,3,10,2,0,0,10,4,7,10,9,5,4,5,0,3,3,10,9,9,2
n52,2,3,7,1,8,4,0,7,2,7,4,2,10,1,8,1,4,7,9,0,10,6,7,3,4,0,0,5,4,0,3,10,2,5,0,0,0,7,10,9,5,4,5,0,3,3,10,9,0,2
n51,2,3,7,1,8,4,0,7,2,7,0,2,10,1,8,1,4,7,9,0,10,6,7,3,4,0,0,5,4,0,3,10,2,5,5,0,0,7,10,9,5,4,5,0,3,3,10,9,0,2
n54,2,3,7,1,8,4,7,7,2,7,0,2,10,1,8,1,4,7,9,0,10,6,7,3,4,7,0,5,4,0,3,10,2,8,0,0,0,7,10,9,5,4,5,0,3,3,10,9,4,2
n53,2,3,7,1,8,4,0,7,2,7,0,2,10,1,8,1,4,7,9,9,10,6,7,3,4,7,0,5,4,0,3,10,2,8,2,0,0,7,10,9,5,4,5,0,3,3,10,9,0,2
n60,2,3,7,1,8,4,5,7,2,7,2,2,10,1,8,1,4,0,9,0,2,6,7,0,4,0,0,5,4,5,0,10,8,0,0,2,2,7,10,9,5,4,5,3,3,3,0,9,0,2
n59,2,3,7,1,8,4,5,7,2,7,2,2,10,1,8,1,4,0,9,0,2,6,7,0,4,0,0,5,4,0,0,10,8,0,10,2,2,7,10,9,5,4,5,0,3,3,0,9,0,2
n62,2,3,7,1,8,4,5,7,2,7,0,2,10,1,8,1,4,0,9,0,0,6,7,5,4,3,0,5,4,5,0,10,8,0,0,9,2,7,10,9,5,4,5,0,3,3,0,9,8,2
n61,2,3,7,1,8,4,5,7,2,7,0,2,10,1,8,1,4,0,9,0,0,6,7,0,4,0,0,5,4,5,0,10,8,9,0,0,2,7,10,9,5,4,5,0,3,3,0,9,0,2
n66,2,3,7,1,8,4,5,7,2,7,0,2,10,1,8,1,4,10,9,6,10,6,7,0,4,3,9,5,4,0,4,10,8,0,0,5,0,7,10,9,5,4,5,0,3,3,0,9,7,2
n65,2,3,7,1,8,4,5,7,2,7,5,2,10,1,8,1,4,10,9,6,10,6,7,2,4,3,9,5,4,0,0,10,8,0,0,5,0,7,10,9,5,4,5,0,3,3,6,9,2,2
n68,2,3,7,1,8,4,5,7,2,7,0,2,10,1,8,1,4,10,9,0,0,6,7,5,4,3,9,5,4,0,0,10,8,10,0,5,0,7,10,9,5,4,5,0,3,3,0,9,0,2
n67,2,3,7,1,8,4,5,7,2,7,0,2,10,1,8,1,4,10,9,0,0,6,7,0,4,3,9,5,4,0,5,10,8,0,0,5,0,7,10,9,5,4,5,0,3,3,4,9,0,2
n78,2,3,4,1,8,4,9,7,2,7,1,2,10,1,6,1,4,2,9,5,3,1,7,5,4,2,10,5,4,0,0,0,1,0,6,8,0,0,10,0,0,8,5,3,3,3,0,9,3,7
n77,2,3,4,1,8,4,9,7,2,7,1,2,10,1,6,1,4,2,9,0,3,1,7,5,4,2,10,5,4,0,0,9,1,0,6,8,6,0,10,0,2,8,5,3,3,3,0,9,3,7
n80,2,3,4,1,8,4,9,7,2,7,1,2,10,1,6,1,4,2,9,3,0,0,7,1,4,2,10,5,4,10,0,0,1,0,6,8,6,0,10,0,0,8,5,3,3,3,0,9,3,7
n79,2,3,4,1,8,4,9,7,2,7,1,2,10,1,6,1,4,2,9,3,0,0,7,8,4,2,10,5,4,0,0,0,1,0,6,8,6,2,10,0,0,8,5,3,3,3,0,9,3,7
n84,2,3,4,1,8,4,9,7,2,7,1,2,0,1,6,1,4,7,9,3,8,0,7,0,4,2,10,5,4,4,5,4,0,10,6,8,0,9,10,0,0,4,5,3,3,3,6,9,3,7
n83,2,3,4,1,8,4,9,7,2,7,1,2,6,1,6,1,4,7,9,3,8,0,7,0,4,2,10,5,4,4,0,4,0,10,6,8,0,0,10,0,0,4,5,3,3,3,0,9,3,7
n86,2,3,4,1,8,4,9,7,2,7,1,2,4,1,6,1,4,7,9,3,8,0,7,8,4,2,10,5,4,4,6,4,2,10,6,8,5,0,10,0,0,0,5,3,3,3,0,9,3,7
n85,2,3,4,1,8,4,9,7,2,7,1,2,0,1,6,1,4,7,9,3,8,0,7,0,4,2,10,5,4,4,6,4,0,10,6,8,0,0,10,1,0,0,5,3,3,3,0,9,3,7
n92,2,3,4,1,8,4,0,7,2,7,1,2,6,1,6,1,4,0,9,0,0,0,7,8,4,2,10,5,4,7,1,10,0,1,6,8,0,0,10,3,2,3,5,6,3,3,10,9,0,7
n91,2,3,4,1,8,4,0,7,2,7,1,2,6,1,6,1,4,0,9,5,0,4,7,0,4,2,10,5,4,7,1,10,2,1,6,8,0,0,10,3,2,3,5,6,3,3,10,9,4,7
n94,2,3,4,1,8,4,0,7,2,7,1,2,6,1,6,1,4,0,9,0,2,0,7,0,4,2,10,5,4,0,1,10,0,1,6,8,0,6,10,3,0,3,5,6,3,3,10,9,0,7
n93,2,3,4,1,8,4,0,7,2,7,1,2,6,1,6,1,4,0,9,7,2,0,7,0,4,2,10,5,4,0,1,10,0,1,6,8,0,6,10,3,0,3,5,6,3,3,10,9,0,7
n98,2,3,4,1,8,4,0,7,2,7,1,2,7,1,6,1,4,1,9,0,0,0,7,0,4,2,10,5,4,7,0,10,10,1,6,8,4,1,10,3,9,3,5,0,3,3,10,9,9,7
n97,2,3,4,1,8,4,0,7,2,7,1,2,7,1,6,1,4,1,9,0,0,0,7,0,4,2,10,5,4,7,0,10,10,1,6,8,4,1,10,3,9,3,5,0,3,3,10,9,9,7
n100,2,3,4,1,8,4,0,7,2,7,1,2,7,1,6,1,4,0,9,0,0,1,7,9,4,2,10,5,4,7,6,10,10,1,6,8,0,0,10,3,9,3,5,0,3,3,0,9,0,7
n99,2,3,4,1,8,4,0,7,2,7,1,2,7,1,6,1,4,0,9,0,0,1,7,2,4,2,10,5,4,7,6,10,10,1,6,8,0,0,10,3,9,3,5,1,3,3,0,9,0,7
n108,2,3,2,1,8,4,0,7,2,7,1,2,0,1,0,1,4,2,9,4,0,0,7,4,4,2,4,5,4,6,4,10,0,0,6,0,2,0,10,4,2,0,5,0,3,3,1,9,0,7
n107,2,3,2,1,8,4,0,7,2,7,1,2,0,1,0,1,4,0,9,4,0,0,7,4,4,2,4,5,4,6,4,10,0,3,6,0,2,0,10,4,0,0,5,0,3,3,1,9,0,7
n110,2,3,0,1,8,4,0,7,2,7,1,2,0,1,0,1,4,0,9,4,0,0,7,4,4,2,4,5,4,6,4,10,0,0,6,0,2,0,10,4,0,0,5,0,3,3,1,9,0,0
n109,2,3,0,1,8,4,7,7,2,7,1,2,0,1,0,1,4,0,9,4,0,0,7,4,4,2,4,5,4,6,4,10,0,0,6,0,2,0,10,4,0,0,5,0,3,3,1,9,7,0
n114,2,3,7,1,8,4,9,7,2,7,1,2,4,1,0,1,4,0,9,4,5,5,7,4,4,2,4,5,4,6,4,0,6,0,6,0,2,9,10,4,0,2,5,0,3,3,1,9,0,0
n113,2,3,7,1,8,4,9,7,2,7,1,2,4,1,7,1,4,0,9,4,5,5,7,4,4,2,4,5,4,6,4,0,6,0,6,0,2,9,10,4,8,0,5,0,3,3,1,9,5,0
n116,2,3,7,1,8,4,9,7,2,7,1,2,4,1,0,1,4,0,9,4,0,5,7,0,4,2,4,5,4,6,4,6,6,0,6,0,2,9,10,4,0,0,5,0,3,3,1,9,0,9
n115,2,3,7,1,8,4,9,7,2,7,1,2,4,1,0,1,4,0,9,4,0,5,7,0,4,2,4,5,4,6,4,6,6,0,6,0,2,9,10,4,0,0,5,2,3,3,1,9,0,0
n122,2,3,10,1,8,4,0,7,2,7,1,2,6,1,6,1,4,0,9,4,0,0,7,0,4,2,4,5,4,6,0,7,0,0,6,6,2,0,10,4,8,0,5,8,3,3,1,9,7,0
n121,2,3,10,1,8,4,9,7,2,7,1,2,6,1,6,1,4,0,9,4,1,7,7,0,4,2,4,5,4,6,0,7,0,0,6,6,2,0,10,4,7,0,5,8,3,3,1,9,7,0
n124,2,3,0,1,8,4,0,7,2,7,1,2,6,1,0,1,4,0,9,4,0,1,7,2,4,2,4,5,4,6,0,7,0,0,6,6,2,0,10,4,3,0,5,8,3,3,1,9,7,0
n123,2,3,0,1,8,4,0,7,2,7,1,2,6,1,3,1,4,0,9,4,5,1,7,2,4,2,4,5,4,6,4,7,4,2,6,6,2,0,10,4,3,1,5,8,3,3,1,9,7,0
n128,2,3,0,1,8,4,0,7,2,7,1,2,0,1,1,1,4,6,9,4,0,0,7,0,4,2,4,5,4,6,0,7,8,5,6,6,2,0,10,4,0,2,5,1,3,3,1,9,6,2
n127,2,3,0,1,8,4,0,7,2,7,1,2,4,1,1,1,4,0,9,4,3,0,7,0,4,2,4,5,4,6,0,7,8,5,6,6,2,0,10,4,0,2,5,1,3,3,1,9,6,2
n130,2,3,0,1,8,4,0,7,2,7,1,2,6,1,1,1,4,0,9,4,5,0,7,0,4,2,4,5,4,6,0,7,0,5,6,6,2,0,10,4,0,2,5,1,3,3,1,9,6,7
n129,2,3,0,1,8,4,9,7,2,7,1,2,6,1,1,1,4,0,9,4,5,0,7,0,4,2,4,5,4,6,0,7,0,5,6,6,2,0,10,4,0,2,5,1,3,3,1,9,6,0
n142,2,2,1,1,8,3,3,3,2,7,0,2,3,3,7,2,4,6,9,5,3,5,6,4,4,6,5,5,4,7,2,3,10,7,4,4,0,6,10,0,8,10,5,9,3,3,0,9,9,10
n141,2,2,1,1,8,3,5,3,2,7,0,2,3,3,0,2,4,6,9,5,3,5,6,4,4,6,5,5,4,7,2,3,10,7,4,4,0,6,10,0,8,10,5,9,3,3,0,9,9,10
n144,2,2,1,1,8,3,8,3,2,7,3,2,3,3,0,2,4,6,9,5,3,5,6,0,4,6,5,5,4,7,2,3,10,7,4,4,0,6,10,0,8,10,5,9,3,3,0,9,9,10
n143,2,2,1,1,8,3,0,3,2,7,3,2,0,3,0,2,4,6,9,5,3,5,6,0,4,6,5,5,4,7,2,3,10,7,4,4,0,6,10,0,8,10,5,9,3,3,0,9,9,10
n148,2,2,1,1,8,3,0,3,2,7,5,2,0,3,5,2,4,6,9,5,3,9,4,0,4,6,5,5,4,7,2,3,10,7,4,4,0,0,10,0,8,10,5,9,3,3,3,9,9,10
n147,2,2,1,1,8,3,0,3,2,7,5,2,0,3,0,2,4,6,9,5,3,9,0,10,4,6,5,5,4,7,2,3,10,7,4,4,0,0,10,9,8,10,5,9,3,3,0,9,9,10
n150,2,2,1,1,8,3,0,3,2,7,1,2,0,3,0,2,4,6,9,5,3,9,8,0,4,6,5,5,4,7,2,3,10,7,4,4,5,7,10,0,8,10,5,9,3,3,0,9,9,10
n149,2,2,1,1,8,3,0,3,2,7,1,2,0,3,0,2,4,6,9,5,3,9,0,0,4,6,5,5,4,7,2,3,10,7,4,4,0,7,10,0,8,10,5,9,3,3,0,9,9,10
n156,2,2,0,1,8,3,0,3,2,7,0,2,0,1,4,2,4,6,9,5,3,9,0,6,4,6,5,5,4,8,2,3,10,7,4,4,0,0,10,3,0,10,5,9,3,3,5,9,5,10
n155,2,2,1,1,8,3,0,3,2,7,0,2,3,1,4,2,4,6,9,5,3,0,0,6,4,6,5,5,4,8,2,3,10,7,4,4,1,0,10,3,0,10,5,9,3,3,5,9,5,10
n158,2,2,5,1,8,3,0,3,2,7,0,2,0,1,4,2,4,6,9,5,3,0,0,2,4,6,5,5,4,0,2,3,10,7,4,4,0,0,10,3,0,10,5,9,3,3,5,9,5,10
n157,2,2,5,1,8,3,8,3,2,7,0,2,0,1,4,2,4,6,9,5,3,0,0,6,4,6,5,5,4,0,2,3,10,7,4,4,0,0,10,3,0,10,5,9,3,3,5,9,5,10
n162,2,2,7,1,8,3,2,3,2,7,2,2,0,1,1,2,4,6,9,5,3,0,4,0,4,6,5,5,4,0,2,3,10,7,0,4,0,3,10,3,1,10,5,9,3,3,5,9,0,10
n161,2,2,0,1,8,3,2,3,2,7,2,2,0,1,1,2,4,6,9,5,3,0,0,0,4,6,5,5,4,0,2,3,10,7,0,4,0,3,10,3,1,10,5,9,3,3,5,9,0,10
n164,2,2,0,1,8,3,10,3,2,7,2,2,0,0,1,2,4,6,9,5,3,8,0,0,4,6,5,5,4,0,2,3,10,7,10,4,0,3,10,3,0,10,5,9,3,3,5,9,5,10
n163,2,2,0,1,8,3,7,3,2,7,2,2,4,0,1,2,4,6,9,5,3,8,0,0,4,6,5,5,4,9,2,3,10,7,10,4,8,3,10,3,0,10,5,9,3,3,5,9,5,10
n172,2,2,0,1,8,3,4,3,2,7,0,2,1,0,0,2,4,8,9,5,3,6,3,9,4,6,5,5,4,2,2,3,10,7,5,4,0,5,10,10,0,10,5,9,3,3,0,9,7,10
n171,2,2,0,1,8,3,4,3,2,7,0,2,1,0,0,2,4,8,9,5,3,6,3,9,4,6,5,5,4,2,2,3,10,7,5,4,0,5,10,10,0,10,5,9,3,3,0,9,7,10
n174,2,2,2,1,8,3,10,3,2,7,4,2,1,0,0,2,4,8,9,5,3,6,3,0,4,6,5,5,4,2,2,3,10,7,5,4,0,5,10,10,0,10,5,9,3,3,0,9,7,10
n173,2,2,2,1,8,3,0,3,2,7,0,2,1,0,0,2,4,8,9,5,3,6,3,0,4,6,5,5,4,2,2,3,10,7,5,4,0,5,10,10,5,10,5,9,3,3,2,9,7,10
n178,2,2,0,1,8,3,0,3,2,7,0,2,1,4,10,2,4,0,9,5,3,0,3,0,4,6,5,5,4,0,2,3,10,7,5,4,0,0,10,0,0,10,5,9,3,3,0,9,0,10
n177,2,2,0,1,8,3,0,3,2,7,0,2,1,4,0,2,4,3,9,5,3,0,3,0,4,6,5,5,4,0,2,3,10,7,5,4,0,5,10,0,0,10,5,9,3,3,0,9,0,10
n180,2,2,0,1,8,3,0,3,2,7,0,2,1,0,0,2,4,0,9,5,3,4,3,0,4,6,5,5,4,0,2,3,10,7,5,4,0,7,10,0,5,10,5,9,3,3,0,9,0,10
n179,2,2,0,1,8,3,10,3,2,7,0,2,1,0,0,2,4,0,9,5,3,4,3,0,4,6,5,5,4,0,2,3,10,7,5,4,0,7,10,0,0,10,5,9,3,3,0,9,3,10
n186,2,2,0,1,8,3,7,3,2,7,2,2,1,0,0,2,4,0,9,5,3,0,3,0,4,6,5,5,4,9,2,3,10,7,0,4,1,8,10,0,0,10,5,9,3,3,9,9,0,10
n185,2,2,2,1,8,3,0,3,2,7,2,2,1,0,0,2,4,2,9,5,3,8,3,0,4,6,5,5,4,9,2,3,10,7,0,4,1,8,10,0,0,10,5,9,3,3,9,9,0,10
n188,2,2,0,1,8,3,0,3,2,7,2,2,1,0,0,2,4,7,9,5,3,0,3,0,4,6,5,5,4,9,2,3,10,7,3,4,1,8,10,0,0,10,5,9,3,3,9,9,8,10
n187,2,2,1,1,8,3,5,3,2,7,2,2,1,0,4,2,4,7,9,5,3,0,3,6,4,6,5,5,4,9,2,3,10,7,0,4,1,8,10,0,0,10,5,9,3,3,9,9,0,10
n192,2,2,8,1,8,3,10,3,2,7,0,2,1,9,0,2,4,2,9,5,3,3,3,7,4,6,5,5,4,9,2,3,10,7,0,4,0,8,10,0,0,10,5,9,3,3,0,9,0,10
n191,2,2,8,1,8,3,10,3,2,7,0,2,1,9,0,2,4,2,9,5,3,0,3,7,4,6,5,5,4,9,2,3,10,7,0,4,0,8,10,0,0,10,5,9,3,3,0,9,0,10
n194,2,2,9,1,8,3,10,3,2,7,8,2,1,9,0,2,4,0,9,5,3,0,3,7,4,6,5,5,4,9,2,3,10,7,0,4,4,8,10,0,0,10,5,9,3,3,0,9,0,10
n193,2,2,0,1,8,3,10,3,2,7,0,2,1,9,0,2,4,0,9,5,3,0,3,7,4,6,5,5,4,9,2,3,10,7,0,4,4,8,10,0,0,10,5,9,3,3,0,9,0,10
n204,2,2,3,1,8,3,9,0,2,7,2,2,0,2,3,2,4,0,9,10,3,8,5,0,4,6,1,5,4,4,3,5,10,7,1,4,3,0,10,2,0,10,5,1,3,3,6,9,1,10
n203,2,2,3,1,8,3,9,6,2,7,2,2,0,2,3,2,4,0,9,10,3,8,5,0,4,6,1,5,4,4,3,5,10,7,1,4,3,0,10,2,0,10,5,0,3,3,6,9,1,10
n206,2,2,3,1,8,3,9,0,2,7,2,2,1,2,3,2,4,0,9,10,3,8,0,0,4,6,1,5,4,4,3,5,10,7,1,4,3,7,10,2,6,10,5,0,3,3,6,9,1,10
n205,2,2,3,1,8,3,9,0,2,7,2,2,0,2,3,2,4,0,9,10,3,8,8,0,4,6,1,5,4,4,3,5,10,7,1,4,3,0,10,2,0,10,5,0,3,3,6,9,1,10
n210,2,2,9,1,8,3,9,0,2,7,2,2,9,0,3,2,4,0,9,10,3,0,1,0,4,6,1,5,4,4,3,5,10,7,1,4,3,6,10,2,2,10,5,0,3,3,6,9,1,10
n209,2,2,9,1,8,3,9,0,2,7,2,2,9,7,3,2,4,0,9,10,3,0,0,0,4,6,1,5,4,4,3,5,10,7,1,4,3,6,10,2,2,10,5,0,3,3,6,9,1,10
n212,2,2,9,1,8,3,9,7,2,7,2,2,0,0,3,2,4,0,9,10,3,0,8,4,4,6,1,5,4,4,3,5,10,7,1,4,3,6,10,2,2,10,5,0,3,3,6,9,1,10
n211,2,2,9,1,8,3,9,0,2,7,2,2,0,0,3,2,4,0,9,10,3,0,8,3,4,6,1,5,4,4,3,5,10,7,1,4,3,6,10,2,2,10,5,0,3,3,6,9,1,10
n218,2,2,10,1,8,3,9,1,2,7,2,2,1,2,3,2,4,0,9,10,3,4,5,0,4,6,1,5,4,4,3,0,10,7,1,4,3,8,10,2,0,10,5,0,3,3,7,9,1,10
n217,2,2,10,1,8,3,9,0,2,7,2,2,0,2,3,2,4,0,9,10,3,4,5,6,4,6,1,5,4,4,3,9,10,7,1,4,3,8,10,2,0,10,5,0,3,3,0,9,1,10
n220,2,2,10,1,8,3,9,7,2,7,2,2,0,2,3,2,4,0,9,10,3,0,5,2,4,6,1,5,4,4,3,0,10,7,1,4,3,8,10,2,9,10,5,0,3,3,0,9,1,10
n219,2,2,10,1,8,3,9,7,2,7,2,2,0,2,3,2,4,0,9,10,3,0,5,2,4,6,1,5,4,4,3,0,10,7,1,4,3,8,10,2,9,10,5,0,3,3,3,9,1,10
n224,2,2,0,1,8,3,9,0,2,7,2,2,5,2,3,2,4,8,9,10,3,2,0,3,4,6,1,5,4,4,3,1,10,7,1,4,3,8,10,2,0,10,5,0,3,3,0,9,1,10
n223,2,2,0,1,8,3,9,0,2,7,2,2,0,2,3,2,4,8,9,10,3,2,0,0,4,6,1,5,4,4,3,0,10,7,1,4,3,8,10,2,4,10,5,0,3,3,5,9,1,10
n226,2,2,0,1,8,3,9,0,2,7,2,2,0,2,3,2,4,8,9,10,3,1,0,0,4,6,1,5,4,4,3,0,10,7,1,4,3,8,10,2,0,10,5,4,3,3,2,9,1,10
n225,2,2,0,1,8,3,9,0,2,7,2,2,9,2,3,2,4,8,9,10,3,1,3,6,4,6,1,5,4,4,3,0,10,7,1,4,3,8,10,2,0,10,5,4,3,3,2,9,1,10
n234,2,2,8,1,8,3,0,3,2,7,2,2,0,1,5,2,4,2,9,10,3,0,3,0,4,6,1,5,4,4,3,2,10,7,2,4,3,0,10,2,0,10,5,0,3,3,0,9,9,10
n233,2,2,8,1,8,3,0,3,2,7,2,2,4,1,5,2,4,2,9,10,3,4,3,4,4,6,1,5,4,4,3,2,10,7,2,4,3,0,10,2,4,10,5,0,3,3,0,9,9,10
n236,2,2,8,1,8,3,8,3,2,7,2,2,0,1,5,2,4,2,9,10,3,0,3,0,4,6,1,5,4,4,3,2,10,7,0,4,3,0,10,2,0,10,5,0,3,3,7,9,9,10
n235,2,2,8,1,8,3,0,3,2,7,2,2,0,1,5,2,4,2,9,10,3,0,3,0,4,6,1,5,4,4,3,2,10,7,0,4,3,0,10,2,4,10,5,0,3,3,7,9,9,10
n240,2,2,8,1,8,3,0,3,2,7,2,2,10,1,0,2,4,1,9,10,3,0,9,8,4,6,1,5,4,4,3,1,10,7,0,4,3,7,10,2,7,10,5,8,3,3,0,9,9,10
n239,2,2,8,1,8,3,0,3,2,7,2,2,0,1,0,2,4,1,9,10,3,0,9,0,4,6,1,5,4,4,3,1,10,7,0,4,3,0,10,2,7,10,5,8,3,3,5,9,9,10
n242,2,2,8,1,8,3,0,3,2,7,2,2,0,1,0,2,4,1,9,10,3,0,9,0,4,6,1,5,4,4,3,0,10,7,0,4,3,0,10,2,7,10,5,0,3,3,2,9,9,10
n241,2,2,8,1,8,3,0,3,2,7,2,2,0,1,0,2,4,1,9,10,3,0,9,0,4,6,1,5,4,4,3,0,10,7,0,4,3,0,10,2,7,10,5,0,3,3,0,9,9,10
n248,2,2,7,1,8,3,7,3,2,7,2,2,0,2,0,2,4,0,9,10,3,0,0,1,4,6,1,5,4,4,3,0,10,7,2,4,3,10,10,2,4,10,5,8,3,3,4,9,9,10
n247,2,2,7,1,8,3,7,3,2,7,2,2,0,2,0,2,4,0,9,10,3,0,0,1,4,6,1,5,4,4,3,0,10,7,2,4,3,10,10,2,4,10,5,8,3,3,0,9,9,10
n250,2,2,7,1,8,3,7,3,2,7,2,2,0,0,7,2,4,0,9,10,3,0,2,1,4,6,1,5,4,4,3,3,10,7,2,4,3,10,10,2,0,10,5,8,3,3,0,9,9,10
n249,2,2,7,1,8,3,7,3,2,7,2,2,0,0,7,2,4,0,9,10,3,0,0,1,4,6,1,5,4,4,3,3,10,7,2,4,3,10,10,2,3,10,5,8,3,3,0,9,9,10
n254,2,2,0,1,8,3,7,3,2,7,2,2,5,5,0,2,4,5,9,10,3,8,9,1,4,6,1,5,4,4,3,0,10,7,5,4,3,10,10,2,0,10,5,8,3,3,0,9,9,10
n253,2,2,0,1,8,3,7,3,2,7,2,2,5,5,2,2,4,5,9,10,3,7,9,1,4,6,1,5,4,4,3,0,10,7,5,4,3,10,10,2,0,10,5,8,3,3,0,9,9,10
n256,2,2,0,1,8,3,7,3,2,7,2,2,5,5,0,2,4,0,9,10,3,0,9,1,4,6,1,5,4,4,3,0,10,7,5,4,3,10,10,2,0,10,5,8,3,3,0,9,9,10
n255,2,2,5,1,8,3,7,3,2,7,2,2,5,5,0,2,4,1,9,10,3,0,9,1,4,6,1,5,4,4,3,0,10,7,5,4,3,10,10,2,0,10,5,8,3,3,0,9,9,10
n270,2,10,0,0,6,3,5,0,2,1,3,2,7,1,9,6,0,3,5,0,2,9,1,10,4,6,10,5,2,6,4,10,2,6,0,4,5,2,2,9,2,6,5,8,3,3,3,9,8,1
n269,2,10,0,0,6,3,5,0,2,1,3,2,7,1,9,6,0,3,5,0,2,9,1,10,4,6,10,5,2,6,4,7,2,6,0,4,5,2,2,9,2,6,5,8,3,3,3,9,8,1
n272,2,10,0,0,6,3,5,0,2,1,3,2,7,1,9,6,0,3,5,0,2,9,1,10,4,6,10,5,2,6,4,0,0,6,5,4,5,2,2,1,2,6,5,8,3,3,3,9,8,1
n271,2,10,0,0,6,3,5,0,2,1,3,2,7,1,9,6,0,3,5,0,2,9,1,10,4,6,10,5,2,6,4,1,0,6,5,4,5,2,2,1,2,6,5,8,3,3,3,9,8,1
n276,1,10,0,4,8,3,5,0,2,1,0,2,7,1,9,6,0,3,1,0,2,9,1,10,4,6,10,5,2,6,4,0,4,6,0,4,5,2,2,5,2,6,5,8,3,3,3,9,8,0
n275,1,10,0,0,8,3,5,10,2,1,0,2,7,1,9,6,0,3,1,10,2,9,1,10,4,6,10,5,2,6,4,0,4,6,0,4,5,2,2,5,2,6,5,8,3,3,3,9,8,0
n278,1,10,0,0,0,3,5,0,2,1,0,2,7,1,9,6,3,3,1,0,2,9,1,10,4,6,10,5,2,6,4,0,10,6,1,4,5,2,2,5,2,6,5,8,3,3,3,9,8,7
n277,1,10,0,0,7,3,5,9,2,1,3,2,7,1,9,6,3,3,1,0,2,9,1,10,4,6,10,5,2,6,4,0,0,6,1,4,5,2,2,5,2,6,5,8,3,3,3,9,8,7
n284,0,10,0,7,0,0,5,0,2,7,9,2,7,1,9,6,0,3,0,2,2,9,1,0,4,6,10,5,2,6,4,9,0,5,0,4,5,2,4,0,2,6,5,8,3,3,3,9,8,7
n283,0,10,0,7,7,0,5,0,2,7,9,2,7,1,9,6,0,3,0,2,2,9,1,0,4,6,10,5,2,6,4,9,2,8,0,4,5,2,4,6,2,6,5,8,3,3,3,9,8,0
n286,0,10,0,7,0,9,5,0,2,2,9,2,7,1,9,6,0,3,3,2,2,9,1,1,4,6,10,5,2,6,4,9,10,10,0,4,5,2,4,0,2,6,5,8,3,3,3,9,8,0
n285,0,10,0,7,8,3,5,0,2,2,9,2,7,1,9,6,0,3,3,2,2,9,1,1,4,6,10,5,2,6,4,9,0,0,0,4,5,2,4,5,2,6,5,8,3,3,3,9,8,0
n290,1,10,0,0,2,0,5,10,2,0,2,2,7,1,9,6,0,3,0,2,2,9,1,3,4,6,10,5,2,6,4,1,0,6,8,4,5,2,4,0,2,6,5,8,3,3,3,9,8,0
n289,0,10,0,5,3,0,5,10,2,2,2,2,7,1,9,6,0,3,0,2,2,9,1,3,4,6,10,5,2,6,4,5,0,0,8,4,5,2,4,1,2,6,5,8,3,3,3,9,8,0
n292,0,10,0,0,7,0,5,10,2,1,0,2,7,1,9,6,10,3,0,2,2,9,1,3,4,6,10,5,2,6,4,0,0,0,8,4,5,2,4,5,2,6,5,8,3,3,3,9,8,0
n291,0,10,0,6,7,0,5,10,2,0,0,2,7,1,9,6,0,3,0,2,2,9,1,3,4,6,10,5,2,6,4,5,0,0,8,4,5,2,4,0,2,6,5,8,3,3,3,9,8,6
n300,6,10,0,3,0,0,5,3,2,5,0,2,7,1,9,6,7,3,4,8,2,9,2,0,4,6,10,5,2,6,0,5,0,0,3,4,5,2,1,3,2,6,5,8,3,3,3,9,8,7
n299,0,10,0,3,0,10,5,3,2,0,0,2,7,1,9,6,7,3,4,8,2,9,2,6,4,6,10,5,2,6,0,5,0,9,3,4,5,2,1,3,2,6,5,8,3,3,3,9,8,7
n302,5,10,0,3,0,0,5,3,2,9,9,2,7,1,9,6,0,3,0,8,2,9,0,5,4,6,10,5,2,6,0,5,0,0,3,4,5,2,1,3,2,6,5,8,3,3,3,9,8,7
n301,5,10,1,3,0,0,5,3,2,9,0,2,7,1,9,6,0,3,0,8,2,9,0,0,4,6,10,5,2,6,0,5,0,0,3,4,5,2,1,3,2,6,5,8,3,3,3,9,8,7
n306,0,10,3,3,8,8,5,0,2,10,0,2,7,1,9,6,0,3,0,8,2,9,0,2,4,6,10,5,2,6,1,5,7,0,0,4,5,2,1,3,2,6,5,8,3,3,3,9,8,7
n305,0,10,3,3,8,8,5,0,2,2,0,2,7,1,9,6,0,3,0,8,2,9,0,0,4,6,10,5,2,6,1,5,0,0,0,4,5,2,1,3,2,6,5,8,3,3,3,9,8,7
n308,4,10,3,3,0,8,5,0,2,5,0,2,7,1,9,6,5,3,7,8,2,9,0,0,4,6,10,5,2,6,1,5,0,0,0,4,5,2,1,3,2,6,5,8,3,3,3,9,8,7
n307,0,10,3,3,0,8,5,0,2,0,0,2,7,1,9,6,3,3,0,8,2,9,0,0,4,6,10,5,2,6,1,5,0,0,6,4,5,2,1,3,2,6,5,8,3,3,3,9,8,7
n314,8,10,0,3,4,4,5,10,2,5,3,2,7,1,9,6,3,3,6,3,2,9,4,1,4,6,10,5,2,6,0,7,0,0,1,4,5,2,1,3,2,6,5,8,3,3,3,9,8,7
n313,8,10,0,3,0,5,5,10,2,5,3,2,7,1,9,6,3,3,6,3,2,9,4,1,4,6,10,5,2,6,0,7,0,0,1,4,5,2,1,3,2,6,5,8,3,3,3,9,8,7
n316,8,10,9,3,0,0,5,10,2,0,3,2,7,1,9,6,3,3,6,3,2,9,4,1,4,6,10,5,2,6,0,7,5,0,1,4,5,2,1,3,2,6,5,8,3,3,3,9,8,7
n315,8,10,9,3,4,0,5,10,2,0,3,2,7,1,9,6,3,3,6,3,2,9,4,1,4,6,10,5,2,6,0,7,5,0,1,4,5,2,1,3,2,6,5,8,3,3,3,9,8,7
n320,0,10,2,3,9,0,5,10,2,1,3,2,7,1,9,6,0,3,6,2,2,9,4,0,4,6,10,5,2,6,4,7,10,0,0,4,5,2,1,3,2,6,5,8,3,3,3,9,8,7
n319,0,10,2,3,9,0,5,10,2,1,3,2,7,1,9,6,0,3,6,0,2,9,4,0,4,6,10,5,2,6,4,7,10,0,0,4,5,2,1,3,2,6,5,8,3,3,3,9,8,7
n322,0,10,0,3,4,10,5,10,2,7,3,2,7,1,9,6,0,3,6,9,2,9,4,0,4,6,10,5,2,6,2,7,7,1,0,4,5,2,1,3,2,6,5,8,3,3,3,9,8,7
n321,0,10,0,3,0,10,5,10,2,7,3,2,7,1,9,6,0,3,6,9,2,9,4,0,4,6,10,5,2,6,0,7,7,1,0,4,5,2,1,3,2,6,5,8,3,3,3,9,8,7
n332,0,10,7,10,4,8,5,8,2,1,4,2,7,1,9,6,9,3,6,0,2,9,7,3,4,2,10,5,2,6,6,6,2,5,8,10,5,2,4,1,2,6,5,8,3,3,3,9,8,9
n331,0,10,0,10,4,8,5,8,2,1,4,2,7,1,9,6,9,3,6,0,2,9,7,3,4,2,10,5,2,6,0,6,2,5,8,10,5,2,4,1,2,6,5,8,3,3,3,9,8,9
n334,5,10,0,10,7,8,5,8,2,1,4,2,7,1,9,6,9,3,6,0,2,9,7,3,4,2,10,5,2,6,0,6,2,5,8,10,5,2,4,1,2,6,5,8,3,3,3,9,8,9
n333,4,10,0,10,3,8,5,8,2,1,4,2,7,1,9,6,9,3,6,0,2,9,7,3,4,2,10,5,2,6,0,6,2,5,8,10,5,2,4,1,2,6,5,8,3,3,3,9,8,9
n338,0,10,0,10,3,8,5,8,2,10,9,2,7,1,9,6,9,3,6,4,2,9,7,3,4,2,10,5,2,6,0,6,2,5,0,10,5,2,4,5,2,6,5,8,3,3,3,9,8,9
n337,0,10,0,10,7,8,5,8,2,10,9,2,7,1,9,6,9,3,6,4,2,9,7,3,4,2,10,5,2,6,4,6,2,5,0,10,5,2,4,5,2,6,5,8,3,3,3,9,8,9
n340,4,10,6,10,8,8,5,8,2,10,9,2,7,1,9,6,9,3,6,4,2,9,7,3,4,2,10,5,2,6,0,6,2,5,0,10,5,2,4,0,2,6,5,8,3,3,3,9,8,9
n339,0,10,6,10,0,8,5,8,2,10,9,2,7,1,9,6,9,3,6,4,2,9,7,3,4,2,10,5,2,6,0,6,2,5,0,10,5,2,4,0,2,6,5,8,3,3,3,9,8,9
n346,2,10,2,10,0,8,5,8,2,10,0,2,7,1,9,6,9,3,6,0,2,9,7,3,4,2,10,5,2,6,0,9,2,5,3,10,5,2,4,1,2,6,5,8,3,3,3,9,8,9
n345,2,10,2,10,3,8,5,8,2,0,0,2,7,1,9,6,9,3,6,5,2,9,7,3,4,2,10,5,2,6,0,9,2,5,3,10,5,2,4,1,2,6,5,8,3,3,3,9,8,9
n348,2,10,2,10,0,8,5,8,2,0,0,2,7,1,9,6,9,3,6,0,2,9,7,3,4,2,10,5,2,6,0,9,2,5,3,10,5,2,4,1,2,6,5,8,3,3,3,9,8,9
n347,2,10,2,10,0,8,5,8,2,0,0,2,7,1,9,6,9,3,6,0,2,9,7,3,4,2,10,5,2,6,0,9,2,5,3,10,5,2,4,1,2,6,5,8,3,3,3,9,8,9
n352,2,10,7,10,0,8,5,8,2,0,0,2,7,1,9,6,9,3,6,0,2,9,7,3,4,2,10,5,2,6,0,8,2,5,0,10,5,2,4,1,2,6,5,8,3,3,3,9,8,9
n351,2,10,7,10,0,8,5,8,2,0,0,2,7,1,9,6,9,3,6,8,2,9,7,3,4,2,10,5,2,6,0,8,2,5,0,10,5,2,4,1,2,6,5,8,3,3,3,9,8,9
n354,2,10,7,10,0,8,5,8,2,0,0,2,7,1,9,6,9,3,6,0,2,9,7,3,4,2,10,5,2,6,0,8,2,5,2,10,5,2,4,1,2,6,5,8,3,3,3,9,8,9
n353,2,10,7,10,0,8,5,8,2,0,0,2,7,1,9,6,9,3,6,0,2,9,7,3,4,2,10,5,2,6,0,8,2,5,0,10,5,2,4,1,2,6,5,8,3,3,3,9,8,9
n362,0,10,6,10,2,8,5,8,2,9,0,2,7,1,9,6,9,3,6,0,2,9,0,9,4,0,10,5,2,6,0,0,2,5,0,10,5,2,4,6,2,6,5,8,3,3,3,9,8,9
n361,10,10,6,10,2,8,5,8,2,9,6,2,7,1,9,6,9,3,6,0,2,9,1,9,4,0,10,5,2,6,9,0,2,5,0,10,5,2,4,6,2,6,5,8,3,3,3,9,8,9
n364,10,10,0,10,2,8,5,8,2,9,0,2,7,1,9,6,9,3,6,0,2,9,0,9,4,3,10,5,2,6,4,0,2,5,7,10,5,2,4,6,2,6,5,8,3,3,3,9,8,9
n363,10,10,9,10,2,8,5,8,2,9,0,2,7,1,9,6,9,3,6,1,2,9,0,9,4,0,10,5,2,6,0,5,2,5,7,10,5,2,4,6,2,6,5,8,3,3,3,9,8,9
n368,7,10,0,10,2,8,5,8,2,9,0,2,7,1,9,6,9,3,6,0,2,9,0,9,4,0,10,5,2,6,7,0,2,5,2,10,5,2,4,0,2,6,5,8,3,3,3,9,8,9
n367,7,10,0,10,2,8,5,8,2,9,0,2,7,1,9,6,9,3,6,0,2,9,0,9,4,0,10,5,2,6,7,10,2,5,2,10,5,2,4,4,2,6,5,8,3,3,3,9,8,9
n370,0,10,0,10,2,8,5,8,2,9,8,2,7,1,9,6,9,3,6,6,2,9,0,9,4,0,10,5,2,6,0,0,2,5,2,10,5,2,4,1,2,6,5,8,3,3,3,9,8,9
n369,0,10,0,10,2,8,5,8,2,9,8,2,7,1,9,6,9,3,6,0,2,9,0,9,4,0,10,5,2,6,0,0,2,5,2,10,5,2,4,0,2,6,5,8,3,3,3,9,8,9
n376,7,10,0,10,2,8,5,8,2,9,0,2,7,1,9,6,9,3,6,0,2,9,6,9,4,5,10,5,2,6,3,0,2,5,0,10,5,2,4,0,2,6,5,8,3,3,3,9,8,9
n375,7,10,0,10,2,8,5,8,2,9,0,2,7,1,9,6,9,3,6,0,2,9,6,9,4,5,10,5,2,6,3,0,2,5,8,10,5,2,4,0,2,6,5,8,3,3,3,9,8,9
n378,7,10,9,10,2,8,5,8,2,9,0,2,7,1,9,6,9,3,6,0,2,9,10,9,4,5,10,5,2,6,6,0,2,5,0,10,5,2,4,10,2,6,5,8,3,3,3,9,8,9
n377,7,10,0,10,2,8,5,8,2,9,5,2,7,1,9,6,9,3,6,0,2,9,10,9,4,5,10,5,2,6,0,0,2,5,0,10,5,2,4,10,2,6,5,8,3,3,3,9,8,9
n382,0,10,10,10,2,8,5,8,2,9,0,2,7,1,9,6,9,3,6,9,2,9,0,9,4,5,10,5,2,6,0,0,2,5,0,10,5,2,4,0,2,6,5,8,3,3,3,9,8,9
n381,0,10,10,10,2,8,5,8,2,9,0,2,7,1,9,6,9,3,6,9,2,9,5,9,4,5,10,5,2,6,3,0,2,5,0,10,5,2,4,0,2,6,5,8,3,3,3,9,8,9
n384,0,10,10,10,2,8,5,8,2,9,0,2,7,1,9,6,9,3,6,0,2,9,8,9,4,5,10,5,2,6,0,0,2,5,0,10,5,2,4,0,2,6,5,8,3,3,3,9,8,9
n383,0,10,10,10,2,8,5,8,2,9,0,2,7,1,9,6,9,3,6,0,2,9,0,9,4,5,10,5,2,6,10,0,2,5,0,10,5,2,4,0,2,6,5,8,3,3,3,9,8,9
n396,0,6,6,0,0,1,5,0,2,0,1,2,7,1,5,6,0,3,0,3,2,9,3,0,4,5,1,5,2,6,1,4,3,5,0,6,5,0,2,10,2,6,5,6,3,3,3,9,0,0
n395,0,6,6,0,0,1,5,0,2,0,1,2,7,1,6,6,0,3,0,3,2,9,3,0,4,5,1,5,2,6,1,4,3,5,4,6,5,0,4,10,2,6,5,6,3,3,3,9,0,0
n398,0,0,6,0,9,1,5,2,2,0,1,2,7,1,2,6,0,3,0,9,2,9,3,0,4,5,1,5,2,6,1,4,5,5,3,6,5,0,0,10,2,6,5,6,3,3,3,9,0,0
n397,5,0,6,6,9,1,5,2,2,0,1,2,7,1,0,6,0,3,0,0,2,9,3,0,4,5,1,5,2,6,1,4,0,5,3,6,5,3,0,10,2,6,5,6,3,3,3,9,0,0
n402,0,4,6,0,0,1,5,10,2,6,1,2,7,1,5,6,10,3,0,9,2,9,3,7,4,5,1,5,2,6,1,10,6,5,6,0,5,0,5,10,2,6,5,6,3,3,3,9,0,0
n401,0,4,6,0,0,1,5,10,2,6,1,2,7,1,5,6,10,3,0,0,2,9,3,0,4,5,1,5,2,6,1,10,6,5,6,0,5,0,5,10,2,6,5,6,3,3,3,9,0,0
n404,0,0,6,0,7,1,5,10,2,0,1,2,7,1,0,6,10,3,6,5,2,9,3,0,4,5,1,5,2,6,1,0,6,5,1,0,5,1,5,10,2,6,5,6,3,3,3,9,10,0
n403,0,0,6,1,7,1,5,10,2,0,1,2,7,1,0,6,10,3,6,2,2,9,3,0,4,5,1,5,2,6,1,4,6,5,1,0,5,1,5,10,2,6,5,6,3,3,3,9,10,0
n410,0,10,6,3,0,1,5,0,2,6,1,2,7,1,0,6,0,3,3,7,2,9,3,6,4,5,1,5,2,6,9,6,0,5,4,0,5,0,10,10,2,6,5,6,3,3,3,9,5,9
n409,0,10,6,3,0,1,5,0,2,6,1,2,7,1,0,6,0,3,3,7,2,9,3,6,4,5,1,5,2,6,0,6,10,5,0,0,5,0,10,10,2,6,5,6,3,3,3,9,0,9
n412,0,7,6,0,0,1,5,6,2,6,1,2,7,1,0,6,0,3,3,7,2,9,3,6,4,5,1,5,2,6,0,7,5,5,0,9,5,0,10,10,2,6,5,6,3,3,3,9,0,7
n411,0,0,6,3,0,1,5,6,2,6,1,2,7,1,0,6,0,3,3,7,2,9,3,6,4,5,1,5,2,6,0,7,5,5,0,9,5,0,10,10,2,6,5,6,3,3,3,9,0,7
n416,0,0,6,0,3,1,5,0,2,6,1,2,7,1,3,6,3,3,9,10,2,9,3,6,4,5,1,5,2,6,0,3,0,5,0,0,5,0,10,10,2,6,5,6,3,3,3,9,0,0
n415,5,3,6,3,0,1,5,0,2,6,1,2,7,1,3,6,3,3,0,7,2,9,3,6,4,5,1,5,2,6,0,3,0,5,0,0,5,0,10,10,2,6,5,6,3,3,3,9,0,0
n418,0,0,6,4,4,1,5,0,2,6,1,2,7,1,3,6,8,3,4,0,2,9,3,6,4,5,1,5,2,6,0,3,5,5,0,0,5,4,10,10,2,6,5,6,3,3,3,9,0,1
n417,2,0,6,0,4,1,5,0,2,6,1,2,7,1,3,6,0,3,0,0,2,9,3,6,4,5,1,5,2,6,0,3,0,5,0,0,5,4,10,10,2,6,5,6,3,3,3,9,0,0
n426,0,7,6,0,0,1,5,0,2,0,1,2,7,0,5,6,7,3,1,0,2,9,9,6,4,5,1,5,2,6,6,7,2,0,6,3,5,10,0,10,2,6,5,0,3,3,3,9,3,7
n425,0,7,6,0,2,1,5,0,2,0,1,2,7,0,5,6,7,3,1,0,2,9,9,6,4,5,1,5,2,6,6,7,2,0,6,3,5,10,0,10,2,6,5,0,3,3,3,9,3,7
n428,3,7,6,0,3,1,5,0,2,0,1,2,7,8,5,6,7,3,1,0,2,9,9,6,4,5,1,5,2,6,6,7,2,2,4,3,5,10,0,10,2,6,5,0,3,3,3,9,0,7
n427,0,7,6,0,0,1,5,0,2,0,1,2,7,0,5,6,7,3,1,10,2,9,9,6,4,5,1,5,2,6,6,7,2,9,4,3,5,10,0,10,2,6,5,0,3,3,3,9,0,7
n432,3,0,6,6,0,1,5,2,2,4,1,2,7,0,5,6,0,3,0,0,2,9,9,0,4,5,1,5,2,6,6,7,2,0,6,3,5,10,0,10,2,6,5,5,3,3,3,9,0,7
n431,3,0,6,6,0,1,5,2,2,0,1,2,7,5,5,6,0,3,10,0,2,9,9,5,4,5,1,5,2,6,6,7,2,0,0,3,5,10,0,10,2,6,5,5,3,3,3,9,0,7
n434,3,7,6,0,9,1,5,0,2,6,1,2,7,0,5,6,0,3,0,0,2,9,9,0,4,5,1,5,2,6,6,7,2,0,0,3,5,10,0,10,2,6,5,0,3,3,3,9,9,7
n433,3,0,6,0,9,1,5,0,2,0,1,2,7,0,5,6,0,3,0,8,2,9,9,0,4,5,1,5,2,6,6,7,2,0,5,3,5,10,0,10,2,6,5,0,3,3,3,9,3,7
n440,2,10,6,0,6,1,5,5,2,6,1,2,7,7,4,6,2,3,9,0,2,9,9,0,4,5,1,5,2,6,6,3,2,7,1,8,5,10,10,10,2,6,5,0,3,3,3,9,0,7
n439,2,0,6,0,6,1,5,5,2,6,1,2,7,7,4,6,2,3,9,0,2,9,9,0,4,5,1,5,2,6,6,3,2,7,1,0,5,10,10,10,2,6,5,0,3,3,3,9,0,7
n442,2,0,6,2,6,1,5,5,2,6,1,2,7,0,4,6,2,3,9,3,2,9,9,0,4,5,1,5,2,6,6,0,2,0,1,0,5,10,10,10,2,6,5,2,3,3,3,9,4,7
n441,2,0,6,0,6,1,5,0,2,6,1,2,7,10,4,6,2,3,9,3,2,9,9,0,4,5,1,5,2,6,6,2,2,0,1,0,5,10,10,10,2,6,5,2,3,3,3,9,10,7
n446,2,0,6,6,6,1,5,0,2,4,1,2,7,0,0,6,2,3,9,5,2,9,9,7,4,5,1,5,2,6,6,9,2,0,1,0,5,10,10,10,2,6,5,7,3,3,3,9,9,7
n445,2,0,6,0,6,1,5,0,2,4,1,2,7,0,3,6,2,3,9,5,2,9,9,7,4,5,1,5,2,6,6,9,2,0,1,0,5,10,10,10,2,6,5,7,3,3,3,9,9,7
n448,2,0,6,0,6,1,5,0,2,0,1,2,7,0,6,6,2,3,9,5,2,9,9,0,4,5,1,5,2,6,6,0,2,6,1,10,5,10,10,10,2,6,5,7,3,3,3,9,0,7
n447,2,0,6,8,6,1,5,6,2,0,1,2,7,0,0,6,2,3,9,5,2,9,9,4,4,5,1,5,2,6,6,0,2,0,1,10,5,10,10,10,2,6,5,7,3,3,3,9,0,7
n458,3,7,7,2,5,1,5,6,2,4,0,2,7,9,3,6,1,3,1,7,2,9,8,2,4,5,0,5,2,6,4,6,0,2,0,8,5,3,5,10,2,6,5,0,3,3,3,9,0,1
n457,3,7,0,2,5,1,5,6,2,4,0,2,7,9,3,6,1,3,1,7,2,9,8,2,4,5,0,5,2,6,4,6,7,2,0,8,5,3,5,10,2,6,5,0,3,3,3,9,0,1
n460,3,7,0,2,5,1,5,6,2,4,0,2,7,9,3,6,0,3,1,7,2,9,8,2,4,5,0,5,2,6,4,6,0,2,6,8,5,3,5,10,2,6,5,0,3,3,3,9,0,0
n459,3,7,0,2,5,1,5,6,2,4,0,2,7,9,3,6,0,3,1,7,2,9,8,2,4,5,0,5,2,6,4,6,9,2,6,8,5,3,5,10,2,6,5,0,3,3,3,9,0,0
n464,0,7,0,5,5,1,5,6,2,3,0,2,7,9,3,6,0,3,1,7,2,9,0,2,4,5,8,5,2,6,4,6,5,2,0,0,5,3,5,10,2,6,5,0,3,3,3,9,0,7
n463,0,7,0,0,5,1,5,6,2,3,1,2,7,9,3,6,0,3,1,7,2,9,0,2,4,5,8,5,2,6,4,6,0,2,5,0,5,3,5,10,2,6,5,0,3,3,3,9,0,7
n466,8,7,0,0,5,1,5,6,2,8,2,2,7,9,3,6,8,3,1,7,2,9,0,2,4,5,7,5,2,6,4,6,0,2,0,0,5,3,5,10,2,6,5,0,3,3,3,9,0,7
n465,8,7,10,0,5,1,5,6,2,0,2,2,7,9,3,6,8,3,1,7,2,9,0,2,4,5,7,5,2,6,4,6,0,2,0,0,5,3,5,10,2,6,5,0,3,3,3,9,9,7
n472,0,7,9,3,5,1,5,6,2,0,1,2,7,9,0,6,3,3,1,7,2,9,0,0,4,5,0,5,2,6,4,6,8,2,2,10,5,0,5,10,2,6,5,5,3,3,3,9,9,6
n471,0,7,9,3,5,1,5,6,2,0,1,2,7,9,2,6,3,3,1,7,2,9,0,0,4,5,0,5,2,6,4,6,8,2,2,0,5,0,5,10,2,6,5,5,3,3,3,9,9,6
n474,0,7,9,3,5,1,5,6,2,0,1,2,7,9,0,6,3,3,1,7,2,9,6,0,4,5,0,5,2,6,4,6,8,2,2,0,5,0,5,10,2,6,5,5,3,3,3,9,9,6
n473,0,7,9,3,5,1,5,6,2,0,1,2,7,9,0,6,3,3,1,7,2,9,0,7,4,5,6,5,2,6,4,6,8,2,2,0,5,0,5,10,2,6,5,5,3,3,3,9,9,6
n478,0,7,9,3,5,1,5,6,2,8,1,2,7,9,8,6,3,3,1,7,2,9,5,0,4,5,9,5,2,6,4,6,1,2,2,3,5,0,5,10,2,6,5,0,3,3,3,9,9,6
n477,0,7,9,3,5,1,5,6,2,0,1,2,7,9,8,6,3,3,1,7,2,9,5,0,4,5,0,5,2,6,4,6,1,2,2,0,5,0,5,10,2,6,5,0,3,3,3,9,9,6
n480,0,7,9,3,5,1,5,6,2,0,1,2,7,9,0,6,3,3,1,7,2,9,0,3,4,5,3,5,2,6,4,6,3,2,2,0,5,0,5,10,2,6,5,0,3,3,3,9,9,6
n479,0,7,9,3,5,1,5,6,2,0,1,2,7,9,0,6,3,3,1,7,2,9,10,3,4,5,3,5,2,6,4,6,3,2,2,0,5,0,5,10,2,6,5,0,3,3,3,9,9,6
n488,7,8,0,2,5,1,5,6,2,0,0,2,7,9,5,6,1,3,1,2,2,9,8,3,4,5,0,5,2,6,4,10,0,0,10,4,5,5,5,10,2,6,5,2,3,3,3,9,10,0
n487,7,8,0,2,5,1,5,6,2,3,0,2,7,9,5,6,1,3,1,2,2,9,8,0,4,5,0,5,2,6,4,10,0,5,10,4,5,5,5,10,2,6,5,2,3,3,3,9,10,1
n490,7,8,0,2,5,1,5,6,2,3,0,2,7,9,5,6,1,3,1,0,2,9,0,0,4,5,9,5,2,6,4,10,0,10,0,4,5,5,5,10,2,6,5,2,3,3,3,9,10,5
n489,7,8,8,2,5,1,5,6,2,0,0,2,7,9,5,6,1,3,1,0,2,9,0,0,4,5,9,5,2,6,4,10,0,10,0,4,5,5,5,10,2,6,5,2,3,3,3,9,10,5
n494,7,8,0,2,5,1,5,6,2,0,6,2,7,9,5,6,1,3,1,0,2,9,5,0,4,5,0,5,2,6,4,0,5,2,0,4,5,5,5,10,2,6,5,0,3,3,3,9,10,0
n493,7,8,0,2,5,1,5,6,2,0,0,2,7,9,5,6,1,3,1,0,2,9,5,0,4,5,0,5,2,6,4,0,5,7,0,4,5,5,5,10,2,6,5,3,3,3,3,9,10,0
n496,7,8,0,2,5,1,5,6,2,0,0,2,7,9,5,6,1,3,1,0,2,9,0,0,4,5,3,5,2,6,4,0,0,0,0,4,5,5,5,10,2,6,5,0,3,3,3,9,10,6
n495,7,8,0,2,5,1,5,6,2,0,0,2,7,9,5,6,1,3,1,0,2,9,0,9,4,5,3,5,2,6,4,0,0,0,10,4,5,5,5,10,2,6,5,0,3,3,3,9,10,6
n502,7,4,8,0,5,1,5,6,2,0,0,2,7,9,0,6,1,3,1,0,2,9,7,2,4,5,0,5,2,6,4,6,0,3,0,4,5,5,5,10,2,6,5,0,3,3,3,9,0,3
n501,7,4,8,0,5,1,5,6,2,0,0,2,7,9,0,6,1,3,1,0,2,9,7,0,4,5,1,5,2,6,4,6,0,3,0,4,5,5,5,10,2,6,5,0,3,3,3,9,0,3
n504,7,4,10,0,5,1,5,6,2,6,0,2,7,9,0,6,1,3,1,10,2,9,7,0,4,5,0,5,2,6,4,6,0,3,0,4,5,5,5,10,2,6,5,1,3,3,3,9,0,8
n503,7,4,0,6,5,1,5,6,2,1,0,2,7,9,0,6,1,3,1,10,2,9,7,0,4,5,3,5,2,6,4,6,0,3,0,4,5,5,5,10,2,6,5,1,3,3,3,9,10,0
n508,7,4,8,4,5,1,5,6,2,8,5,2,7,9,0,6,1,3,1,0,2,9,7,2,4,5,0,5,2,6,4,5,0,3,5,4,5,5,5,10,2,6,5,0,3,3,3,9,0,0
n507,7,4,0,4,5,1,5,6,2,8,5,2,7,9,0,6,1,3,1,1,2,9,7,0,4,5,0,5,2,6,4,5,5,3,5,4,5,5,5,10,2,6,5,0,3,3,3,9,0,0
n510,7,4,8,0,5,1,5,6,2,0,0,2,7,9,0,6,1,3,1,4,2,9,7,1,4,5,0,5,2,6,4,5,0,3,0,4,5,5,5,10,2,6,5,0,3,3,3,9,0,10
n509,7,4,8,0,5,1,5,6,2,1,0,2,7,9,0,6,1,3,1,4,2,9,7,0,4,5,0,5,2,6,4,5,0,3,0,4,5,5,5,10,2,6,5,0,3,3,3,9,0,10
