cell,r1,r2,r3,r4,r5,r6,r7,r8,r9,r10,r11,r12,r13,r14,r15,r16,r17,r18,r19,r20,r21,r22,r23,r24,r25,r26,r27,r28,r29,r30,r31,r32,r33,r34,r35,r36,r37,r38,r39,r40,r41,r42,r43,r44,r45,r46,r47,r48,r49,r50,r51,r52,r53,r54,r55,r56,r57,r58,r59,r60,r61,r62,r63,r64,r65,r66,r67,r68,r69,r70
n16,3,0,5,9,10,0,2,0,9,2,1,0,5,4,9,1,1,5,8,10,4,10,0,1,7,0,5,10,0,1,0,10,6,8,3,9,3,8,8,5,4,1,3,8,2,3,0,0,5,10,4,1,4,0,5,6,0,8,3,0,8,7,10,9,0,0,0,4,3,1
n15,3,0,5,9,10,0,2,0,9,2,1,0,5,4,9,1,1,5,8,10,4,10,0,1,7,0,5,10,0,1,2,10,6,8,3,9,3,8,8,5,4,1,3,8,2,3,0,0,5,10,4,1,4,0,5,6,0,8,3,0,8,7,10,9,0,0,0,4,3,1
n18,3,0,5,9,10,0,2,0,9,2,1,7,5,4,9,1,1,5,8,10,4,10,0,1,7,0,5,10,0,1,0,10,6,8,3,9,3,8,8,5,4,1,3,8,2,3,0,0,5,10,0,1,4,0,5,6,0,8,3,0,8,7,10,9,0,10,0,4,3,1
n17,3,0,5,9,10,8,2,0,9,2,1,0,5,4,9,1,1,5,8,10,4,10,0,1,7,10,5,10,0,1,0,10,6,8,3,9,3,8,8,5,4,1,3,8,2,3,0,0,5,10,0,1,4,0,5,6,0,8,3,7,8,7,10,9,7,10,7,4,3,1
n22,3,0,5,9,2,0,2,0,9,2,1,4,5,4,9,0,1,5,8,10,4,10,7,1,7,9,5,10,0,1,0,0,6,8,3,9,3,8,8,5,4,1,3,8,2,3,10,0,5,10,3,1,4,0,5,6,0,8,3,8,8,7,0,9,2,0,0,4,3,1
n21,3,5,5,9,2,0,2,9,9,2,1,4,5,4,9,0,1,5,8,10,4,10,0,1,7,9,5,10,0,1,0,3,6,8,3,9,3,8,8,5,4,1,3,8,2,3,10,0,5,10,3,1,4,0,5,6,0,8,3,0,8,7,0,9,2,0,0,4,3,1
n24,3,0,5,9,0,3,2,8,9,2,1,4,5,4,9,1,1,5,8,10,4,10,0,1,7,9,5,10,0,1,0,0,6,8,3,9,3,8,8,5,4,1,3,8,2,3,0,0,5,10,0,1,4,0,5,6,0,8,3,0,8,7,0,9,0,0,10,4,3,1
n23,3,0,5,9,0,3,2,8,9,2,1,4,5,4,9,1,1,5,8,10,4,10,0,1,7,9,5,10,0,1,0,0,6,8,3,9,3,8,8,5,4,1,3,8,2,3,0,0,5,10,0,1,4,0,5,6,0,8,3,0,8,7,0,9,0,0,10,4,3,1
n30,3,7,5,9,0,6,2,5,9,2,1,10,5,4,9,0,1,0,8,10,0,10,10,1,7,1,5,10,6,1,4,7,6,8,3,9,3,8,8,5,4,1,3,8,2,7,0,3,5,10,0,1,4,4,5,6,0,8,0,3,0,7,3,9,1,5,2,4,3,1
n29,3,0,5,9,0,6,2,0,9,2,1,10,5,4,9,0,1,0,8,10,0,10,10,1,7,1,5,10,6,1,4,7,6,8,3,9,3,8,8,5,4,1,3,8,2,3,6,3,5,10,5,1,4,4,5,6,1,8,0,3,0,7,3,9,0,5,0,4,3,1
n32,3,0,5,9,0,6,2,9,9,2,1,10,5,4,9,9,1,0,8,10,5,10,10,1,7,1,5,10,6,1,0,7,6,8,3,9,3,8,8,5,4,1,3,8,2,0,9,3,5,10,4,1,4,9,0,6,0,8,0,3,6,7,2,9,6,5,4,4,3,1
n31,3,0,5,9,2,6,2,9,9,2,1,10,5,4,9,9,1,0,8,10,0,10,10,1,7,1,5,10,6,1,0,7,6,8,3,9,3,8,8,5,4,1,3,8,2,0,0,3,5,10,4,1,4,0,0,6,1,8,0,3,6,7,2,9,0,5,4,4,3,1
n36,3,2,5,9,4,6,2,0,9,2,1,10,5,4,9,0,1,3,8,10,0,10,10,1,7,1,5,10,6,1,0,0,6,8,3,9,3,8,8,5,4,1,3,8,2,10,3,3,5,10,0,1,4,0,1,6,3,8,9,0,0,7,7,9,8,5,10,4,3,1
n35,3,2,5,9,4,6,2,0,9,2,1,10,5,4,9,6,1,3,8,10,4,10,10,1,7,1,5,10,6,1,0,9,6,8,3,9,3,8,8,5,4,1,3,8,2,10,3,3,5,10,2,1,4,0,0,6,3,8,9,0,0,7,7,9,8,5,10,4,3,1
n38,3,0,5,9,0,6,2,4,9,2,1,10,5,4,9,8,1,3,8,10,0,10,10,1,7,1,5,10,6,1,0,5,6,8,3,9,3,8,8,5,4,1,3,8,2,5,0,3,5,10,0,1,4,6,7,6,3,8,0,9,0,7,7,9,8,5,10,4,3,1
n37,3,0,5,9,0,6,2,4,9,2,1,10,5,4,9,0,1,3,8,10,0,10,10,1,7,1,5,10,6,1,0,5,6,8,3,9,3,8,8,5,4,1,3,8,2,5,0,3,5,10,0,1,4,0,7,6,3,8,0,0,0,7,7,9,8,5,10,4,3,1
n46,0,6,5,9,0,4,2,2,9,2,1,7,5,4,9,0,1,2,8,10,2,10,3,1,7,0,5,10,7,1,4,10,6,8,3,9,3,0,8,3,4,1,3,8,2,0,5,10,5,10,5,1,4,4,8,6,0,8,0,0,0,7,8,9,0,5,8,4,3,6
n45,0,6,5,9,0,4,2,2,9,2,1,7,5,4,9,0,1,2,8,10,2,10,3,1,7,0,5,10,7,1,4,0,6,8,3,9,3,0,8,3,4,1,3,8,2,0,5,10,5,10,5,1,4,4,8,6,0,8,0,0,0,7,8,9,0,5,8,4,3,6
n48,0,0,5,9,0,4,2,1,9,2,1,7,5,4,9,0,1,0,8,10,2,10,3,1,7,5,5,10,1,1,0,0,6,8,3,9,3,2,8,3,4,1,3,8,2,0,5,0,5,10,0,1,4,4,8,6,0,8,10,0,0,7,8,9,0,5,0,4,3,0
n47,0,0,5,9,0,4,2,0,9,2,1,7,5,4,9,0,1,0,8,10,2,10,3,1,7,5,5,10,0,1,0,0,6,8,3,9,3,2,8,3,4,1,3,8,2,0,5,0,5,10,0,1,4,4,8,6,0,8,10,0,0,7,8,9,0,5,3,4,3,0
n52,10,3,5,9,2,4,2,0,9,2,1,7,5,4,9,10,1,9,8,10,2,10,3,1,7,4,5,10,3,1,5,1,6,8,3,9,3,4,8,3,4,1,3,8,2,0,5,6,5,10,0,1,4,4,8,6,9,8,1,9,1,7,8,9,0,5,1,4,3,10
n51,0,0,5,9,0,4,2,0,9,2,1,7,5,4,9,0,1,9,8,10,2,10,3,1,7,0,5,10,3,1,5,1,6,8,3,9,3,4,8,3,4,1,3,8,2,0,5,0,5,10,0,1,4,4,8,6,9,8,1,0,0,7,8,9,0,5,1,4,3,0
n54,8,0,5,9,0,4,2,0,9,2,1,7,5,4,9,0,1,0,8,10,2,10,3,1,7,0,5,10,3,1,0,0,6,8,3,9,3,0,8,3,4,1,3,8,2,0,5,10,5,10,0,1,4,4,8,6,9,8,1,9,0,7,8,9,5,5,0,4,3,4
n53,8,0,5,9,0,4,2,0,9,2,1,7,5,4,9,0,1,9,8,10,2,10,3,1,7,0,5,10,3,1,0,1,6,8,3,9,3,0,8,3,4,1,3,8,2,0,5,0,5,10,0,1,4,4,8,6,9,8,0,9,0,7,8,9,5,5,0,4,3,4
n60,5,4,5,9,0,4,2,3,9,2,1,7,5,4,9,1,1,3,8,10,2,10,0,1,7,0,5,10,0,1,1,0,6,8,3,9,3,8,8,3,4,1,3,8,2,0,2,0,5,10,0,1,4,4,8,6,0,8,0,0,0,7,0,9,0,5,0,4,3,0
n59,5,4,5,9,0,4,2,3,9,2,1,7,5,4,9,1,1,3,8,10,2,10,0,1,7,0,5,10,8,1,1,0,6,8,3,9,3,8,8,3,4,1,3,8,2,0,2,0,5,10,0,1,4,4,8,6,2,8,0,0,0,7,0,9,2,5,0,4,3,0
n62,5,10,5,9,0,4,2,3,9,2,1,7,5,4,9,1,1,3,8,10,2,10,0,1,7,0,5,10,6,1,1,0,6,8,3,9,3,0,8,3,4,1,3,8,2,0,2,0,5,10,5,1,4,4,8,6,0,8,0,0,0,7,7,9,0,5,0,4,3,10
n61,5,10,5,9,0,4,2,3,9,2,1,7,5,4,9,1,1,3,8,10,2,10,0,1,7,0,5,10,6,1,1,0,6,8,3,9,3,0,8,3,4,1,3,8,2,0,2,0,5,10,5,1,4,4,8,6,0,8,0,0,0,7,7,9,0,5,0,4,3,10
n66,1,0,5,9,9,4,2,3,9,2,1,7,5,4,9,0,1,0,8,10,2,10,5,1,7,1,5,10,2,1,0,6,6,8,3,9,3,0,8,3,4,1,3,8,2,0,9,0,5,10,0,1,4,4,8,6,3,8,0,6,8,7,9,9,0,5,0,4,3,3
n65,1,0,5,9,9,4,2,3,9,2,1,7,5,4,9,3,1,8,8,10,2,10,5,1,7,1,5,10,5,1,0,6,6,8,3,9,3,0,8,3,4,1,3,8,2,8,0,0,5,10,0,1,4,4,8,6,3,8,0,6,0,7,9,9,0,5,0,4,3,3
n68,0,0,5,9,9,4,2,3,9,2,1,7,5,4,9,8,1,0,8,10,2,10,0,1,7,3,5,10,0,1,0,6,6,8,3,9,3,6,8,3,4,1,3,8,2,0,1,0,5,10,4,1,4,4,8,6,0,8,0,6,0,7,0,9,0,5,1,4,3,0
n67,0,0,5,9,9,4,2,3,9,2,1,7,5,4,9,8,1,0,8,10,2,10,0,1,7,3,5,10,2,1,0,6,6,8,3,9,3,4,8,3,4,1,3,8,2,0,1,0,5,10,4,1,4,4,8,6,0,8,0,6,0,7,0,9,0,5,1,4,3,0
n78,1,7,5,9,7,10,2,1,0,2,1,0,5,4,5,0,1,0,8,10,0,10,0,1,7,0,5,10,2,6,9,2,6,8,0,9,8,1,0,0,4,1,3,8,2,2,1,0,5,10,1,1,4,9,0,7,0,8,6,1,0,7,10,9,8,0,1,4,3,2
n77,1,7,5,9,7,10,2,1,0,2,1,0,5,4,5,9,1,0,8,10,10,10,0,1,7,8,5,10,2,6,9,2,6,8,0,9,8,1,0,0,4,1,3,8,2,2,1,6,5,10,1,1,4,9,0,7,0,8,6,1,0,7,10,9,8,0,1,4,3,2
n80,1,7,5,9,7,10,2,0,6,2,1,0,5,4,5,0,1,0,8,10,0,10,0,1,7,9,5,10,2,6,9,2,6,8,3,9,8,1,0,1,4,1,3,8,2,2,1,1,5,10,0,1,4,9,0,7,0,8,6,1,0,7,10,9,8,0,1,4,3,9
n79,1,7,5,9,7,10,2,0,1,2,1,0,5,4,5,7,1,2,8,10,5,10,6,1,7,9,5,10,2,6,9,2,6,8,6,9,8,1,0,0,4,1,3,8,2,2,1,0,5,10,0,1,4,9,0,7,0,8,6,1,0,7,10,9,8,0,1,4,3,9
n84,1,7,5,0,7,10,2,0,0,2,1,4,5,4,5,2,1,1,8,10,0,10,0,1,7,8,5,10,2,0,1,2,6,8,8,9,8,1,2,0,4,1,3,8,2,2,1,1,5,10,3,1,4,9,0,7,0,8,6,1,0,7,0,9,0,0,1,4,3,2
n83,1,7,5,10,7,10,2,0,0,2,1,4,5,4,5,2,1,1,8,10,0,10,2,1,7,0,5,10,2,0,0,2,6,8,8,9,8,1,2,0,4,1,3,8,2,2,1,1,5,10,0,1,4,9,5,7,0,8,6,1,0,7,0,9,0,0,1,4,3,0
n86,1,7,5,10,7,10,2,0,0,2,1,0,5,4,5,0,1,2,8,10,8,10,0,1,7,0,5,10,2,5,0,2,6,8,6,9,8,1,0,0,4,1,3,8,2,2,1,0,5,10,0,1,4,9,0,7,0,8,6,1,0,7,7,9,6,0,1,4,3,0
n85,1,7,5,3,7,10,2,0,0,2,1,0,5,4,5,0,1,2,8,10,2,10,0,1,7,0,5,10,2,5,0,2,6,8,6,9,8,1,0,0,4,1,3,8,2,2,1,0,5,10,0,1,4,9,0,7,8,8,6,1,0,7,0,9,6,0,1,4,3,0
n92,1,7,5,0,0,10,2,0,0,2,1,0,5,4,5,7,1,5,8,10,10,10,2,1,0,6,5,10,2,6,7,2,6,8,0,9,8,1,1,10,4,1,3,8,2,2,1,0,5,10,0,1,4,6,3,9,0,8,6,1,0,7,9,9,0,0,1,4,3,1
n91,1,7,5,0,0,10,2,0,0,2,1,2,5,4,5,7,1,5,8,10,10,10,2,1,0,0,5,10,2,6,2,2,6,8,0,9,8,1,1,10,4,1,3,8,2,2,1,0,5,10,0,1,4,6,3,9,0,8,6,1,0,7,0,9,0,0,1,4,3,1
n94,1,7,5,9,6,10,2,0,0,2,1,0,5,4,5,0,1,5,8,10,0,10,0,1,0,1,5,10,2,6,0,2,6,8,0,9,8,1,1,0,4,1,3,8,2,2,1,0,5,10,0,1,4,6,3,10,0,8,6,1,2,7,0,9,0,0,1,4,3,0
n93,1,7,5,9,6,10,2,0,0,2,1,0,5,4,5,0,1,5,8,10,1,10,0,1,0,0,5,10,2,6,0,2,6,8,0,9,8,1,1,0,4,1,3,8,2,2,1,0,5,10,0,1,4,6,3,0,0,8,6,1,8,7,0,9,0,4,1,4,3,0
n98,1,7,5,2,0,10,2,0,0,2,1,10,5,4,5,0,1,0,8,10,0,10,0,1,0,0,5,10,2,6,10,2,6,8,0,9,8,1,1,3,4,1,3,8,2,2,1,2,5,10,0,1,4,6,3,0,5,8,6,1,6,7,0,9,0,8,1,4,3,0
n97,1,7,5,2,0,10,2,0,0,2,1,10,5,4,5,0,1,0,8,10,0,10,0,1,0,0,5,10,2,6,10,2,6,8,1,9,8,1,1,3,4,1,3,8,2,2,1,2,5,10,0,1,4,6,3,0,5,8,6,1,6,7,0,9,7,8,1,4,3,0
n100,1,7,5,2,0,10,2,0,8,2,1,0,5,4,5,0,1,0,8,10,0,10,4,1,0,0,5,10,2,6,10,2,6,8,0,9,8,1,1,3,4,1,3,8,2,2,1,2,5,10,0,1,4,6,3,5,0,8,6,1,6,7,0,9,0,8,1,4,3,0
n99,1,7,5,2,0,10,2,0,8,2,1,0,5,4,5,0,1,10,8,10,0,10,0,1,0,0,5,10,2,6,10,2,6,8,0,9,8,1,1,3,4,1,3,8,2,2,1,2,5,10,0,1,4,6,3,5,0,8,6,1,6,7,0,9,0,8,1,4,3,0
n108,1,2,5,0,10,0,2,6,9,2,1,10,5,4,9,0,1,4,8,10,3,10,0,1,0,2,5,10,0,2,8,2,6,8,0,9,8,1,2,0,4,1,3,8,2,3,0,2,5,10,0,1,4,3,3,9,4,8,6,1,8,7,5,9,8,0,1,4,3,0
n107,1,2,5,3,10,0,2,6,1,2,1,10,5,4,9,7,1,4,8,10,3,10,0,1,0,2,5,10,0,2,8,2,6,8,0,9,8,1,2,9,4,1,3,8,2,3,0,0,5,10,0,1,4,3,3,9,4,8,6,1,8,7,0,9,8,0,1,4,3,0
n110,1,2,5,0,10,8,2,6,9,2,1,10,5,4,9,0,1,4,8,10,3,10,0,1,1,2,5,10,0,2,8,2,6,8,0,9,8,1,2,8,4,1,3,8,2,3,0,0,5,10,0,1,4,3,3,0,4,8,6,1,8,7,0,9,0,0,1,4,3,0
n109,1,2,5,0,10,0,2,6,9,2,1,10,5,4,9,0,1,4,8,10,3,10,0,1,3,2,5,10,0,2,8,2,6,8,0,9,8,1,2,8,4,1,3,8,2,3,0,0,5,10,0,1,4,3,3,0,4,8,6,1,8,7,0,9,0,0,1,4,3,0
n114,1,2,5,0,1,0,2,6,0,2,1,10,5,4,9,9,1,4,8,10,3,10,3,1,0,2,5,10,0,2,8,2,6,8,0,9,8,1,2,9,4,1,3,8,2,3,0,0,5,10,9,1,4,2,3,8,4,8,6,1,8,7,1,9,0,0,1,4,3,0
n113,1,2,5,0,1,0,2,6,0,2,1,10,5,4,9,9,1,4,8,10,3,10,0,1,0,2,5,10,0,2,8,2,6,8,0,9,8,1,2,0,4,1,3,8,2,3,0,0,5,10,5,1,4,2,3,8,4,8,6,1,8,7,0,9,6,0,1,4,3,7
n116,1,2,5,6,0,0,2,6,8,2,1,10,5,4,9,0,1,4,8,10,3,10,0,1,2,2,5,10,0,2,8,2,6,8,0,9,8,1,2,0,4,1,3,8,2,3,0,0,5,10,9,1,4,0,3,8,4,8,6,1,8,7,0,9,0,0,1,4,3,0
n115,1,2,5,6,0,0,2,6,8,2,1,10,5,4,9,0,1,4,8,10,3,10,0,1,0,2,5,10,0,2,8,2,6,8,0,9,8,1,2,0,4,1,3,8,2,3,0,0,5,10,9,1,4,0,3,8,4,8,6,1,8,7,0,9,0,0,1,4,3,6
n122,1,2,5,2,0,0,2,3,0,2,1,0,5,4,9,8,1,4,8,10,3,10,0,1,0,0,5,10,0,2,8,2,6,8,8,9,8,1,2,0,4,1,3,8,2,3,0,6,5,10,9,1,4,4,3,0,3,8,6,1,8,7,0,9,5,6,1,4,3,0
n121,1,2,5,2,0,5,2,3,0,2,1,0,5,4,9,8,1,4,8,10,3,10,10,1,5,0,5,10,0,2,8,2,6,8,8,9,8,1,2,0,4,1,3,8,2,3,0,6,5,10,9,1,4,4,3,0,0,8,6,1,8,7,0,9,5,0,1,4,3,3
n124,1,2,5,2,0,0,2,3,0,2,1,0,5,4,9,0,1,4,8,10,3,10,0,1,9,0,5,10,6,2,8,2,6,8,8,9,8,1,2,0,4,1,3,8,2,3,0,6,5,10,9,1,4,0,3,5,0,8,6,1,8,7,0,9,5,0,1,4,3,0
n123,1,2,5,2,8,0,2,3,8,2,1,8,5,4,9,0,1,4,8,10,3,10,0,1,1,0,5,10,6,2,8,2,6,8,8,9,8,1,2,0,4,1,3,8,2,3,0,0,5,10,9,1,4,0,3,5,0,8,6,1,8,7,0,9,5,0,1,4,3,0
n128,1,2,5,10,1,0,2,3,0,2,1,10,5,4,9,0,1,4,8,10,3,10,0,1,3,0,5,10,2,2,8,2,6,8,0,9,8,1,2,0,4,1,3,8,2,3,8,0,5,10,0,1,4,0,3,3,0,8,6,1,8,7,4,9,5,8,1,4,3,3
n127,1,2,5,10,1,0,2,3,0,2,1,10,5,4,9,0,1,4,8,10,3,10,0,1,3,9,5,10,2,2,8,2,6,8,1,9,8,1,2,0,4,1,3,8,2,3,8,0,5,10,0,1,4,0,3,9,0,8,6,1,8,7,4,9,5,8,1,4,3,0
n130,1,2,5,10,1,0,2,3,6,2,1,10,5,4,9,1,1,4,8,10,3,10,9,1,2,0,5,10,10,2,8,2,6,8,0,9,8,1,2,10,4,1,3,8,2,3,0,0,5,10,0,1,4,7,3,6,6,8,6,1,8,7,0,9,5,8,1,4,3,0
n129,1,2,5,10,1,0,2,3,0,2,1,10,5,4,9,1,1,4,8,10,3,10,9,1,2,2,5,10,10,2,8,2,6,8,0,9,8,1,2,7,4,1,3,8,2,3,0,0,5,10,6,1,4,0,3,0,6,8,6,1,8,7,0,9,5,8,1,4,3,0
n142,6,0,5,9,8,0,9,6,0,2,1,0,5,5,2,2,9,10,8,0,0,10,4,1,0,7,0,0,9,9,9,4,6,8,9,9,8,9,4,7,4,1,3,8,0,10,7,10,5,2,1,10,4,3,6,6,3,8,0,5,0,7,1,8,0,2,1,0,8,0
n141,6,0,5,9,8,0,9,6,0,2,1,0,5,5,2,2,9,10,8,0,0,10,4,1,0,7,0,7,9,9,9,4,6,8,9,9,8,0,4,7,4,1,3,8,0,10,0,10,5,2,1,10,4,3,6,6,3,8,0,5,0,7,1,8,0,2,1,6,8,0
n144,0,0,5,9,8,0,9,6,2,2,1,4,5,5,2,2,9,10,8,0,3,10,4,1,0,7,1,0,9,9,9,4,6,8,7,9,8,1,4,7,4,1,3,8,0,10,1,10,5,2,1,10,4,3,6,0,3,8,0,5,0,7,1,8,3,2,1,0,8,0
n143,9,3,5,9,8,0,9,6,0,2,1,4,5,5,2,2,9,10,8,0,3,10,4,1,0,7,1,0,9,9,9,4,6,8,7,9,8,6,4,7,4,1,3,8,0,10,0,10,5,2,1,10,4,3,6,0,3,8,0,5,0,7,1,8,3,2,1,0,8,0
n148,0,0,5,9,8,0,9,6,7,2,1,0,5,9,2,2,9,10,8,0,5,10,4,1,3,7,5,0,0,9,9,4,6,8,0,9,8,0,4,7,4,1,3,8,0,10,9,10,5,2,1,10,4,3,6,7,3,8,3,5,7,7,0,8,0,2,1,0,8,0
n147,0,0,5,9,8,0,9,6,0,2,1,0,5,9,2,2,9,10,8,1,5,10,4,1,3,7,0,0,0,9,9,4,6,8,0,9,8,0,4,7,4,1,3,8,0,10,0,10,5,2,1,10,4,3,6,7,3,8,0,5,0,7,0,8,0,2,1,0,8,0
n150,0,0,5,9,8,0,9,6,9,2,1,0,5,9,2,2,9,10,8,0,0,10,4,1,3,7,0,0,0,9,9,4,6,8,0,9,8,0,4,7,4,1,3,8,0,10,0,10,5,2,1,10,4,3,6,7,3,8,3,5,9,7,7,8,0,2,1,0,8,0
n149,2,0,5,9,8,0,9,6,0,2,1,0,5,9,2,2,9,10,8,1,0,10,4,1,3,7,0,5,0,9,9,4,6,8,9,9,8,0,4,7,4,1,3,8,0,10,0,10,5,2,1,10,4,3,6,7,3,8,0,5,0,7,5,8,0,2,1,0,8,0
n156,6,1,5,10,8,5,9,6,6,2,1,8,5,0,0,2,9,10,8,0,0,10,4,1,5,7,0,8,8,6,9,4,6,8,4,9,8,0,4,7,4,1,3,8,4,10,7,10,5,2,1,10,4,3,6,0,3,8,0,5,9,7,8,8,8,2,9,2,8,5
n155,6,0,5,10,8,5,9,6,6,2,1,8,5,0,0,2,9,10,8,0,0,10,4,1,5,7,0,8,8,6,9,4,6,8,0,9,8,0,4,7,4,1,3,8,4,10,7,10,5,2,1,10,4,3,6,0,3,8,0,5,0,7,8,8,8,2,9,2,8,5
n158,6,0,5,10,8,5,9,6,6,2,1,8,5,10,5,2,9,10,8,0,0,10,4,1,5,7,4,8,0,6,9,4,6,8,0,9,8,8,4,7,4,1,3,8,0,10,7,10,5,2,1,10,4,3,6,3,3,8,0,5,0,7,8,8,8,2,3,0,8,5
n157,6,0,5,10,8,5,9,6,6,2,1,8,5,10,5,2,9,10,8,0,0,10,4,1,5,7,0,8,0,6,9,4,6,8,0,9,8,0,4,7,4,1,3,8,0,10,7,10,5,2,1,10,4,3,6,0,3,8,0,5,0,7,8,8,8,2,0,0,8,5
n162,8,0,5,0,8,5,9,6,6,2,1,5,5,0,0,2,9,10,8,7,2,10,4,1,5,7,0,2,1,6,9,4,6,8,0,9,8,0,4,7,4,1,3,8,0,10,9,10,5,2,1,10,4,3,6,0,3,8,9,5,10,7,5,8,8,2,4,0,8,5
n161,8,0,5,0,8,5,9,6,6,2,1,5,5,0,9,2,9,10,8,7,0,10,4,1,5,7,5,0,1,6,9,4,6,8,0,9,8,0,4,7,4,1,3,8,0,10,9,10,5,2,1,10,4,3,6,0,3,8,9,5,0,7,0,8,8,2,9,0,8,5
n164,8,0,5,0,8,0,9,6,6,2,1,0,5,0,0,2,9,10,8,7,10,10,4,1,5,7,6,2,1,6,9,4,6,8,0,9,8,7,4,7,4,1,3,8,0,10,9,10,5,2,1,10,4,3,6,0,3,8,5,5,0,7,0,8,8,2,5,4,8,5
n163,8,6,5,0,8,0,9,6,6,2,1,0,5,0,10,2,9,10,8,7,10,10,4,1,5,7,0,0,1,6,9,4,6,8,0,9,8,10,4,7,4,1,3,8,0,10,9,10,5,2,1,10,4,3,6,1,3,8,5,5,0,7,0,8,8,2,5,0,8,5
n172,5,10,5,0,8,0,0,6,6,2,1,9,5,0,5,2,0,10,8,4,0,10,2,1,9,7,6,1,1,1,9,4,6,8,4,9,8,3,8,7,4,1,3,8,0,10,1,0,5,3,1,10,4,9,6,8,3,8,2,5,0,7,0,8,4,0,6,0,8,0
n171,5,10,5,0,8,0,4,6,6,2,1,9,5,4,5,2,0,10,8,4,0,10,2,1,9,7,6,0,1,1,9,4,6,8,4,9,8,3,8,7,4,1,3,8,0,10,1,0,5,3,1,10,4,9,6,8,3,8,2,5,0,7,0,8,4,7,0,0,8,2
n174,0,10,5,0,8,9,1,6,6,2,1,9,5,0,5,2,0,10,8,4,10,10,2,1,0,7,0,3,1,1,9,4,6,8,4,9,8,3,8,7,4,1,3,8,5,10,1,0,5,3,1,10,4,9,6,8,3,8,2,5,0,7,0,8,4,0,5,7,8,8
n173,0,10,5,0,8,9,1,6,6,2,1,9,5,0,5,2,0,10,8,4,0,10,2,1,0,7,0,3,1,1,9,4,6,8,4,9,8,3,8,7,4,1,3,8,6,10,1,0,5,3,1,10,4,9,6,8,3,8,2,5,0,7,0,8,4,0,5,7,8,0
n178,6,10,5,4,8,0,0,6,0,2,1,9,5,1,5,2,0,10,8,4,0,10,0,1,0,7,2,8,1,1,9,4,6,8,4,9,8,3,8,7,4,1,3,8,0,10,1,0,5,3,1,10,4,0,6,8,3,8,7,5,0,7,0,8,4,0,0,9,8,0
n177,6,10,5,4,8,4,10,6,0,2,1,9,5,1,5,2,0,10,8,4,0,10,0,1,0,7,2,0,1,1,9,4,6,8,4,9,8,3,8,7,4,1,3,8,0,10,1,0,5,3,1,10,4,0,6,8,3,8,0,5,7,7,0,8,4,0,9,0,8,0
n180,6,10,5,4,8,2,1,6,0,2,1,9,5,0,5,2,0,10,8,4,1,10,0,1,0,7,2,0,1,1,9,4,6,8,4,9,8,3,8,7,4,1,3,8,0,10,1,0,5,3,1,10,4,0,6,8,3,8,6,5,0,7,0,8,4,0,7,0,8,3
n179,6,10,5,4,8,2,1,6,0,2,1,9,5,0,5,2,0,10,8,4,1,10,0,1,1,7,2,0,1,1,9,4,6,8,4,9,8,3,8,7,4,1,3,8,0,10,1,4,5,3,1,10,4,0,6,8,3,8,0,5,10,7,0,8,4,0,7,0,8,7
n186,0,0,5,1,8,3,6,6,0,2,1,9,5,10,7,2,0,10,8,0,0,10,7,1,0,7,0,0,1,0,9,4,6,8,4,9,8,3,8,7,4,1,3,8,0,10,1,0,5,3,1,10,4,3,6,8,3,8,10,5,0,7,0,8,4,0,0,0,8,5
n185,0,7,5,1,8,3,6,6,0,2,1,9,5,10,7,2,10,10,8,9,0,10,7,1,0,7,1,0,1,0,9,4,6,8,4,9,8,3,8,7,4,1,3,8,0,10,1,0,5,3,1,10,4,3,6,8,3,8,10,5,0,7,5,8,4,8,0,0,8,5
n188,0,4,5,1,8,3,6,6,3,2,1,9,5,10,7,2,0,10,8,10,0,10,7,1,3,7,0,0,1,7,9,4,6,8,4,9,8,3,8,7,4,1,3,8,0,10,1,4,5,3,1,10,4,3,6,8,3,8,0,5,0,7,0,8,4,0,0,0,8,5
n187,0,2,5,1,8,3,6,6,0,2,1,9,5,10,7,2,0,10,8,10,0,10,7,1,3,7,0,0,1,1,9,4,6,8,4,9,8,3,8,7,4,1,3,8,0,10,1,0,5,3,1,10,4,3,6,8,3,8,0,5,0,7,0,8,4,0,0,9,8,5
n192,0,3,5,1,8,3,6,6,0,2,1,9,5,0,7,2,7,10,8,0,0,10,7,1,0,7,7,4,1,0,9,4,6,8,4,9,8,3,8,7,4,1,3,8,7,10,1,0,5,3,1,10,4,3,6,8,3,8,0,5,0,7,4,8,4,0,7,3,8,5
n191,0,3,5,1,8,3,6,6,0,2,1,9,5,0,7,2,7,10,8,4,9,10,7,1,0,7,7,4,1,0,9,4,6,8,4,9,8,3,8,7,4,1,3,8,0,10,1,0,5,3,1,10,4,3,6,8,3,8,0,5,0,7,4,8,4,4,7,0,8,5
n194,0,3,5,1,8,3,6,6,0,2,1,9,5,0,7,2,7,10,8,6,6,10,7,1,10,7,0,4,1,0,9,4,6,8,4,9,8,3,8,7,4,1,3,8,0,10,1,0,5,3,1,10,4,3,6,8,3,8,0,5,0,7,4,8,4,0,7,0,8,5
n193,0,3,5,1,8,3,6,6,0,2,1,9,5,0,7,2,7,10,8,3,0,10,7,1,0,7,0,4,1,0,9,4,6,8,4,9,8,3,8,7,4,1,3,8,0,10,1,3,5,3,1,10,4,3,6,8,3,8,0,5,0,7,4,8,4,0,7,5,8,5
n204,5,7,5,0,0,10,0,6,0,2,1,9,5,4,7,6,0,6,8,0,7,10,7,1,4,7,7,7,1,5,9,4,6,8,2,9,8,3,0,9,4,1,3,8,5,10,9,2,5,2,1,6,4,0,6,0,4,8,0,6,0,7,0,8,3,10,0,5,5,5
n203,5,7,5,0,1,10,0,6,0,2,1,9,5,4,7,6,0,6,8,0,7,10,7,1,4,7,7,7,1,5,9,4,6,8,2,9,8,3,0,9,4,1,3,8,5,10,9,2,5,2,1,0,4,0,6,0,4,8,0,6,3,7,0,8,3,10,0,0,5,5
n206,5,7,5,0,0,10,0,6,0,2,1,9,5,4,7,6,0,6,8,0,7,10,7,1,4,7,7,7,1,5,9,4,6,8,2,9,8,0,0,9,4,1,3,8,5,10,9,2,5,2,1,0,4,0,6,0,4,8,7,9,2,7,0,8,3,10,0,0,5,5
n205,5,7,5,0,0,10,9,6,3,2,1,9,5,4,7,6,0,6,8,0,7,10,7,1,4,7,7,7,1,5,9,4,6,8,2,9,8,0,6,9,4,1,3,8,5,10,9,2,5,2,1,3,4,0,6,0,4,8,7,0,0,7,0,8,3,10,0,0,5,5
n210,5,7,5,7,0,10,7,6,0,2,1,9,5,4,7,6,0,0,8,9,7,10,7,1,4,7,7,7,10,5,9,4,6,8,2,9,8,0,0,9,4,1,3,8,5,10,9,2,5,2,1,3,4,0,6,0,0,8,0,4,10,7,0,8,3,10,0,7,5,5
n209,5,7,5,0,5,10,7,6,0,2,1,9,5,4,7,6,0,0,8,0,7,10,7,1,4,7,7,7,10,5,9,4,6,8,2,9,8,0,0,9,4,1,3,8,5,10,9,2,5,2,1,0,4,0,6,0,6,8,0,4,10,7,7,8,3,10,0,7,5,5
n212,5,7,5,0,0,10,2,6,0,2,1,9,5,4,7,6,0,0,8,0,7,10,7,1,4,7,7,7,6,5,9,4,6,8,2,9,8,0,5,9,4,1,3,8,5,10,9,2,5,2,1,0,4,8,6,0,0,8,0,4,0,7,9,8,3,10,4,0,5,5
n211,5,7,5,0,0,10,2,6,0,2,1,9,5,4,7,6,0,0,8,0,7,10,7,1,4,7,7,7,0,5,9,4,6,8,2,9,8,0,0,9,4,1,3,8,5,10,9,2,5,2,1,0,4,8,6,0,0,8,0,4,0,7,9,8,3,10,4,0,5,5
n218,5,7,5,3,0,0,2,6,10,2,1,9,5,4,7,6,0,6,8,0,0,10,4,1,4,7,7,7,0,0,9,4,6,8,2,9,8,0,0,9,4,1,3,8,5,10,9,2,5,2,1,2,4,6,6,0,0,8,0,9,1,7,6,8,3,10,0,0,5,5
n217,5,7,5,3,2,0,2,6,10,2,1,9,5,4,7,6,0,6,8,0,9,10,4,1,4,7,7,7,2,0,9,4,6,8,2,9,8,0,0,9,4,1,3,8,5,10,9,2,5,2,1,3,4,6,6,0,0,8,0,9,1,7,6,8,3,10,0,0,5,5
n220,5,7,5,3,0,0,0,6,10,2,1,9,5,4,7,6,0,6,8,10,10,10,4,1,4,7,7,7,0,2,9,4,6,8,2,9,8,0,7,9,4,1,3,8,5,10,9,2,5,2,1,4,4,6,6,10,0,8,0,0,0,7,6,8,3,10,0,3,5,5
n219,5,7,5,3,0,6,0,6,10,2,1,9,5,4,7,6,0,6,8,0,1,10,4,1,4,7,7,7,0,2,9,4,6,8,2,9,8,0,7,9,4,1,3,8,5,10,9,2,5,2,1,0,4,6,6,0,0,8,0,0,0,7,6,8,3,10,0,0,5,5
n224,5,7,5,3,5,6,8,6,10,2,1,9,5,4,7,6,0,2,8,6,6,10,8,1,4,7,7,7,9,7,9,4,6,8,2,9,8,6,9,9,4,1,3,8,5,10,9,2,5,2,1,0,4,0,6,0,0,8,1,0,10,7,6,8,3,10,0,0,5,5
n223,5,7,5,3,5,6,0,6,10,2,1,9,5,4,7,6,0,8,8,6,6,10,8,1,4,7,7,7,9,7,9,4,6,8,2,9,8,6,6,9,4,1,3,8,5,10,9,2,5,2,1,8,4,0,6,0,0,8,1,7,10,7,6,8,3,10,0,0,5,5
n226,5,7,5,3,0,6,0,6,10,2,1,9,5,4,7,6,0,0,8,0,0,10,8,1,4,7,7,7,0,0,9,4,6,8,2,9,8,6,4,9,4,1,3,8,5,10,9,2,5,2,1,0,4,10,6,6,0,8,1,0,10,7,6,8,3,10,0,0,5,5
n225,5,7,5,3,0,6,0,6,10,2,1,9,5,4,7,6,0,3,8,0,0,10,8,1,4,7,7,7,0,0,9,4,6,8,2,9,8,6,4,9,4,1,3,8,5,10,9,2,5,2,1,4,4,0,6,6,0,8,1,10,10,7,6,8,3,10,0,0,5,5
n234,5,2,5,0,8,10,0,6,0,2,1,4,5,4,6,5,3,0,8,4,0,10,2,1,0,7,7,7,0,0,9,4,6,8,8,9,8,4,6,9,4,1,3,8,5,10,0,0,5,3,1,8,4,9,6,8,8,8,2,9,7,7,9,8,0,7,3,5,5,5
n233,5,2,5,0,8,0,9,6,0,2,1,4,5,4,6,2,0,0,8,4,0,10,0,1,0,7,7,7,0,3,9,4,6,8,0,9,8,0,6,9,4,1,3,8,5,10,0,0,5,3,1,8,4,9,6,8,8,8,2,9,7,7,9,8,0,7,3,5,5,5
n236,5,2,5,9,8,0,10,6,0,2,1,4,5,4,6,0,9,0,8,4,6,10,0,1,0,7,7,7,9,0,9,4,6,8,0,9,8,0,6,9,4,1,3,8,5,10,0,0,5,3,1,8,4,9,6,8,8,8,2,9,7,7,9,8,0,7,3,5,5,5
n235,5,2,5,0,8,0,10,6,0,2,1,4,5,4,6,0,0,9,8,4,6,10,0,1,10,7,7,7,9,0,9,4,6,8,0,9,8,2,6,9,4,1,3,8,5,10,0,0,5,3,1,8,4,9,6,8,8,8,2,9,7,7,9,8,0,7,3,5,5,5
n240,5,2,5,0,10,0,0,6,3,2,1,7,5,4,6,4,5,0,8,4,0,10,0,1,5,7,7,7,6,3,9,4,6,8,0,9,8,0,6,9,4,1,3,8,5,10,0,3,5,3,1,0,4,9,6,8,8,8,2,9,0,7,9,8,0,7,3,5,0,5
n239,5,2,5,0,0,0,0,6,3,2,1,6,5,4,6,4,0,0,8,4,0,10,0,1,5,7,7,7,6,3,9,4,6,8,2,9,8,0,6,9,4,1,3,8,5,10,0,3,5,3,1,0,4,9,6,8,8,8,2,9,0,7,9,8,0,7,3,5,0,5
n242,5,2,5,2,0,0,5,6,5,2,1,0,5,4,6,5,2,0,8,4,4,10,0,1,0,7,7,7,0,0,9,4,6,8,0,9,8,1,6,9,4,1,3,8,5,10,0,3,5,3,1,0,4,9,6,8,8,8,2,9,0,7,9,8,0,7,3,5,0,5
n241,5,2,5,2,0,0,0,6,5,2,1,0,5,4,6,0,0,0,8,4,4,10,0,1,0,7,7,7,0,0,9,4,6,8,0,9,8,1,6,9,4,1,3,8,5,10,0,3,5,3,1,0,4,9,6,8,8,8,2,9,0,7,9,8,0,7,3,5,0,5
n248,5,2,5,2,0,4,0,6,7,2,1,4,5,4,6,0,0,4,8,4,0,10,5,1,7,7,7,7,0,0,9,4,6,8,0,9,8,7,6,9,4,1,3,8,5,10,0,7,5,3,1,0,4,7,6,8,8,8,2,9,0,7,0,8,0,0,9,0,0,5
n247,5,2,5,2,6,0,0,6,7,2,1,4,5,4,6,0,0,4,8,4,0,10,5,1,7,7,7,7,0,0,9,4,6,8,0,9,8,7,6,9,4,1,3,8,5,10,3,7,5,3,1,0,4,7,6,8,8,8,2,9,0,7,0,8,0,0,9,0,1,5
n250,5,2,5,8,0,0,0,6,7,2,1,0,5,4,6,0,0,8,8,4,0,10,0,1,7,7,7,7,7,0,9,4,6,8,0,9,8,7,6,9,4,1,3,8,5,10,0,7,5,3,1,4,4,7,6,8,8,8,2,9,0,7,4,8,1,10,9,9,2,5
n249,5,2,5,0,9,0,0,6,7,2,1,0,5,4,6,0,0,0,8,4,0,10,0,1,7,7,7,7,7,0,9,4,6,8,0,9,8,7,6,9,4,1,3,8,5,10,0,7,5,3,1,4,4,7,6,8,8,8,2,9,0,7,4,8,0,0,9,0,2,5
n254,5,2,5,6,0,0,0,6,0,2,1,0,5,4,6,0,0,2,8,4,5,10,0,1,1,7,7,7,2,0,9,4,6,8,4,9,8,7,6,9,4,1,3,8,5,10,0,6,5,3,1,0,4,7,6,8,8,8,2,9,2,7,9,8,10,1,9,4,0,5
n253,5,2,5,6,0,0,0,6,0,2,1,0,5,4,6,0,5,2,8,4,5,10,7,1,3,7,7,7,2,0,9,4,6,8,4,9,8,7,6,9,4,1,3,8,5,10,0,9,5,3,1,0,4,7,6,8,8,8,2,9,2,7,9,8,10,1,9,4,0,5
n256,5,2,5,0,7,0,0,6,0,2,1,0,5,4,6,0,4,0,8,4,5,10,7,1,0,7,7,7,2,5,9,4,6,8,6,9,8,7,6,9,4,1,3,8,5,10,6,0,5,3,1,0,4,7,6,8,8,8,2,9,2,7,9,8,0,4,9,0,0,5
n255,5,2,5,0,0,0,0,6,0,2,1,8,5,4,6,0,4,0,8,4,5,10,7,1,0,7,7,7,2,0,9,4,6,8,6,9,8,7,6,9,4,1,3,8,5,10,0,2,5,3,1,0,4,7,6,8,8,8,2,9,2,7,9,8,0,0,9,0,0,5
n270,0,0,2,3,0,3,5,9,2,2,9,9,5,0,9,8,10,9,4,10,6,10,0,1,3,6,2,1,7,9,0,5,6,2,8,8,5,2,0,6,8,8,3,8,0,0,9,1,2,7,9,6,0,0,8,0,0,8,9,5,0,7,2,0,4,7,10,3,10,6
n269,0,0,2,3,10,3,5,9,2,2,9,9,5,0,9,8,10,9,4,10,6,10,0,1,3,6,2,1,7,9,0,5,6,2,8,8,5,2,0,0,8,8,3,8,0,5,9,0,2,7,9,6,0,0,8,0,10,8,9,5,0,7,2,0,4,7,10,0,10,6
n272,0,0,2,3,0,3,5,9,2,2,9,9,5,0,9,8,10,9,4,10,6,10,0,1,0,6,2,1,7,9,0,5,6,2,8,8,5,2,8,8,8,8,3,8,3,0,9,0,2,7,9,6,0,2,8,4,3,8,9,5,8,7,2,0,4,7,10,0,10,6
n271,0,0,2,3,0,3,5,9,2,2,9,9,5,10,9,8,10,9,4,10,6,10,0,1,0,6,2,1,7,9,0,5,6,2,8,8,5,2,0,0,8,8,3,8,0,0,9,1,2,7,9,6,0,2,8,4,3,8,9,5,0,7,2,8,4,7,10,0,10,6
n276,3,0,2,3,10,3,5,2,2,2,9,0,5,0,9,8,0,9,4,10,6,10,7,1,0,0,2,1,7,9,6,8,6,2,10,8,5,2,5,5,8,8,3,8,0,4,9,0,2,7,9,6,7,0,8,0,8,8,9,5,0,7,2,10,4,7,10,4,10,6
n275,3,0,2,3,10,3,5,0,2,2,9,0,5,0,9,8,0,9,4,10,6,10,7,1,0,0,2,1,7,9,6,8,6,2,10,8,5,2,5,0,8,8,3,8,0,0,9,0,2,7,9,6,7,0,8,0,0,8,9,5,6,7,2,10,4,7,10,4,10,6
n278,3,0,2,3,10,3,5,0,2,2,9,0,5,8,9,8,0,9,4,10,6,10,10,1,0,4,2,1,7,9,0,8,6,2,10,8,5,2,0,0,8,8,3,8,0,2,9,0,2,7,9,6,3,2,8,10,0,8,9,5,0,7,2,10,4,7,10,4,10,6
n277,3,0,2,3,10,3,5,0,2,2,9,0,5,8,9,8,0,9,4,10,6,10,10,1,0,0,2,1,7,9,0,8,6,2,10,8,5,2,0,0,8,8,3,8,0,1,9,0,2,7,9,6,3,2,8,9,0,8,9,5,0,7,2,10,4,7,10,4,10,6
n284,0,3,2,3,5,0,5,0,2,2,8,1,5,0,9,8,7,9,4,8,2,10,0,1,8,7,2,1,7,9,0,9,6,2,10,8,5,2,6,1,8,8,3,8,3,0,9,0,2,7,9,6,2,0,8,4,0,8,9,5,1,7,2,2,4,7,10,3,10,6
n283,1,3,2,3,5,0,5,0,2,2,8,1,5,0,9,8,0,9,4,8,2,10,0,1,8,7,2,1,7,9,0,9,6,2,10,8,5,2,0,1,8,8,3,8,3,7,9,0,2,7,9,6,2,0,8,4,0,8,9,5,1,7,2,2,4,7,10,0,10,6
n286,0,3,2,3,0,10,5,0,2,2,0,1,5,0,9,8,0,9,4,0,2,10,8,1,0,7,2,1,7,9,0,9,6,2,10,8,5,2,6,1,8,8,3,8,3,0,9,0,2,7,9,6,2,0,8,4,1,8,9,5,1,7,2,2,4,7,10,6,10,6
n285,0,3,2,3,4,10,5,0,2,2,0,1,5,0,9,8,8,9,4,0,2,10,8,1,0,7,2,1,7,9,0,9,6,2,10,8,5,2,6,1,8,8,3,8,3,7,9,0,2,7,9,6,2,0,8,4,0,8,9,5,1,7,2,2,4,7,10,6,10,6
n290,0,3,2,3,0,0,5,6,2,2,0,0,5,0,9,8,5,9,4,0,2,10,3,1,10,7,2,1,7,9,0,4,6,2,10,8,5,2,5,2,8,8,3,8,0,0,9,9,2,7,9,6,10,5,8,4,0,8,9,5,0,7,2,2,4,7,10,0,10,6
n289,0,3,2,3,0,0,5,6,2,2,0,0,5,0,9,8,5,9,4,0,2,10,0,1,10,7,2,1,7,9,0,0,6,2,10,8,5,2,5,0,8,8,3,8,0,0,9,0,2,7,9,6,10,5,8,4,0,8,9,5,0,7,2,2,4,7,10,0,10,6
n292,9,3,2,3,0,0,5,0,2,2,0,0,5,0,9,8,5,9,4,0,2,10,5,1,10,7,2,1,7,9,0,0,6,2,10,8,5,2,0,0,8,8,3,8,0,0,9,0,2,7,9,6,0,0,8,4,0,8,9,5,0,7,2,2,4,7,10,4,10,6
n291,9,3,2,3,0,0,5,0,2,2,0,3,5,0,9,8,5,9,4,0,2,10,0,1,10,7,2,1,7,9,0,0,6,2,10,8,5,2,0,8,8,8,3,8,0,0,9,0,2,7,9,6,0,9,8,4,0,8,9,5,0,7,2,2,4,7,10,0,10,6
n300,0,9,2,3,0,0,5,5,2,2,7,9,5,7,9,8,0,9,4,9,8,10,8,1,2,6,2,1,7,9,1,9,6,2,2,8,5,2,0,0,10,8,3,8,10,6,9,0,2,7,9,3,0,0,0,3,3,8,9,5,4,7,2,8,4,7,10,2,5,6
n299,0,9,2,3,0,0,5,5,2,2,7,9,5,7,9,8,0,9,4,9,8,10,0,1,2,6,2,1,7,9,1,9,6,2,2,8,5,2,0,0,10,8,3,8,10,6,9,0,2,7,9,3,0,0,0,3,3,8,9,5,4,7,2,8,4,7,10,2,5,6
n302,6,9,2,3,2,0,5,5,2,2,7,4,5,7,9,8,0,9,4,9,0,10,0,1,0,0,2,1,7,9,0,9,6,2,2,8,5,2,0,3,10,8,3,8,10,4,9,8,2,7,9,0,1,6,0,3,3,8,9,5,4,7,2,8,4,7,10,5,5,6
n301,6,9,2,3,0,0,5,5,2,2,7,0,5,7,9,8,0,9,4,9,0,10,0,1,0,0,2,1,7,9,0,9,6,2,2,8,5,2,0,0,10,8,3,8,10,4,9,0,2,7,9,0,1,0,0,3,3,8,9,5,4,7,2,8,4,7,10,0,5,6
n306,0,0,2,3,0,0,5,8,2,2,7,0,5,7,9,8,7,9,4,9,0,10,5,1,3,1,2,1,7,9,5,6,6,2,2,8,5,2,0,3,0,8,3,8,10,0,9,5,2,7,9,4,0,9,8,3,0,8,9,5,4,7,2,8,4,7,10,10,5,6
n305,0,0,2,3,0,0,5,0,2,2,7,0,5,7,9,8,7,9,4,9,0,10,5,1,3,1,2,1,7,9,5,1,6,2,2,8,5,2,0,0,0,8,3,8,10,0,9,0,2,7,9,4,0,9,5,3,0,8,9,5,4,7,2,8,4,7,10,10,5,6
n308,3,4,2,3,0,0,5,4,2,2,7,0,5,7,9,8,7,9,4,9,0,10,0,1,3,1,2,1,7,9,0,0,6,2,2,8,5,2,0,0,0,8,3,8,10,0,9,0,2,7,9,4,0,10,6,3,10,8,9,5,4,7,2,8,4,7,10,10,5,6
n307,0,4,2,3,0,0,5,4,2,2,7,0,5,7,9,8,7,9,4,9,0,10,0,1,3,1,2,1,7,9,0,0,6,2,2,8,5,2,9,0,0,8,3,8,10,0,9,0,2,7,9,4,10,10,0,3,8,8,9,5,4,7,2,8,4,7,10,10,5,6
n314,0,1,2,3,10,2,5,9,2,2,7,0,5,7,9,8,3,9,4,9,0,10,0,1,8,10,2,1,7,9,0,5,6,2,5,8,5,2,0,9,1,8,3,8,8,0,9,2,2,7,9,0,0,0,6,1,5,8,9,5,4,7,2,8,4,7,10,0,8,6
n313,0,0,2,3,10,0,5,9,2,2,7,0,5,7,9,8,3,9,4,9,8,10,9,1,0,10,2,1,7,9,0,5,6,2,5,8,5,2,0,9,1,8,3,8,8,0,9,2,2,7,9,0,0,0,6,1,5,8,9,5,4,7,2,8,4,7,10,4,8,6
n316,0,5,2,3,10,0,5,9,2,2,7,0,5,7,9,8,10,9,4,9,2,10,0,1,0,10,2,1,7,9,5,5,6,2,0,8,5,2,0,9,0,8,3,8,0,0,9,0,2,7,9,0,0,0,0,1,5,8,9,5,4,7,2,8,4,7,10,0,8,6
n315,0,5,2,3,10,9,5,9,2,2,7,0,5,7,9,8,10,9,4,9,0,10,0,1,0,10,2,1,7,9,5,5,6,2,0,8,5,2,0,9,0,8,3,8,0,0,9,0,2,7,9,0,0,0,5,1,5,8,9,5,4,7,2,8,4,7,10,10,8,6
n320,10,9,2,3,10,6,5,0,2,2,7,0,5,7,9,8,3,9,4,7,10,10,0,1,0,10,2,1,7,9,0,0,6,2,0,8,5,2,3,9,2,8,3,8,7,0,9,0,2,7,9,0,0,0,9,0,0,8,9,5,4,7,2,8,4,7,10,0,0,6
n319,0,0,2,3,10,7,5,0,2,2,7,0,5,7,9,8,3,9,4,7,10,10,0,1,5,10,2,1,7,9,0,0,6,2,0,8,5,2,0,9,0,8,3,8,7,0,9,0,2,7,9,9,10,0,0,0,0,8,9,5,4,7,2,8,4,7,10,0,0,6
n322,7,0,2,3,10,2,5,10,2,2,7,1,5,7,9,8,0,9,4,7,10,10,0,1,0,10,2,1,7,9,3,0,6,2,0,8,5,2,0,9,2,8,3,8,2,7,9,0,2,7,9,9,3,0,5,3,0,8,9,5,4,7,2,8,4,7,10,5,0,6
n321,7,0,2,3,10,0,5,5,2,2,7,1,5,7,9,8,0,9,4,7,10,10,0,1,0,10,2,1,7,9,3,0,6,2,1,8,5,2,0,9,2,8,3,8,2,0,9,0,2,7,9,9,0,0,5,3,0,8,9,5,4,7,2,8,4,7,10,5,10,6
n332,7,5,0,4,1,8,4,8,2,2,9,0,5,0,9,8,2,9,4,3,4,10,4,1,0,6,2,1,7,9,3,0,6,7,8,8,5,5,9,2,9,8,3,8,2,4,4,2,6,7,9,2,6,0,0,0,0,8,9,5,3,7,2,0,4,10,10,0,10,6
n331,7,5,8,4,1,8,2,8,2,2,9,0,5,0,9,8,2,9,4,3,4,10,4,1,0,6,2,1,7,9,3,4,6,7,8,8,5,5,9,2,9,8,3,8,0,1,4,0,6,7,9,2,0,6,0,5,0,8,9,5,3,7,2,0,4,10,10,6,10,6
n334,7,5,10,4,0,8,7,8,2,2,9,8,5,5,9,8,2,9,4,3,4,10,4,1,0,6,2,1,7,9,3,0,6,7,8,8,5,5,9,2,9,8,3,8,0,0,4,0,6,7,9,2,1,1,1,0,0,8,9,5,3,7,2,3,4,10,10,0,10,6
n333,7,5,10,4,5,8,0,8,2,2,9,0,5,5,9,8,2,9,4,3,4,10,4,1,0,6,2,1,7,9,3,3,6,7,8,8,5,5,9,2,9,8,3,8,0,0,4,0,6,7,9,2,0,1,1,0,0,8,9,5,3,7,2,3,4,10,10,0,10,6
n338,7,5,9,4,0,8,0,8,2,2,9,0,5,0,9,8,2,9,4,3,4,10,4,1,0,6,2,1,7,9,3,0,6,7,8,8,5,5,9,2,9,8,3,8,0,0,4,0,6,7,9,2,3,0,0,2,0,8,9,5,8,7,2,0,4,10,10,4,10,6
n337,7,5,9,4,0,8,1,8,2,2,9,4,5,0,9,8,2,9,4,3,4,10,4,1,6,6,2,1,7,9,3,0,6,7,8,8,5,5,9,2,9,8,3,8,0,0,4,0,6,7,9,2,3,0,2,2,0,8,9,5,8,7,2,0,4,10,10,4,10,6
n340,7,5,9,4,0,8,0,8,2,2,9,0,5,0,9,8,2,9,4,3,4,10,4,1,0,6,2,1,7,9,3,0,6,7,8,8,5,5,9,2,9,8,3,8,0,0,4,0,6,7,9,2,3,3,0,4,0,8,9,5,0,7,2,0,4,10,10,0,10,6
n339,7,5,9,4,0,8,4,8,2,2,9,0,5,0,9,8,2,9,4,3,4,10,4,1,0,6,2,1,7,9,3,4,6,7,8,8,5,5,9,2,9,8,3,8,0,0,4,0,6,7,9,2,3,3,0,4,0,8,9,5,0,7,2,0,4,10,10,0,10,6
n346,7,5,5,4,4,8,10,8,2,2,6,0,5,2,9,8,2,9,4,3,6,10,1,1,0,6,2,1,7,9,3,0,6,7,8,8,5,5,9,2,9,8,3,8,0,9,4,9,3,7,9,0,10,2,9,0,2,8,9,5,0,7,2,2,4,0,10,3,10,6
n345,7,5,0,4,4,8,10,8,2,2,6,0,5,2,9,8,2,9,4,3,6,10,6,1,0,6,2,1,7,9,3,3,6,7,8,8,5,5,9,2,9,8,3,8,9,9,4,9,0,7,9,0,4,0,9,0,2,8,9,5,0,7,2,2,4,0,10,3,10,6
n348,7,5,2,4,2,8,10,8,2,2,0,0,5,2,9,8,2,9,4,3,6,10,10,1,0,6,2,1,7,9,3,2,6,7,8,8,5,5,9,2,9,8,3,8,0,2,4,0,6,7,9,0,0,0,9,0,2,8,9,5,0,7,2,2,4,0,10,0,10,6
n347,7,5,2,4,2,8,10,8,2,2,0,0,5,2,9,8,2,9,4,3,6,10,10,1,5,6,2,1,7,9,3,2,6,7,8,8,5,5,9,2,9,8,3,8,0,2,4,0,6,7,9,0,10,0,9,0,2,8,9,5,0,7,2,2,4,0,10,0,10,6
n352,7,5,8,4,0,8,10,8,2,2,0,0,5,2,9,8,2,9,4,3,6,10,1,1,10,6,2,1,7,9,3,0,6,7,8,8,5,5,9,2,9,8,3,8,2,3,4,3,0,7,9,0,5,5,9,2,2,8,9,5,4,7,2,10,4,1,10,0,10,6
n351,7,5,8,4,0,8,10,8,2,2,0,4,5,2,9,8,2,9,4,3,6,10,1,1,0,6,2,1,7,9,3,0,6,7,8,8,5,5,9,2,9,8,3,8,2,3,4,3,7,7,9,0,5,5,9,0,2,8,9,5,4,7,2,10,4,1,10,7,10,6
n354,7,5,0,4,0,8,10,8,2,2,0,8,5,2,9,8,2,9,4,3,6,10,0,1,0,6,2,1,7,9,3,8,6,7,8,8,5,5,9,2,9,8,3,8,6,3,4,3,0,7,9,0,0,0,4,0,2,8,9,5,2,7,2,9,4,0,10,9,10,6
n353,7,5,0,4,0,8,10,8,2,2,0,8,5,2,9,8,2,9,4,3,6,10,4,1,0,6,2,1,7,9,3,5,6,7,8,8,5,5,9,2,9,8,3,8,0,3,4,3,0,7,9,0,0,9,0,0,2,8,9,5,2,7,2,0,4,0,10,9,10,6
n362,7,0,3,0,8,2,3,0,2,2,2,9,5,4,9,8,2,9,4,10,9,10,5,1,0,0,2,1,7,9,3,7,6,7,8,8,5,5,7,10,9,8,3,8,4,0,0,6,2,7,9,2,0,0,0,10,1,8,9,5,3,7,2,5,4,10,10,2,2,6
n361,7,0,0,1,8,2,3,0,2,2,2,9,5,0,9,8,2,9,4,10,9,10,5,1,0,0,2,1,7,9,3,7,6,7,8,8,5,5,7,10,9,8,3,8,4,0,0,6,2,7,9,2,0,0,0,10,1,8,9,5,3,7,2,5,4,10,10,2,2,6
n364,7,9,6,0,8,2,3,0,2,2,2,9,5,0,9,8,2,9,4,0,9,10,5,1,0,5,2,1,7,9,3,7,6,7,8,8,5,5,7,10,9,8,3,8,0,0,10,6,0,7,9,9,0,0,0,10,1,8,9,5,3,7,2,5,4,10,10,2,2,6
n363,7,0,0,0,8,2,3,0,2,2,2,9,5,0,9,8,2,9,4,0,9,10,5,1,0,5,2,1,7,9,3,7,6,7,8,8,5,5,7,10,9,8,3,8,0,9,0,6,0,7,9,9,0,2,6,10,1,8,9,5,3,7,2,5,4,10,10,2,2,6
n368,7,0,0,4,8,0,3,0,2,2,2,2,5,9,9,8,2,9,4,5,8,10,5,1,1,0,2,1,7,9,3,7,6,7,8,8,5,5,7,6,9,8,3,8,10,0,9,6,0,7,9,2,8,0,0,9,1,8,9,5,3,7,2,5,4,0,10,2,2,6
n367,7,0,0,4,8,0,3,0,2,2,2,2,5,9,9,8,2,9,4,5,8,10,5,1,1,0,2,1,7,9,3,7,6,7,8,8,5,5,7,0,9,8,3,8,10,9,9,6,0,7,9,2,2,0,0,9,1,8,9,5,3,7,2,5,4,0,10,2,2,6
n370,7,0,10,4,8,0,3,9,2,2,2,0,5,0,9,8,2,9,4,0,0,10,5,1,1,0,2,1,7,9,3,7,6,7,8,8,5,5,7,3,9,8,3,8,10,0,0,6,0,7,9,0,0,8,0,9,1,8,9,5,3,7,2,5,4,0,10,2,2,6
n369,7,0,0,4,8,0,3,0,2,2,2,0,5,7,9,8,2,9,4,0,0,10,5,1,1,0,2,1,7,9,3,7,6,7,8,8,5,5,7,3,9,8,3,8,10,0,0,6,0,7,9,2,0,8,0,9,1,8,9,5,3,7,2,5,4,0,10,2,2,6
n376,7,0,8,0,8,6,3,0,2,2,0,10,5,0,9,8,2,9,4,6,7,10,5,1,9,9,2,1,7,9,3,7,6,7,8,8,5,5,7,0,9,8,3,8,0,0,0,0,3,7,9,0,2,0,9,9,0,8,9,5,3,7,2,5,4,5,10,2,2,6
n375,7,0,0,0,8,0,3,0,2,2,0,10,5,0,9,8,2,9,4,6,7,10,5,1,9,9,2,1,7,9,3,7,6,7,8,8,5,5,7,0,9,8,3,8,7,0,0,0,3,7,9,0,2,8,9,9,0,8,9,5,3,7,2,5,4,5,10,2,2,6
n378,7,7,0,0,8,5,3,1,2,2,3,10,5,0,9,8,2,9,4,6,7,10,5,1,9,0,2,1,7,9,3,7,6,7,8,8,5,5,7,0,9,8,3,8,5,0,0,0,3,7,9,8,2,4,9,0,0,8,9,5,3,7,2,5,4,0,10,2,2,6
n377,7,0,8,0,8,0,3,0,2,2,0,10,5,0,9,8,2,9,4,6,7,10,5,1,9,0,2,1,7,9,3,7,6,7,8,8,5,5,7,0,9,8,3,8,5,0,0,0,3,7,9,0,2,8,9,0,0,8,9,5,3,7,2,5,4,0,10,2,2,6
n382,7,0,9,0,8,0,3,0,2,2,0,10,5,0,9,8,2,9,4,6,7,10,5,1,0,9,2,1,7,9,3,7,6,7,8,8,5,5,7,0,9,8,3,8,0,0,5,0,9,7,9,0,0,6,0,4,10,8,9,5,3,7,2,5,4,5,10,2,2,6
n381,7,5,9,0,8,0,3,0,2,2,0,10,5,0,9,8,2,9,4,6,7,10,5,1,0,9,2,1,7,9,3,7,6,7,8,8,5,5,7,0,9,8,3,8,0,0,5,0,9,7,9,0,0,6,0,4,10,8,9,5,3,7,2,5,4,5,10,2,2,6
n384,7,5,9,0,8,0,3,0,2,2,0,10,5,0,9,8,2,9,4,6,7,10,5,1,2,9,2,1,7,9,3,7,6,7,8,8,5,5,7,0,9,8,3,8,0,0,7,0,4,7,9,9,9,6,7,0,10,8,9,5,3,7,2,5,4,0,10,2,2,6
n383,7,10,9,0,8,0,3,0,2,2,0,10,5,0,9,8,2,9,4,6,7,10,5,1,0,9,2,1,7,9,3,7,6,7,8,8,5,5,7,4,9,8,3,8,6,0,0,0,9,7,9,8,0,6,0,0,10,8,9,5,3,7,2,5,4,0,10,2,2,6
n396,3,0,10,10,0,8,10,9,2,2,10,1,5,8,9,8,6,9,4,0,10,10,0,1,0,9,2,1,7,10,9,8,6,9,1,8,8,0,7,4,7,5,3,8,9,1,0,10,4,7,9,0,3,0,3,0,10,8,9,9,7,7,2,5,10,7,5,9,5,10
n395,0,0,10,10,0,8,10,9,2,2,10,1,5,8,9,8,6,9,4,0,10,10,0,1,0,0,2,1,7,10,9,8,6,9,1,8,8,0,7,4,7,5,3,8,9,1,0,10,4,7,9,0,3,0,3,0,10,8,9,9,7,7,2,5,10,7,5,9,5,10
n398,0,0,10,10,0,8,10,9,2,2,10,1,5,8,9,8,6,9,4,0,10,10,0,1,0,0,2,1,7,10,9,8,6,9,1,8,8,0,7,4,7,5,3,8,9,1,0,10,4,7,9,0,3,0,3,0,10,8,9,9,7,7,2,5,10,7,5,9,5,10
n397,0,8,10,10,0,8,10,9,2,2,10,1,5,8,9,8,6,9,4,0,10,10,0,1,0,10,2,1,7,10,9,8,6,9,1,8,8,0,7,4,7,5,3,8,9,1,0,10,4,7,9,0,3,0,3,10,10,8,9,9,7,7,2,5,10,7,5,9,5,10
n402,0,0,10,10,0,8,10,9,2,2,10,1,5,8,9,8,6,9,4,0,10,10,0,1,0,5,2,1,7,5,9,8,6,9,1,8,8,0,7,10,7,5,3,8,9,1,4,10,4,7,9,0,3,0,3,0,10,8,9,0,7,7,2,5,10,7,5,9,5,10
n401,0,0,10,10,0,8,10,9,2,2,10,1,5,8,9,8,6,9,4,0,10,10,0,1,0,5,2,1,7,5,9,8,6,9,1,8,8,0,7,10,7,5,3,8,9,1,4,10,4,7,9,0,3,3,3,0,10,8,9,0,7,7,2,5,10,7,5,9,5,10
n404,0,0,10,10,0,8,10,9,2,2,10,1,5,8,9,8,6,9,4,0,10,10,0,1,0,0,2,1,7,5,9,8,6,9,1,8,8,0,7,10,7,5,3,8,9,1,3,10,4,7,9,0,3,0,3,0,10,8,9,2,7,7,2,5,10,7,5,9,5,10
n403,0,5,10,10,0,8,10,9,2,2,10,1,5,8,9,8,6,9,4,0,10,10,0,1,0,0,2,1,7,5,9,8,6,9,1,8,8,3,7,10,7,5,3,8,9,1,7,10,4,7,9,0,3,0,3,0,10,8,9,0,7,7,2,5,10,7,5,9,5,10
n410,8,0,10,10,9,0,10,9,2,2,10,2,5,8,9,8,6,9,4,0,10,10,0,1,0,3,2,1,7,0,9,8,6,9,1,8,8,5,2,0,7,5,3,8,9,1,1,10,4,7,9,2,2,6,3,10,10,8,9,6,7,7,2,5,10,7,5,6,3,10
n409,0,0,10,10,9,0,10,9,2,2,10,2,5,8,9,8,6,9,4,0,10,10,0,1,2,3,2,1,7,0,9,8,6,9,1,8,8,0,9,3,7,5,3,8,9,1,1,10,4,7,9,2,2,6,3,6,10,8,9,6,7,7,2,5,10,7,5,6,0,10
n412,7,0,10,10,9,0,10,9,2,2,10,2,5,8,9,8,6,9,4,0,10,10,0,1,0,3,2,1,7,0,9,8,6,9,1,8,8,7,2,0,7,5,3,8,9,1,1,10,4,7,9,2,2,6,3,0,10,8,9,6,7,7,2,5,10,7,5,6,0,10
n411,0,0,10,10,9,0,10,9,2,2,10,2,5,8,9,8,6,9,4,7,10,10,0,1,0,3,2,1,7,0,9,8,6,9,1,8,8,7,2,0,7,5,3,8,9,1,1,10,4,7,9,2,2,6,3,0,10,8,9,6,7,7,2,5,10,7,5,6,0,10
n416,5,7,10,10,2,0,10,9,2,2,10,4,5,8,9,8,6,9,4,0,10,10,7,1,0,5,2,1,7,9,9,8,6,9,1,8,8,6,5,10,7,5,3,8,9,1,1,10,4,7,9,0,2,6,3,0,10,8,9,0,7,7,2,5,10,7,5,6,0,10
n415,5,7,10,10,2,4,10,9,2,2,10,4,5,8,9,8,6,9,4,0,10,10,7,1,0,5,2,1,7,9,9,8,6,9,1,8,8,0,5,10,7,5,3,8,9,1,1,10,4,7,9,0,2,6,3,6,10,8,9,0,7,7,2,5,10,7,5,6,0,10
n418,0,2,10,10,2,0,10,9,2,2,10,4,5,8,9,8,6,9,4,0,10,10,0,1,8,1,2,1,7,9,9,8,6,9,1,8,8,0,5,0,7,5,3,8,9,1,1,10,4,7,9,0,2,6,3,7,10,8,9,0,7,7,2,5,10,7,5,6,0,10
n417,0,0,10,10,2,0,10,9,2,2,10,4,5,8,9,8,6,9,4,0,10,10,0,1,0,1,2,1,7,9,9,8,6,9,1,8,8,0,5,0,7,5,3,8,9,1,1,10,4,7,9,0,2,6,3,0,10,8,9,0,7,7,2,5,10,7,5,6,0,10
n426,0,5,10,10,0,0,10,1,2,2,10,6,5,8,9,8,5,9,4,0,10,10,9,1,7,5,2,1,7,3,9,8,6,9,6,8,8,7,2,9,7,5,3,8,0,2,0,0,4,7,9,0,8,5,0,7,0,8,9,0,7,7,2,5,10,8,5,0,0,0
n425,0,5,10,10,0,7,10,0,2,2,10,6,5,8,9,8,5,9,4,0,10,10,10,1,0,5,2,1,7,3,9,8,6,9,6,8,8,7,2,9,7,5,3,8,0,2,0,0,4,7,9,2,8,5,5,7,0,8,9,0,7,7,2,5,10,8,5,0,0,0
n428,0,5,10,10,0,0,10,0,2,2,10,6,5,8,9,8,5,9,4,0,10,10,8,1,8,5,2,1,7,3,9,8,6,9,6,8,8,0,2,9,7,5,3,8,0,2,0,0,4,7,9,0,8,0,0,7,0,8,9,0,7,7,2,5,10,8,5,0,0,0
n427,0,5,10,10,0,0,10,0,2,2,10,6,5,8,9,8,5,9,4,0,10,10,8,1,0,5,2,1,7,3,9,8,6,9,6,8,8,0,2,9,7,5,3,8,0,2,0,0,4,7,9,0,8,0,0,7,0,8,9,0,7,7,2,5,10,8,5,0,0,0
n432,0,5,10,10,0,0,10,0,2,2,10,9,5,8,9,8,5,9,4,0,10,10,0,1,9,5,2,1,7,2,9,8,6,9,6,8,8,0,2,9,7,5,3,8,8,3,5,0,4,7,9,0,5,0,0,7,0,8,9,1,7,7,2,5,10,0,5,0,3,3
n431,0,5,10,10,0,0,10,0,2,2,10,9,5,8,9,8,5,9,4,0,10,10,8,1,9,5,2,1,7,2,9,8,6,9,6,8,8,0,2,9,7,5,3,8,8,3,5,0,4,7,9,0,5,0,0,7,0,8,9,0,7,7,2,5,10,0,5,0,3,0
n434,7,5,10,10,0,9,10,9,2,2,10,0,5,8,9,8,5,9,4,0,10,10,0,1,9,5,2,1,7,2,9,8,6,9,6,8,8,0,2,9,7,5,3,8,0,3,7,5,4,7,9,0,3,0,0,7,7,8,9,0,7,7,2,5,10,0,5,0,3,5
n433,0,5,10,10,9,9,10,0,2,2,10,4,5,8,9,8,5,9,4,0,10,10,0,1,9,5,2,1,7,2,9,8,6,9,6,8,8,5,2,9,7,5,3,8,0,3,7,5,4,7,9,0,3,0,0,7,0,8,9,0,7,7,2,5,10,9,5,9,3,5
n440,3,5,10,10,0,3,10,9,2,2,10,0,5,8,9,8,5,9,4,9,10,10,7,1,0,5,2,1,7,6,9,8,6,9,6,8,8,0,2,9,7,5,3,8,0,2,4,0,4,7,9,0,0,0,2,7,0,8,9,1,7,7,2,5,10,4,5,10,0,9
n439,3,5,10,10,0,3,10,9,2,2,10,0,5,8,9,8,5,9,4,9,10,10,7,1,7,5,2,1,7,0,9,8,6,9,6,8,8,3,2,9,7,5,3,8,0,5,4,0,4,7,9,4,2,0,2,7,0,8,9,1,7,7,2,5,10,4,5,10,0,9
n442,3,5,10,10,0,0,10,9,2,2,10,0,5,8,9,8,5,9,4,9,10,10,7,1,9,5,2,1,7,0,9,8,6,9,6,8,8,8,2,9,7,5,3,8,0,0,4,0,4,7,9,2,0,0,2,7,4,8,9,0,7,7,2,5,10,4,5,0,0,9
n441,3,5,10,10,0,0,10,9,2,2,10,6,5,8,9,8,5,9,4,9,10,10,7,1,0,5,2,1,7,0,9,8,6,9,6,8,8,8,2,9,7,5,3,8,0,0,4,0,4,7,9,2,5,0,2,7,4,8,9,0,7,7,2,5,10,4,5,0,0,9
n446,3,5,10,10,0,0,10,9,2,2,10,10,5,8,9,8,5,9,4,9,10,10,0,1,2,5,2,1,7,0,9,8,6,9,6,8,8,0,2,9,7,5,3,8,1,0,3,8,4,7,9,3,0,0,5,7,1,8,9,9,7,7,2,5,10,4,5,0,0,9
n445,3,5,10,10,0,0,10,9,2,2,10,10,5,8,9,8,5,9,4,9,10,10,0,1,2,5,2,1,7,4,9,8,6,9,6,8,8,0,2,9,7,5,3,8,1,0,3,8,4,7,9,3,0,0,5,7,1,8,9,9,7,7,2,5,10,4,5,2,0,9
n448,3,5,10,10,0,2,10,9,2,2,10,0,5,8,9,8,5,9,4,9,10,10,0,1,2,5,2,1,7,9,9,8,6,9,6,8,8,0,2,9,7,5,3,8,1,0,3,8,4,7,9,3,0,0,5,7,1,8,9,9,7,7,2,5,10,4,5,0,0,9
n447,3,5,10,10,0,2,10,9,2,2,10,0,5,8,9,8,5,9,4,9,10,10,0,1,2,5,2,1,7,9,9,8,6,9,6,8,8,0,2,9,7,5,3,8,1,0,3,8,4,7,9,3,0,0,5,7,1,8,9,9,7,7,2,5,10,4,5,7,0,9
n458,7,5,4,10,0,6,10,5,2,2,10,3,5,8,9,8,2,9,4,0,10,10,0,1,0,0,2,1,7,7,2,8,6,9,0,8,8,2,8,0,7,5,3,8,0,9,5,2,9,7,9,0,0,3,9,10,9,8,9,1,1,7,2,0,0,9,5,2,1,0
n457,7,5,4,10,0,6,10,5,2,2,10,4,5,8,9,8,2,9,4,1,10,10,0,1,0,0,2,1,7,7,2,8,6,9,0,8,8,2,8,0,7,5,3,8,0,9,5,2,9,7,9,0,3,3,9,10,9,8,9,1,1,7,2,0,0,9,5,2,1,8
n460,7,5,4,10,0,6,10,0,2,2,10,10,5,8,9,8,2,9,4,7,10,10,0,1,1,0,2,1,7,7,2,8,6,9,0,8,8,2,8,8,7,5,3,8,1,9,5,2,8,7,9,0,9,3,9,10,9,8,9,1,0,7,2,2,0,9,5,2,1,0
n459,7,5,4,10,0,6,10,0,2,2,10,10,5,8,9,8,2,9,4,0,10,10,0,1,1,0,2,1,7,7,2,8,6,9,0,8,8,2,8,0,7,5,3,8,1,9,5,2,8,7,9,0,0,3,9,10,9,8,9,1,0,7,2,0,4,9,5,2,1,7
n464,7,5,8,10,0,6,10,9,2,2,10,0,5,8,9,8,2,9,4,0,10,10,0,1,7,0,2,1,7,7,2,8,6,9,0,8,8,2,0,6,7,5,3,8,8,2,0,2,3,7,9,0,2,3,0,10,9,8,9,0,6,7,2,0,6,4,5,2,0,0
n463,7,5,8,10,0,6,10,9,2,2,10,3,5,8,9,8,2,9,4,0,10,10,0,1,7,0,2,1,7,7,2,8,6,9,0,8,8,2,0,6,7,5,3,8,8,2,0,2,3,7,9,0,2,3,0,10,9,8,9,3,0,7,2,0,6,4,5,2,0,4
n466,7,5,8,10,10,6,10,9,2,2,10,9,5,8,9,8,2,9,4,0,10,10,7,1,0,8,2,1,7,7,2,8,6,9,0,8,8,2,0,0,7,5,3,8,0,0,0,2,0,7,9,0,0,3,0,10,9,8,9,0,0,7,2,0,6,7,5,2,7,0
n465,7,5,8,10,10,6,10,9,2,2,10,9,5,8,9,8,2,9,4,0,10,10,7,1,0,0,2,1,7,7,2,8,6,9,0,8,8,2,9,0,7,5,3,8,0,6,0,2,0,7,9,0,0,3,6,10,9,8,9,2,0,7,2,0,6,7,5,2,0,0
n472,1,0,0,10,3,6,10,10,2,2,10,0,5,8,9,8,2,9,4,2,10,10,0,1,0,0,2,1,7,0,10,8,6,9,3,8,8,2,6,0,7,5,3,8,0,2,0,0,2,7,9,2,4,3,0,8,9,8,9,0,2,7,2,3,0,0,5,2,0,1
n471,1,0,0,10,3,6,10,10,2,2,10,0,5,8,9,8,2,9,4,2,10,10,0,1,0,3,2,1,7,0,10,8,6,9,3,8,8,2,6,0,7,5,3,8,3,2,0,0,2,7,9,0,4,3,0,8,9,8,9,0,2,7,2,4,0,7,5,2,0,1
n474,1,0,0,10,3,6,10,10,2,2,10,0,5,8,9,8,2,9,4,0,10,10,0,1,7,0,2,1,7,0,10,8,6,9,3,8,8,2,6,0,7,5,3,8,0,2,0,0,2,7,9,0,4,3,0,8,9,8,9,0,2,7,2,3,6,0,5,2,0,0
n473,1,2,7,10,3,6,10,10,2,2,10,0,5,8,9,8,2,9,4,0,10,10,8,1,0,0,2,1,7,0,10,8,6,9,3,8,8,2,6,0,7,5,3,8,0,2,0,0,2,7,9,6,4,3,3,8,9,8,9,0,2,7,2,3,0,0,5,2,0,0
n478,1,1,0,10,9,6,10,3,2,2,10,0,5,8,9,8,2,9,4,6,10,10,0,1,0,9,2,1,7,0,10,8,6,9,3,8,8,2,9,5,7,5,3,8,8,0,0,0,2,7,9,0,0,3,0,0,9,8,9,2,0,7,2,1,0,0,5,2,0,1
n477,1,1,3,10,9,6,10,0,2,2,10,5,5,8,9,8,2,9,4,0,10,10,0,1,0,0,2,1,7,0,10,8,6,9,3,8,8,2,9,5,7,5,3,8,8,0,0,0,2,7,9,4,2,3,0,0,9,8,9,2,0,7,2,1,0,0,5,2,0,0
n480,1,2,0,10,0,6,10,6,2,2,10,0,5,8,9,8,2,9,4,0,10,10,5,1,0,0,2,1,7,0,10,8,6,9,3,8,8,2,9,5,7,5,3,8,0,0,5,10,2,7,9,5,0,3,0,0,9,8,9,0,4,7,2,1,5,0,5,2,0,0
n479,1,2,0,10,0,6,10,0,2,2,10,0,5,8,9,8,2,9,4,0,10,10,5,1,0,0,2,1,7,9,10,8,6,9,3,8,8,2,9,5,7,5,3,8,8,0,5,10,2,7,9,5,0,3,0,0,9,8,9,0,0,7,2,1,5,0,5,2,0,0
n488,0,10,2,10,3,7,10,5,2,2,10,2,5,8,9,8,2,9,4,7,10,10,0,1,7,2,2,1,7,10,7,8,6,9,0,8,8,2,1,2,7,5,3,8,1,0,4,10,7,7,9,0,0,6,1,0,5,8,9,0,10,7,2,1,3,8,5,2,0,6
n487,0,10,2,10,3,7,10,4,2,2,10,0,5,8,9,8,2,9,4,7,10,10,0,1,7,2,2,1,7,10,0,8,6,9,0,8,8,2,1,0,7,5,3,8,1,5,4,10,0,7,9,6,0,6,1,0,5,8,9,0,10,7,2,1,3,8,5,2,0,0
n490,0,10,2,10,3,7,10,1,2,2,10,0,5,8,9,8,2,9,4,7,10,10,0,1,2,2,2,1,7,10,0,8,6,9,0,8,8,2,0,0,7,5,3,8,1,5,3,10,0,7,9,9,1,0,1,0,5,8,9,0,10,7,2,1,3,0,5,2,0,0
n489,7,10,2,10,3,7,10,1,2,2,10,10,5,8,9,8,2,9,4,7,10,10,0,1,2,2,2,1,7,10,6,8,6,9,0,8,8,2,0,0,7,5,3,8,1,5,2,10,4,7,9,0,0,0,1,0,5,8,9,0,10,7,2,1,3,0,5,2,6,9
n494,0,10,2,10,1,0,10,0,2,2,10,6,5,8,9,8,2,9,4,0,10,10,0,1,0,2,2,1,7,10,0,8,6,9,6,8,8,2,0,0,7,5,3,8,1,0,7,10,0,7,9,8,6,0,0,1,0,8,9,0,10,7,2,1,3,0,5,2,4,0
n493,0,10,2,10,1,0,10,0,2,2,10,6,5,8,9,8,2,9,4,0,10,10,0,1,0,2,2,1,7,10,0,8,6,9,0,8,8,2,0,0,7,5,3,8,1,3,7,10,0,7,9,8,0,0,5,1,0,8,9,0,10,7,2,1,3,0,5,2,4,6
n496,0,10,2,10,0,7,10,0,2,2,10,6,5,8,9,8,2,9,4,7,10,10,4,1,0,2,2,1,7,10,8,8,6,9,0,8,8,2,0,8,7,5,3,8,1,0,7,10,4,7,9,0,0,0,0,0,0,8,9,0,10,7,2,1,3,0,5,2,0,0
n495,3,10,2,10,0,7,10,0,2,2,10,6,5,8,9,8,2,9,4,0,10,10,0,1,0,2,2,1,7,10,4,8,6,9,0,8,8,2,10,8,7,5,3,8,1,0,7,10,0,7,9,6,10,4,6,0,3,8,9,0,10,7,2,1,3,0,5,2,5,0
n502,7,0,2,10,8,0,10,0,2,2,10,0,5,8,9,8,2,9,4,2,10,10,0,1,2,7,2,1,7,10,7,8,6,9,0,8,8,2,2,5,7,5,3,8,1,0,4,10,0,7,9,0,0,8,0,0,5,8,9,2,10,7,2,9,3,9,5,2,6,8
n501,7,0,2,10,8,0,10,0,2,2,10,0,5,8,9,8,2,9,4,2,10,10,0,1,2,7,2,1,7,10,7,8,6,9,0,8,8,2,0,5,7,5,3,8,1,0,4,10,0,7,9,0,0,8,0,0,5,8,9,2,10,7,2,9,3,9,5,2,0,8
n504,7,0,2,10,8,1,10,0,2,2,10,0,5,8,9,8,2,9,4,0,10,10,5,1,2,1,2,1,7,10,7,8,6,9,0,8,8,2,0,5,7,5,3,8,1,4,4,10,0,7,9,10,0,6,2,0,0,8,9,2,10,7,2,9,3,9,5,2,3,8
n503,7,0,2,10,8,0,10,0,2,2,10,0,5,8,9,8,2,9,4,0,10,10,0,1,2,0,2,1,7,10,7,8,6,9,0,8,8,2,0,5,7,5,3,8,1,4,4,10,0,7,9,10,0,6,0,0,5,8,9,2,10,7,2,9,3,9,5,2,3,8
n508,7,4,2,10,0,7,10,0,2,2,10,0,5,8,9,8,2,9,4,1,10,10,10,1,0,0,2,1,7,10,1,8,6,9,4,8,8,2,7,6,7,5,3,8,1,8,4,10,0,7,9,1,0,0,0,0,8,8,9,0,10,7,2,9,3,0,5,2,0,0
n507,7,0,2,10,0,7,10,8,2,2,10,0,5,8,9,8,2,9,4,1,10,10,10,1,4,7,2,1,7,10,1,8,6,9,4,8,8,2,0,6,7,5,3,8,1,8,4,10,0,7,9,0,4,0,8,0,8,8,9,0,10,7,2,9,3,0,5,2,0,0
n510,7,4,2,10,0,7,10,0,2,2,10,0,5,8,9,8,2,9,4,3,10,10,10,1,0,0,2,1,7,10,1,8,6,9,0,8,8,2,0,5,7,5,3,8,1,0,4,10,0,7,9,0,0,0,0,0,4,8,9,0,10,7,2,9,3,9,5,2,1,0
n509,7,0,2,10,0,7,10,0,2,2,10,0,5,8,9,8,2,9,4,0,10,10,10,1,0,0,2,1,7,10,1,8,6,9,0,8,8,2,0,0,7,5,3,8,1,0,4,10,0,7,9,0,0,0,0,0,4,8,9,0,10,7,2,9,3,9,5,2,0,4
