cell,r1,r2,r3,r4,r5,r6,r7,r8,r9,r10,r11,r12,r13,r14,r15,r16,r17,r18,r19,r20,r21,r22,r23,r24,r25,r26,r27,r28,r29,r30
n16,0,9,0,6,8,8,2,8,7,10,1,9,6,2,2,1,6,0,10,4,0,3,8,1,3,2,8,10,10,10
n15,0,9,0,6,8,8,2,8,7,10,1,9,6,2,2,1,6,0,10,4,0,3,8,1,3,2,8,10,10,10
n18,10,9,3,6,8,8,2,8,7,10,1,9,6,2,2,1,6,1,10,4,2,3,8,0,3,2,8,10,10,10
n17,10,9,0,6,8,8,2,8,7,10,1,9,6,2,2,1,6,1,10,4,2,3,8,7,3,2,8,10,10,10
n22,6,9,0,6,8,8,2,8,7,10,1,9,6,0,2,1,6,0,10,4,5,3,8,1,3,2,7,10,10,10
n21,6,9,0,6,8,8,2,8,7,10,1,9,6,0,2,1,6,0,10,4,5,3,8,1,3,2,7,10,10,10
n24,6,9,0,6,8,8,2,8,7,10,1,9,6,5,2,1,6,3,10,4,5,3,8,1,3,2,7,10,10,10
n23,6,9,0,6,8,8,2,8,7,10,1,9,6,0,2,1,6,0,10,4,5,3,8,1,3,2,7,10,10,10
n30,6,9,0,6,8,8,2,8,7,10,0,9,6,9,2,1,6,0,0,4,9,3,8,10,3,2,0,10,10,10
n29,6,9,0,6,8,8,2,8,7,10,9,9,6,6,2,1,6,0,0,4,9,3,8,10,3,2,0,10,10,10
n32,6,9,0,6,8,8,2,8,7,10,0,9,6,5,2,1,6,3,0,4,9,3,8,10,3,2,0,10,10,10
n31,6,9,0,6,8,8,2,8,7,10,0,9,6,0,2,1,6,0,0,4,9,3,8,10,3,2,0,10,10,10
n36,6,9,7,6,8,8,2,8,7,10,8,9,6,10,2,1,6,0,4,4,9,3,8,8,3,2,0,10,10,10
n35,6,9,7,6,8,8,2,8,7,10,0,9,6,0,2,1,6,0,0,4,9,3,8,8,3,2,0,10,10,10
n38,6,9,0,6,8,8,2,8,7,10,0,9,6,0,2,1,6,7,0,4,9,3,8,0,3,2,0,10,10,10
n37,6,9,0,6,8,8,2,8,7,10,0,9,6,0,2,1,6,7,0,4,9,3,8,3,3,2,1,10,10,10
n46,1,9,7,6,8,8,2,8,7,10,1,9,6,0,2,0,6,9,4,4,0,3,8,2,3,2,0,0,10,10
n45,1,9,7,6,8,8,2,8,7,10,0,9,6,0,2,0,6,9,4,4,0,3,8,2,3,2,3,9,10,10
n48,1,9,7,6,8,8,2,8,7,10,0,9,6,0,2,0,6,9,4,4,0,3,8,2,3,2,0,0,10,10
n47,1,9,7,6,8,8,2,8,7,10,0,9,6,0,2,0,6,9,4,4,0,3,8,2,3,2,0,0,10,10
n52,1,9,0,6,8,8,2,8,7,10,0,9,6,0,2,10,6,9,2,4,6,3,8,2,3,2,3,0,10,10
n51,1,9,0,6,8,8,2,8,7,10,0,9,6,0,2,10,6,9,2,4,6,3,8,2,3,2,3,4,10,10
n54,1,9,0,6,8,8,2,8,7,10,1,9,6,5,2,10,6,9,0,4,6,3,8,2,3,2,0,0,10,10
n53,1,9,4,6,8,8,2,8,7,10,1,9,6,5,2,10,6,9,0,4,6,3,8,2,3,2,0,9,10,10
n60,1,9,6,6,8,8,2,8,7,10,9,9,6,8,0,0,6,9,10,4,8,3,8,2,3,2,0,10,10,10
n59,1,9,7,6,8,8,2,8,7,10,9,9,6,8,0,0,6,9,10,4,8,3,8,2,3,2,7,10,10,10
n62,1,9,0,6,8,8,2,8,7,10,7,9,6,0,4,10,6,9,10,4,3,3,8,2,3,2,0,10,10,10
n61,1,9,0,6,8,8,2,8,7,10,7,9,6,0,4,0,6,9,10,4,3,3,8,2,3,2,0,10,10,10
n66,1,9,0,6,8,8,2,8,7,10,0,9,6,7,1,2,6,9,0,4,0,3,8,2,3,2,4,10,10,10
n65,1,9,0,6,8,8,2,8,7,10,0,9,6,7,1,2,6,9,0,4,0,3,8,2,3,2,4,10,10,10
n68,1,9,6,6,8,8,2,8,7,10,0,9,6,7,0,2,6,9,0,4,0,3,8,2,3,2,4,10,10,10
n67,1,9,6,6,8,8,2,8,7,10,0,9,6,7,0,2,6,9,0,4,0,3,8,2,3,2,4,10,10,10
n78,3,9,1,6,8,8,2,4,7,10,0,9,6,10,6,0,9,5,8,4,0,3,8,7,2,2,0,10,10,10
n77,3,9,1,6,8,8,2,4,7,10,5,9,6,10,6,0,9,5,8,4,7,3,8,7,2,2,0,10,10,10
n80,3,9,1,6,8,8,2,4,7,10,0,9,6,10,6,0,9,5,8,4,0,3,8,0,9,2,0,10,10,10
n79,3,9,1,6,8,8,2,4,7,10,6,9,6,10,6,0,9,5,8,4,0,3,8,0,5,2,0,10,10,10
n84,0,9,1,6,8,8,2,4,7,10,0,9,6,0,6,0,9,5,9,4,0,3,8,0,0,2,0,0,10,10
n83,3,9,1,6,8,8,2,4,7,10,0,9,6,0,6,0,9,5,9,4,4,3,8,0,0,2,0,0,10,10
n86,5,9,1,6,8,8,2,4,7,10,0,9,6,8,6,10,9,5,1,4,0,3,8,0,0,2,0,0,10,10
n85,5,9,1,6,8,8,2,4,7,10,0,9,6,0,6,5,9,5,1,4,9,3,8,0,0,2,0,10,10,10
n92,3,9,1,6,8,8,2,1,7,10,0,9,6,9,6,7,9,5,8,4,0,3,8,9,4,2,0,0,10,10
n91,0,9,1,6,8,8,2,1,7,10,0,9,6,9,6,7,9,5,8,4,0,3,8,9,4,2,0,0,10,10
n94,0,9,1,6,8,8,2,1,7,10,8,9,6,0,6,7,9,5,0,4,0,3,8,9,4,2,0,0,10,10
n93,9,9,1,6,8,8,2,1,7,10,8,9,6,0,6,7,9,5,0,4,0,3,8,9,4,2,0,0,10,10
n98,10,9,1,6,8,8,2,1,7,10,0,9,6,0,6,7,9,5,0,4,5,3,8,9,4,2,0,0,10,10
n97,0,9,1,6,8,8,2,1,7,10,0,9,6,0,6,7,9,5,2,4,5,3,8,9,4,2,0,10,10,10
n100,1,9,1,6,8,8,2,1,7,10,7,9,6,1,6,7,9,5,2,4,5,3,8,9,4,2,0,6,10,10
n99,1,9,1,6,8,8,2,1,7,10,0,9,6,1,6,7,9,5,0,4,5,3,8,9,4,2,7,6,10,10
n108,8,9,0,6,8,8,2,1,7,10,3,9,6,0,0,9,9,5,8,4,10,3,8,0,2,2,0,3,10,10
n107,8,9,0,6,8,8,2,1,7,10,3,9,6,0,0,0,9,5,8,4,10,3,8,0,2,2,0,3,10,10
n110,8,9,0,6,8,8,2,1,7,10,3,9,6,4,0,3,9,5,8,4,1,3,8,0,2,2,8,3,10,10
n109,8,9,0,6,8,8,2,1,7,10,3,9,6,4,5,0,9,5,8,4,1,3,8,3,2,2,8,3,10,10
n114,8,9,0,6,8,8,2,1,7,10,3,9,6,7,0,9,9,5,0,4,0,3,8,0,2,2,0,3,10,10
n113,8,9,0,6,8,8,2,1,7,10,3,9,6,7,0,9,9,5,0,4,0,3,8,0,2,2,0,3,10,10
n116,8,9,0,6,8,8,2,1,7,10,3,9,6,7,10,9,9,5,2,4,0,3,8,6,2,2,0,3,10,10
n115,8,9,0,6,8,8,2,1,7,10,3,9,6,7,10,9,9,5,2,4,8,3,8,6,2,2,0,3,10,10
n122,8,9,8,6,8,8,2,1,7,10,3,9,6,4,5,1,9,5,8,4,0,3,8,0,2,2,0,3,10,10
n121,8,9,0,6,8,8,2,1,7,10,3,9,6,4,0,1,9,5,10,4,0,3,8,0,2,2,0,3,10,10
n124,8,9,0,6,8,8,2,1,7,10,3,9,6,4,0,1,9,5,0,4,0,3,8,2,2,2,8,3,10,10
n123,8,9,0,6,8,8,2,1,7,10,3,9,6,4,0,1,9,5,6,4,3,3,8,2,2,2,8,3,10,10
n128,8,9,0,6,8,8,2,1,7,10,3,9,6,4,0,1,9,5,7,4,0,3,8,4,2,2,0,3,10,10
n127,8,9,0,6,8,8,2,1,7,10,3,9,6,4,7,1,9,5,7,4,0,3,8,4,2,2,0,3,10,10
n130,8,9,0,6,8,8,2,1,7,10,3,9,6,4,0,1,9,5,7,4,0,3,8,4,2,2,6,3,10,10
n129,8,9,0,6,8,8,2,1,7,10,3,9,6,4,0,1,9,5,7,4,3,3,8,4,2,2,6,3,10,10
n142,2,9,2,6,8,0,2,6,7,10,2,7,6,9,10,1,0,2,3,4,10,3,8,2,3,2,3,7,10,6
n141,2,9,2,6,8,8,2,6,7,10,2,7,6,9,10,1,0,9,3,4,10,3,8,2,3,2,3,7,10,6
n144,2,9,2,6,8,0,2,6,7,10,2,7,6,9,10,1,4,4,3,4,10,3,8,2,3,2,3,7,10,6
n143,2,9,2,6,8,0,2,6,7,10,2,7,6,9,10,1,4,4,3,4,10,3,8,2,3,2,3,7,10,6
n148,2,9,0,6,8,8,2,6,7,10,2,7,6,9,10,1,0,0,3,4,10,3,8,5,0,2,7,7,10,6
n147,2,9,0,6,8,8,2,6,7,10,2,7,6,9,10,1,0,0,3,4,10,3,8,5,0,2,7,7,10,6
n150,2,9,8,6,8,8,2,6,7,10,2,7,6,9,10,1,0,0,3,4,10,3,8,5,0,2,7,7,10,6
n149,2,9,4,6,8,8,2,6,7,10,2,7,6,9,10,1,0,0,3,4,10,3,8,5,0,2,7,7,10,6
n156,2,9,0,6,8,8,2,6,7,10,2,7,6,9,7,1,0,0,3,4,10,3,8,8,0,2,8,7,10,6
n155,2,9,0,6,8,8,2,6,7,10,2,7,6,9,7,1,0,0,3,4,10,3,8,8,0,2,8,7,10,6
n158,2,9,0,6,8,8,2,6,7,10,2,7,6,9,7,1,1,0,3,4,10,3,8,3,2,2,8,7,10,6
n157,2,9,0,6,8,8,2,6,7,10,2,7,6,9,7,1,0,0,3,4,10,3,8,0,0,2,8,7,10,6
n162,2,9,0,6,8,8,2,6,7,10,2,7,6,9,7,1,9,0,3,4,10,3,8,10,0,2,8,7,10,6
n161,2,9,6,6,8,8,2,6,7,10,2,7,6,9,7,1,9,1,3,4,10,3,8,10,0,2,8,7,10,6
n164,2,9,0,6,8,8,2,6,7,10,2,7,6,9,7,1,9,6,3,4,10,3,8,10,10,2,8,7,10,6
n163,2,9,0,6,8,8,2,6,7,10,2,7,6,9,7,1,9,6,3,4,10,3,8,10,10,2,8,7,10,6
n172,2,9,1,6,8,1,2,6,7,10,0,7,6,9,0,0,4,0,2,4,10,3,8,0,8,2,5,7,10,6
n171,2,9,1,6,8,1,2,6,7,10,0,7,6,9,9,0,4,0,2,4,0,3,8,0,8,2,5,7,10,6
n174,2,9,1,6,8,1,2,6,7,10,9,7,6,9,0,7,4,0,2,4,3,3,8,0,8,2,5,7,10,6
n173,2,9,1,6,8,1,2,6,7,10,0,7,6,9,0,7,4,0,2,4,0,3,8,0,8,2,5,7,10,6
n178,2,9,1,6,8,1,2,6,7,10,0,7,6,9,0,8,4,6,2,4,0,3,8,0,1,2,5,7,10,6
n177,2,9,1,6,8,1,2,6,7,10,0,7,6,9,0,0,4,6,2,4,0,3,8,4,1,2,5,7,10,6
n180,2,9,1,6,8,1,2,6,7,10,0,7,6,9,0,3,4,8,2,4,3,3,8,7,1,2,5,7,10,6
n179,2,9,1,6,8,1,2,6,7,10,0,7,6,9,0,3,4,0,2,4,3,3,8,0,1,2,5,7,10,6
n186,2,9,8,6,8,10,2,6,7,10,9,7,6,9,6,0,8,8,2,4,0,3,8,0,7,2,0,7,10,6
n185,2,9,8,6,8,10,2,6,7,10,9,7,6,9,6,0,8,0,2,4,9,3,8,0,7,2,9,7,10,6
n188,2,9,8,6,8,10,2,6,7,10,9,7,6,9,6,0,8,0,2,4,0,3,8,0,7,2,0,7,10,6
n187,2,9,8,6,8,10,2,6,7,10,9,7,6,9,6,0,8,0,2,4,0,3,8,0,7,2,0,7,10,6
n192,2,9,8,6,8,10,2,6,7,10,0,7,6,9,6,0,5,0,2,4,1,3,8,2,7,2,0,7,10,6
n191,2,9,8,6,8,10,2,6,7,10,0,7,6,9,6,0,5,0,2,4,6,3,8,5,7,2,1,7,10,6
n194,2,9,8,6,8,10,2,6,7,10,0,7,6,9,6,8,0,5,2,4,0,3,8,0,7,2,0,7,10,6
n193,2,9,8,6,8,10,2,6,7,10,0,7,6,9,6,8,0,5,2,4,0,3,8,0,7,2,0,7,10,6
n204,10,9,1,6,8,4,2,6,7,10,4,7,6,9,0,1,0,3,7,4,0,3,8,0,7,2,3,7,10,0
n203,10,9,1,6,8,4,2,6,7,10,4,7,6,9,0,0,0,3,7,4,0,3,8,0,7,2,3,7,10,0
n206,10,9,1,6,8,4,2,6,7,10,4,7,6,9,0,0,4,3,7,4,0,3,8,0,7,2,3,7,10,0
n205,10,9,1,6,8,4,2,6,7,10,4,7,6,9,0,0,4,3,7,4,2,3,8,0,7,2,3,7,10,0
n210,10,9,1,6,8,4,2,6,7,10,4,7,6,9,0,0,0,0,7,4,1,3,8,3,5,2,3,7,10,0
n209,10,9,1,6,8,4,2,6,7,10,4,7,6,9,5,0,0,0,7,4,0,3,8,3,5,2,3,7,10,0
n212,10,9,1,6,8,4,2,6,7,10,4,7,6,9,0,0,0,0,7,4,0,3,8,3,5,2,3,7,10,0
n211,10,9,1,6,8,4,2,6,7,10,4,7,6,9,0,0,3,5,7,4,0,3,8,3,5,2,3,7,10,0
n218,0,9,1,6,8,4,2,6,7,10,2,7,6,9,0,9,4,7,10,4,2,3,8,4,7,2,3,7,10,7
n217,0,9,1,6,8,4,2,6,7,10,2,7,6,9,0,9,4,7,9,4,2,3,8,4,7,2,3,7,10,7
n220,0,9,1,6,8,4,2,6,7,10,0,7,6,9,0,9,4,0,0,4,2,3,8,4,7,2,3,7,10,0
n219,0,9,1,6,8,4,2,6,7,10,0,7,6,9,10,9,4,0,0,4,2,3,8,4,7,2,3,7,10,0
n224,0,9,1,6,8,4,2,6,7,10,0,7,6,9,0,9,4,6,2,4,2,3,8,0,7,2,3,7,10,4
n223,0,9,1,6,8,4,2,6,7,10,0,7,6,9,6,9,4,0,0,4,2,3,8,0,7,2,3,7,10,4
n226,0,9,1,6,8,4,2,6,7,10,4,7,6,9,0,9,4,0,0,4,2,3,8,0,7,2,3,7,10,3
n225,0,9,1,6,8,4,2,6,7,10,0,7,6,9,0,9,4,9,0,4,2,3,8,1,7,2,3,7,10,3
n234,6,9,1,6,8,5,2,6,7,10,0,7,6,9,3,7,0,0,0,4,9,3,8,10,0,2,3,7,10,4
n233,5,9,1,6,8,5,2,6,7,10,0,7,6,9,3,7,0,3,0,4,9,3,8,10,0,2,3,7,10,0
n236,0,9,1,6,8,5,2,6,7,10,1,7,6,9,3,7,0,0,9,4,9,3,8,0,0,2,3,7,10,4
n235,4,9,1,6,8,5,2,6,7,10,0,7,6,9,3,7,4,0,0,4,9,3,8,0,0,2,3,7,10,0
n240,0,9,1,6,8,5,2,6,7,10,9,7,6,9,4,7,1,0,3,4,9,3,8,0,0,2,3,7,10,0
n239,0,9,1,6,8,5,2,6,7,10,9,7,6,9,4,7,1,2,0,4,9,3,8,0,0,2,3,7,10,0
n242,0,9,1,6,8,5,2,6,7,10,9,7,6,9,0,7,1,6,9,4,9,3,8,0,0,2,3,7,10,5
n241,0,9,1,6,8,5,2,6,7,10,9,7,6,9,0,7,1,0,9,4,9,3,8,0,0,2,3,7,10,1
n248,9,9,1,6,8,5,2,6,7,10,0,7,6,9,2,2,0,0,0,4,9,3,8,0,3,2,3,7,10,10
n247,9,9,1,6,8,5,2,6,7,10,0,7,6,9,2,6,0,0,0,4,9,3,8,0,0,2,3,7,10,10
n250,9,9,1,6,8,5,2,6,7,10,0,7,6,9,2,0,0,0,0,4,9,3,8,0,0,2,3,7,10,10
n249,9,9,1,6,8,5,2,6,7,10,0,7,6,9,2,0,0,0,0,4,9,3,8,0,0,2,3,7,10,10
n254,0,9,1,6,8,5,2,6,7,10,0,7,6,9,2,2,0,8,8,4,9,3,8,0,0,2,3,7,10,10
n253,0,9,1,6,8,5,2,6,7,10,3,7,6,9,2,2,5,0,8,4,9,3,8,2,0,2,3,7,10,10
n256,0,9,1,6,8,5,2,6,7,10,0,7,6,9,2,2,0,0,0,4,9,3,8,0,1,2,3,7,10,10
n255,0,9,1,6,8,5,2,6,7,10,0,7,6,9,2,2,0,0,0,4,9,3,8,0,1,2,3,7,10,10
n270,9,2,6,10,10,10,0,0,7,10,4,3,6,3,5,3,6,0,0,4,3,3,8,9,10,2,2,6,10,0
n269,9,2,6,10,10,10,0,0,7,10,4,3,6,3,5,3,6,0,0,4,3,3,8,9,10,2,2,6,10,0
n272,9,2,6,10,10,10,2,0,7,10,4,3,6,3,5,0,6,6,0,4,3,3,0,9,10,2,2,6,10,6
n271,9,2,6,10,10,10,2,10,7,10,4,3,6,3,5,0,6,6,0,4,3,3,0,9,10,2,2,6,10,6
n276,9,2,6,3,10,2,3,0,7,10,0,3,6,3,5,6,6,0,0,4,0,3,7,0,10,2,2,6,10,7
n275,9,2,6,3,10,2,3,0,7,10,0,3,6,3,5,0,6,5,0,4,0,3,7,0,10,2,2,6,10,7
n278,9,2,6,0,10,2,0,3,7,10,5,3,6,3,5,2,6,0,0,4,0,3,7,0,10,2,2,6,10,7
n277,9,2,6,0,10,2,0,3,7,10,0,3,6,3,5,2,6,2,0,4,0,3,7,0,10,2,2,6,10,7
n284,9,2,6,0,10,0,6,3,7,10,8,3,6,3,5,0,0,8,4,4,0,3,1,3,10,2,2,6,10,9
n283,9,2,6,0,10,0,6,3,7,10,8,3,6,3,5,0,0,8,4,4,0,3,1,0,10,2,2,6,10,9
n286,9,2,6,0,10,0,6,3,7,10,8,3,6,3,5,0,0,0,4,4,0,3,1,3,10,2,2,6,10,9
n285,9,2,6,0,10,0,6,3,7,10,8,3,6,3,5,0,9,0,4,4,8,3,1,3,10,2,2,6,10,9
n290,9,2,6,7,10,10,6,3,7,10,8,3,6,3,5,2,0,0,0,4,3,3,1,0,10,2,2,6,10,9
n289,9,2,6,7,10,10,6,3,7,10,8,3,6,3,5,2,10,0,0,4,3,3,1,0,10,2,2,6,10,9
n292,9,2,6,0,10,6,6,3,7,10,8,3,6,3,5,2,1,2,0,4,3,3,1,0,10,2,2,6,10,9
n291,9,2,6,0,10,6,6,3,7,10,8,3,6,3,5,2,0,2,0,4,3,3,1,0,10,2,2,6,10,9
n300,9,9,6,1,9,6,8,0,7,10,0,3,6,3,5,8,4,10,0,4,10,3,0,7,10,2,2,1,10,0
n299,9,9,6,1,9,6,8,10,7,10,0,3,6,3,5,8,4,10,0,4,10,3,0,7,10,2,2,1,10,9
n302,9,9,6,1,9,0,8,0,7,10,0,3,6,3,5,0,4,10,0,4,10,3,3,7,10,2,2,1,10,0
n301,9,9,6,1,9,0,8,1,7,10,0,3,6,3,5,0,4,10,0,4,10,3,3,7,10,2,2,1,10,0
n306,9,9,6,1,9,0,8,4,7,10,5,3,6,3,5,6,9,10,8,4,10,3,0,7,10,2,2,1,10,0
n305,9,9,6,1,9,0,8,4,7,10,0,3,6,3,5,0,9,10,8,4,10,3,0,7,10,2,2,1,10,0
n308,9,9,6,1,9,0,8,4,7,10,5,3,6,3,5,4,10,10,8,4,10,3,5,7,10,2,2,1,10,0
n307,9,9,6,1,9,9,8,4,7,10,0,3,6,3,5,0,2,10,8,4,10,3,5,7,10,2,2,1,10,1
n314,9,9,6,1,9,3,8,0,7,10,0,3,6,3,5,0,0,9,4,4,0,3,10,0,10,2,2,8,10,0
n313,9,9,6,1,9,3,8,7,7,10,0,3,6,3,5,0,4,0,4,4,0,3,10,0,10,2,2,8,10,0
n316,9,9,6,1,9,3,8,0,7,10,9,3,6,3,5,0,0,0,4,4,0,3,10,1,10,2,2,8,10,0
n315,9,9,6,1,9,3,8,0,7,10,9,3,6,3,5,0,0,0,4,4,0,3,10,1,10,2,2,8,10,7
n320,9,9,6,1,9,3,8,7,7,10,0,3,6,3,5,0,3,0,0,4,10,3,5,2,10,2,2,8,10,6
n319,9,9,6,1,9,3,8,0,7,10,0,3,6,3,5,0,3,0,0,4,0,3,5,2,10,2,2,8,10,5
n322,9,9,6,1,9,3,8,0,7,10,0,3,6,3,5,0,3,0,1,4,0,3,0,0,10,2,2,8,10,10
n321,9,9,6,1,9,3,8,0,7,10,0,3,6,3,5,0,3,0,1,4,0,3,0,0,10,2,2,8,10,10
n332,0,2,1,9,1,0,5,8,7,10,0,3,6,8,7,3,0,0,8,4,2,3,3,6,10,2,2,9,10,5
n331,9,0,1,9,1,0,5,8,7,10,0,3,6,8,0,0,0,0,8,4,2,3,3,0,10,2,2,9,10,5
n334,2,0,1,9,1,0,5,8,7,10,0,3,6,8,0,0,0,3,8,4,0,3,9,1,10,2,2,9,10,5
n333,0,0,1,9,1,0,5,8,7,10,0,3,6,8,3,8,0,0,8,4,0,3,0,1,10,2,2,9,10,5
n338,0,10,5,4,0,0,5,8,7,10,9,3,6,8,0,1,0,2,0,4,0,3,2,0,10,2,2,9,10,9
n337,0,10,0,4,0,0,5,8,7,10,0,3,6,8,7,0,7,0,0,4,0,3,2,0,10,2,2,9,10,0
n340,0,3,0,4,9,0,5,8,7,10,2,3,6,8,0,0,0,3,9,4,0,3,2,0,10,2,2,9,10,0
n339,5,3,0,4,9,0,5,8,7,10,0,3,6,8,0,0,0,3,8,4,0,3,2,1,10,2,2,9,10,0
n346,0,0,10,6,10,8,5,8,7,10,4,3,6,8,4,7,0,0,0,4,8,3,0,7,10,2,2,9,10,6
n345,0,0,10,6,10,8,5,8,7,10,4,3,6,8,4,7,0,0,7,4,8,3,0,0,10,2,2,9,10,6
n348,5,2,10,6,0,8,5,8,7,10,4,3,6,8,4,7,0,0,0,4,1,3,8,4,10,2,2,9,10,6
n347,0,0,10,6,0,8,5,8,7,10,4,3,6,8,4,7,0,0,0,4,0,3,0,0,10,2,2,9,10,6
n352,4,0,10,6,0,8,5,8,7,10,8,3,6,8,0,7,0,2,5,4,0,3,0,0,10,2,2,9,10,6
n351,4,0,10,6,0,8,5,8,7,10,8,3,6,8,0,7,0,2,5,4,0,3,0,9,10,2,2,9,10,6
n354,4,0,10,6,0,8,5,8,7,10,8,3,6,8,5,7,7,0,5,4,0,3,1,0,10,2,2,9,10,6
n353,4,0,10,6,0,8,5,8,7,10,8,3,6,8,0,7,0,0,5,4,0,3,1,0,10,2,2,9,10,6
n362,4,0,0,0,0,10,9,0,7,10,8,3,6,8,0,0,2,2,7,4,4,3,4,8,10,2,2,9,10,0
n361,3,3,0,0,0,10,0,4,7,10,8,3,6,8,5,0,2,2,7,4,4,3,0,8,10,2,2,9,10,0
n364,0,0,4,0,0,10,0,8,7,10,0,3,6,8,0,3,2,6,7,4,4,3,0,8,10,2,2,9,10,0
n363,0,0,4,0,0,10,0,0,7,10,0,3,6,8,0,3,2,6,7,4,4,3,0,8,10,2,2,9,10,0
n368,0,2,0,0,0,10,0,0,7,10,0,3,6,8,2,5,2,9,7,4,4,3,0,8,10,2,2,9,10,3
n367,1,2,0,0,0,10,5,4,7,10,0,3,6,8,2,5,2,9,7,4,4,3,8,8,10,2,2,9,10,3
n370,0,2,3,4,1,10,0,0,7,10,4,3,6,8,0,0,2,9,7,4,4,3,0,8,10,2,2,9,10,0
n369,0,2,7,4,0,10,2,0,7,10,4,3,6,8,0,0,2,9,7,4,4,3,0,8,10,2,2,9,10,1
n376,5,9,1,2,0,10,6,5,7,10,10,3,6,8,0,0,5,0,0,4,0,3,1,0,10,2,2,9,10,3
n375,5,9,0,2,0,10,6,5,7,10,10,3,6,8,0,0,5,8,0,4,0,3,1,0,10,2,2,9,10,3
n378,5,0,4,2,8,10,6,5,7,10,7,3,6,8,0,0,5,10,0,4,0,3,1,0,10,2,2,9,10,3
n377,5,0,0,2,9,10,6,5,7,10,7,3,6,8,0,0,5,0,0,4,0,3,1,0,10,2,2,9,10,3
n382,0,9,0,0,0,10,0,0,7,10,0,3,6,8,6,0,5,6,0,4,0,3,1,0,10,2,2,9,10,3
n381,0,0,7,0,0,10,0,0,7,10,0,3,6,8,6,0,5,6,4,4,0,3,1,0,10,2,2,9,10,3
n384,0,0,0,5,0,10,0,0,7,10,0,3,6,8,4,6,5,6,0,4,0,3,1,6,10,2,2,9,10,3
n383,3,0,0,6,0,10,0,0,7,10,0,3,6,8,0,6,5,6,0,4,0,3,1,0,10,2,2,9,10,3
n396,10,0,9,6,0,10,0,2,7,10,6,2,6,10,1,0,9,0,0,4,2,3,0,9,10,2,2,6,2,10
n395,10,0,9,6,0,10,1,2,7,10,6,2,6,10,1,0,9,0,0,4,2,3,1,9,10,2,2,6,2,10
n398,10,0,9,6,0,10,0,2,7,10,6,2,6,10,1,0,9,0,0,4,2,3,0,9,10,2,2,6,2,10
n397,10,0,9,6,0,10,0,2,7,10,6,2,6,10,1,0,9,0,0,4,2,3,0,9,10,2,2,6,2,10
n402,10,9,0,6,0,10,0,2,7,10,6,2,6,10,1,0,9,0,7,4,2,3,4,9,10,2,2,5,2,10
n401,10,9,4,6,3,10,0,2,7,10,6,2,6,10,1,0,9,0,0,4,2,3,4,9,10,2,2,5,2,10
n404,10,0,9,6,0,10,0,2,7,10,6,2,6,10,1,0,9,7,0,4,2,3,4,9,10,2,2,5,2,10
n403,10,9,0,6,8,10,0,2,7,10,6,2,6,10,1,7,9,10,0,4,2,3,4,9,10,2,2,5,2,10
n410,10,8,0,5,5,10,8,2,7,10,6,2,6,10,1,1,9,0,5,4,0,3,1,9,10,2,2,9,2,10
n409,10,8,0,5,5,10,8,2,7,10,6,2,6,10,1,1,9,0,5,4,0,3,1,9,10,2,2,9,2,10
n412,10,8,0,0,5,10,8,2,7,10,6,2,6,10,1,1,9,0,5,4,0,3,1,9,10,2,2,9,2,10
n411,10,8,0,0,5,10,8,2,7,10,6,2,6,10,1,1,9,0,5,4,0,3,1,9,10,2,2,9,2,10
n416,10,0,0,0,5,10,8,2,7,10,6,2,6,10,1,0,9,3,5,4,10,3,0,9,10,2,2,9,2,10
n415,10,0,0,0,5,10,8,2,7,10,6,2,6,10,1,0,9,3,5,4,10,3,0,9,10,2,2,9,2,10
n418,10,0,0,7,5,10,8,2,7,10,6,2,6,10,1,0,9,0,5,4,10,3,0,9,10,2,2,9,2,10
n417,10,5,0,0,5,10,8,2,7,10,6,2,6,10,1,0,9,10,5,4,10,3,0,9,10,2,2,9,2,10
n426,10,0,5,0,0,0,5,2,7,10,5,2,6,9,1,6,9,0,0,4,0,3,0,9,10,2,2,1,2,3
n425,10,0,5,0,0,0,5,2,7,10,0,2,6,9,1,6,9,10,0,4,0,3,2,9,10,2,2,0,2,3
n428,10,0,5,0,0,0,5,2,7,10,0,2,6,9,1,6,9,0,3,4,8,3,0,9,10,2,2,0,2,3
n427,10,0,5,0,0,0,5,2,7,10,0,2,6,9,1,6,9,0,0,4,8,3,0,9,10,2,2,3,2,3
n432,10,8,5,9,0,0,0,2,7,10,1,2,6,9,1,10,9,8,0,4,0,3,0,9,10,2,2,0,2,3
n431,10,8,5,9,0,0,4,2,7,10,0,2,6,9,1,0,9,8,10,4,0,3,0,9,10,2,2,0,2,3
n434,10,8,5,0,0,3,0,2,7,10,8,2,6,9,1,0,9,8,4,4,0,3,0,9,10,2,2,0,2,3
n433,10,8,5,0,0,0,0,2,7,10,8,2,6,9,1,2,9,8,0,4,0,3,0,9,10,2,2,0,2,3
n440,10,0,5,4,0,0,0,2,7,10,4,2,6,9,1,0,9,1,0,4,0,3,10,9,10,2,2,0,2,9
n439,10,0,5,4,0,0,3,2,7,10,4,2,6,9,1,0,9,1,7,4,0,3,10,9,10,2,2,0,2,9
n442,10,0,5,4,0,0,1,2,7,10,4,2,6,9,1,0,9,1,0,4,5,3,10,9,10,2,2,0,2,9
n441,10,5,5,4,0,0,0,2,7,10,4,2,6,9,1,0,9,1,0,4,0,3,10,9,10,2,2,0,2,9
n446,10,0,5,0,0,8,0,2,7,10,4,2,6,9,1,1,9,1,0,4,10,3,10,9,10,2,2,8,2,9
n445,10,0,5,0,0,8,8,2,7,10,4,2,6,9,1,0,9,1,0,4,0,3,10,9,10,2,2,8,2,2
n448,10,0,5,2,0,0,0,2,7,10,4,2,6,9,1,0,9,1,4,4,10,3,10,9,10,2,2,8,2,1
n447,10,0,5,2,0,0,0,2,7,10,4,2,6,9,1,0,9,1,0,4,10,3,10,9,10,2,2,8,2,1
n458,10,0,8,8,1,10,2,2,7,10,0,2,6,6,1,9,10,5,0,4,7,3,0,7,10,2,2,1,2,0
n457,10,3,0,8,1,10,2,2,7,10,0,2,6,6,1,9,10,5,0,4,7,3,0,7,10,2,2,1,2,0
n460,10,6,0,0,1,0,2,2,7,10,1,2,6,5,1,9,10,0,0,4,7,3,0,7,10,2,2,1,2,10
n459,10,6,6,0,1,0,2,2,7,10,1,2,6,0,1,9,10,0,0,4,7,3,0,7,10,2,2,1,2,2
n464,10,0,0,0,1,0,4,2,7,10,2,2,6,0,1,9,10,0,5,4,10,3,0,7,10,2,2,1,2,1
n463,10,0,0,0,1,0,0,2,7,10,2,2,6,0,1,9,10,0,5,4,10,3,0,7,10,2,2,1,2,1
n466,10,0,0,4,1,8,4,2,7,10,2,2,6,0,1,9,10,0,0,4,4,3,9,7,10,2,2,1,2,0
n465,10,0,0,4,1,8,4,2,7,10,2,2,6,0,1,9,10,0,0,4,0,3,9,7,10,2,2,1,2,0
n472,10,1,9,8,1,0,9,2,7,10,9,2,6,2,1,9,10,0,4,4,0,3,4,2,10,2,2,1,2,7
n471,10,0,0,0,1,0,9,2,7,10,0,2,6,2,1,9,10,0,4,4,0,3,4,2,10,2,2,1,2,7
n474,10,0,0,0,1,0,9,2,7,10,4,2,6,2,1,9,10,1,4,4,0,3,4,0,10,2,2,1,2,7
n473,10,0,1,2,1,0,9,2,7,10,4,2,6,2,1,9,10,1,4,4,0,3,4,0,10,2,2,1,2,7
n478,10,0,0,9,1,0,9,2,7,10,5,2,6,2,1,9,10,0,0,4,10,3,4,0,10,2,2,1,2,7
n477,10,0,2,0,1,0,9,2,7,10,5,2,6,2,1,9,10,0,0,4,0,3,0,0,10,2,2,1,2,7
n480,10,0,0,0,1,0,9,2,7,10,5,2,6,2,1,9,10,0,0,4,0,3,0,0,10,2,2,1,2,7
n479,10,0,0,0,1,0,9,2,7,10,5,2,6,2,1,9,10,0,7,4,4,3,0,0,10,2,2,1,2,7
n488,10,9,10,0,1,3,4,2,7,10,1,2,6,3,1,9,10,0,7,4,6,3,0,2,10,2,2,6,2,9
n487,10,9,10,0,1,3,0,2,7,10,1,2,6,0,1,9,10,0,7,4,6,3,0,0,10,2,2,6,2,9
n490,10,9,10,0,1,9,4,2,7,10,1,2,6,0,1,9,10,4,7,4,6,3,0,0,10,2,2,7,2,9
n489,10,9,10,0,1,9,1,2,7,10,1,2,6,0,1,9,10,0,7,4,6,3,0,0,10,2,2,7,2,9
n494,10,9,0,5,1,0,9,2,7,10,1,2,6,3,1,9,10,4,7,4,0,3,0,8,10,2,2,0,2,9
n493,10,9,0,5,1,6,0,2,7,10,1,2,6,3,1,9,10,4,7,4,0,3,0,8,10,2,2,0,2,9
n496,10,9,2,4,1,0,0,2,7,10,1,2,6,0,1,9,10,4,7,4,0,3,0,1,10,2,2,10,2,9
n495,10,9,2,4,1,0,6,2,7,10,1,2,6,8,1,9,10,4,7,4,0,3,0,0,10,2,2,10,2,9
n502,10,0,9,0,1,0,0,2,7,10,1,2,6,2,1,9,10,6,8,4,7,3,2,0,10,2,2,5,2,0
n501,10,0,9,0,1,0,6,2,7,10,1,2,6,0,1,9,10,6,8,4,0,3,2,0,10,2,2,5,2,0
n504,10,0,9,0,1,2,0,2,7,10,1,2,6,0,1,9,10,6,8,4,0,3,2,0,10,2,2,0,2,7
n503,10,0,9,0,1,2,5,2,7,10,1,2,6,0,1,9,10,6,8,4,0,3,2,0,10,2,2,0,2,2
n508,10,0,9,0,1,0,0,2,7,10,1,2,6,3,1,9,10,0,8,4,10,3,2,8,10,2,2,4,2,0
n507,10,0,9,0,1,0,0,2,7,10,1,2,6,8,1,9,10,0,8,4,10,3,1,0,10,2,2,0,2,0
n510,10,0,9,1,1,0,4,2,7,10,1,2,6,4,1,9,10,0,8,4,0,3,8,2,10,2,2,3,2,8
n509,10,0,9,0,1,0,0,2,7,10,1,2,6,8,1,9,10,0,8,4,0,3,0,2,10,2,2,0,2,0
