cell,r1,r2,r3,r4,r5,r6,r7,r8,r9,r10,r11,r12,r13,r14,r15,r16,r17,r18,r19,r20,r21,r22,r23,r24,r25,r26,r27,r28,r29,r30
n16,9,1,0,6,2,9,1,7,0,10,9,0,1,4,10,3,5,2,10,8,1,7,5,10,8,10,8,7,8,5
n15,9,1,0,6,2,9,1,7,0,10,9,0,1,4,10,3,5,2,10,8,1,7,5,10,8,10,8,7,0,5
n18,9,1,8,6,2,9,1,7,0,10,9,0,1,4,10,3,0,2,10,8,1,0,5,10,8,10,0,7,0,5
n17,9,1,8,6,2,9,1,7,0,10,9,0,1,4,10,3,0,2,10,8,1,4,5,10,8,10,0,7,0,5
n22,9,1,0,6,2,9,1,7,0,10,9,4,1,4,10,3,0,2,10,8,1,0,8,10,8,10,1,7,0,5
n21,9,1,0,6,2,9,1,7,0,10,9,4,1,4,10,3,0,2,10,8,1,0,8,10,8,10,0,7,0,5
n24,9,1,0,6,2,9,1,7,7,10,9,4,1,4,10,3,0,2,10,8,1,0,7,10,8,10,0,7,0,5
n23,9,1,0,6,2,9,1,7,0,10,9,4,1,4,10,3,0,2,10,8,1,0,7,10,8,10,0,7,7,5
n30,9,1,0,6,2,9,1,7,0,0,9,7,1,4,10,3,5,2,10,8,1,7,6,10,8,10,7,7,8,5
n29,9,1,0,6,2,9,1,7,0,10,9,7,1,4,10,3,5,2,10,8,1,7,6,10,8,10,7,7,0,5
n32,9,1,0,6,2,9,1,7,0,0,9,7,1,4,10,3,5,2,10,8,1,7,6,10,8,10,7,7,7,5
n31,9,1,2,6,2,9,1,7,0,0,9,7,1,4,10,3,5,2,10,8,1,7,6,10,8,10,7,7,0,5
n36,9,1,0,6,2,9,1,7,8,0,9,7,1,4,10,3,5,2,10,8,1,6,4,10,8,10,7,7,3,5
n35,9,1,0,6,2,9,1,7,8,0,9,7,1,4,10,3,5,2,10,8,1,6,4,10,8,10,7,7,3,5
n38,9,1,0,6,2,9,1,7,0,0,9,7,1,4,10,3,5,2,10,8,1,6,4,10,8,10,7,7,3,5
n37,9,1,0,6,2,9,1,7,0,0,9,7,1,4,10,3,5,2,10,8,1,6,4,10,8,10,7,7,3,5
n46,9,1,5,6,2,9,1,7,8,4,9,10,2,4,10,3,7,0,2,8,1,0,8,10,10,6,3,7,10,5
n45,9,1,5,6,2,9,1,7,8,4,9,10,2,4,10,3,7,0,2,8,1,0,8,10,10,6,0,7,10,5
n48,9,1,5,6,2,9,1,7,0,4,9,10,2,4,10,3,0,4,2,8,1,3,8,10,10,6,0,7,10,5
n47,9,1,5,6,2,9,1,7,0,4,9,10,2,4,10,3,0,4,2,8,1,3,8,10,10,6,0,7,10,5
n52,9,1,5,6,2,9,1,7,0,6,9,10,2,4,10,3,0,9,2,8,1,0,8,10,10,6,8,7,10,5
n51,9,1,5,6,2,9,1,7,0,6,9,10,2,4,10,3,0,9,2,8,1,0,8,10,10,6,8,7,10,5
n54,9,1,5,6,2,9,1,7,0,6,9,10,2,4,10,3,9,9,2,8,1,0,8,10,10,6,8,7,10,5
n53,9,1,5,6,2,9,1,7,0,6,9,10,2,4,10,3,0,9,2,8,1,7,8,10,10,6,8,7,10,5
n60,9,1,0,6,2,9,1,7,0,0,9,0,6,4,10,3,7,0,2,8,1,6,0,10,0,6,8,7,0,5
n59,9,1,0,6,2,9,1,7,0,0,9,2,6,4,10,3,7,1,2,8,1,0,0,10,3,6,0,7,0,5
n62,9,1,7,6,2,9,1,7,0,5,9,0,0,4,10,3,7,7,2,8,1,0,0,10,0,6,5,7,10,5
n61,9,1,0,6,2,9,1,7,0,0,9,0,0,4,10,3,7,0,2,8,1,0,0,10,0,6,5,7,10,5
n66,9,1,8,6,2,9,1,7,1,0,9,0,0,4,10,3,7,9,2,8,1,0,0,10,0,6,6,7,0,5
n65,9,1,8,6,2,9,1,7,1,0,9,0,8,4,10,3,7,9,2,8,1,0,0,10,0,6,6,7,0,5
n68,9,1,0,6,2,9,1,7,2,0,9,0,6,4,10,3,7,9,2,8,1,0,0,10,0,6,6,7,1,5
n67,9,1,0,6,2,9,1,7,0,0,9,0,6,4,10,3,7,9,2,8,1,0,0,10,0,6,6,7,0,5
n78,9,1,0,6,2,4,1,7,10,9,9,0,6,4,10,3,5,8,6,8,1,3,0,10,2,8,2,7,7,5
n77,9,1,0,6,2,9,1,7,10,9,9,10,6,4,10,3,5,8,6,8,1,3,0,10,2,8,2,7,7,5
n80,9,1,0,6,2,2,1,7,10,9,9,10,6,4,10,3,5,8,6,8,1,3,0,10,2,8,2,7,7,5
n79,9,1,5,6,2,0,1,7,10,9,9,0,6,4,10,3,5,8,0,8,1,3,0,10,2,8,2,7,7,5
n84,9,1,0,6,2,9,1,7,10,9,9,9,6,4,10,3,5,8,0,8,1,3,8,10,2,8,2,7,7,5
n83,9,1,0,6,2,0,1,7,10,9,9,9,6,4,10,3,5,8,0,8,1,3,8,10,2,8,2,7,7,5
n86,9,1,0,6,2,0,1,7,10,9,9,9,6,4,10,3,5,8,0,8,1,3,0,10,2,8,2,7,7,5
n85,9,1,0,6,2,0,1,7,10,9,9,9,6,4,10,3,5,8,0,8,1,3,0,10,2,8,2,7,7,5
n92,9,1,9,6,2,8,1,7,9,0,9,0,6,4,10,3,5,4,1,8,1,3,10,10,0,8,2,7,7,5
n91,9,1,9,6,2,0,1,7,9,0,9,0,6,4,10,3,5,4,1,8,1,3,0,10,0,8,2,7,7,5
n94,9,1,9,6,2,0,1,7,9,0,9,6,6,4,10,3,6,4,0,8,1,3,0,10,4,8,2,7,7,5
n93,9,1,9,6,2,0,1,7,9,0,9,6,6,4,10,3,6,4,0,8,1,3,0,10,9,8,2,7,7,5
n98,9,1,9,6,2,0,1,7,0,0,9,0,6,4,10,3,9,3,3,8,1,3,0,10,0,8,2,7,7,5
n97,9,1,9,6,2,5,1,7,0,0,9,0,6,4,10,3,0,3,0,8,1,3,4,10,0,8,2,7,7,5
n100,9,1,9,6,2,0,1,7,0,0,9,4,6,4,10,3,0,3,4,8,1,3,0,10,0,8,2,7,7,5
n99,9,1,9,6,2,0,1,7,0,0,9,4,6,4,10,3,0,3,0,8,1,3,0,10,0,8,2,7,7,5
n108,9,1,9,6,2,7,1,7,2,0,9,0,6,4,10,3,0,4,0,8,1,3,5,10,3,8,2,7,7,5
n107,9,1,9,6,2,7,1,7,2,3,9,0,6,4,10,3,1,4,1,8,1,3,5,10,3,8,2,7,7,5
n110,9,1,9,6,2,7,1,7,9,0,9,0,6,4,10,3,0,4,0,8,1,3,5,10,3,8,2,7,7,5
n109,9,1,9,6,2,7,1,7,9,0,9,10,6,4,10,3,0,4,0,8,1,3,5,10,3,8,2,7,7,5
n114,9,1,9,6,2,7,1,7,1,4,9,1,6,4,10,3,0,4,0,8,1,3,5,10,3,8,2,7,7,5
n113,9,1,9,6,2,7,1,7,1,0,9,1,6,4,10,3,0,4,0,8,1,3,5,10,3,8,2,7,7,5
n116,9,1,9,6,2,7,1,7,1,1,9,0,6,4,10,3,7,4,0,8,1,3,5,10,3,8,2,7,7,5
n115,9,1,9,6,2,7,1,7,1,1,9,0,6,4,10,3,7,4,0,8,1,3,5,10,3,8,2,7,7,5
n122,9,1,9,6,2,5,1,7,4,0,9,6,6,4,10,3,6,4,3,8,1,3,5,10,3,8,2,7,7,5
n121,9,1,9,6,2,5,1,7,4,0,9,6,6,4,10,3,6,4,3,8,1,3,5,10,3,8,2,7,7,5
n124,9,1,9,6,2,0,1,7,4,4,9,6,6,4,10,3,6,4,3,8,1,3,5,10,3,8,2,7,7,5
n123,9,1,9,6,2,0,1,7,4,4,9,6,6,4,10,3,6,4,3,8,1,3,5,10,3,8,2,7,7,5
n128,9,1,9,6,2,0,1,7,4,1,9,0,6,4,10,3,0,4,3,8,1,3,5,10,3,8,2,7,7,5
n127,9,1,9,6,2,3,1,7,5,1,9,0,6,4,10,3,0,4,3,8,1,3,5,10,3,8,2,7,7,5
n130,9,1,9,6,2,0,1,7,4,1,9,0,6,4,10,3,0,4,3,8,1,3,5,10,3,8,2,7,7,5
n129,9,1,9,6,2,0,1,7,4,1,9,0,6,4,10,3,0,4,3,8,1,3,5,10,3,8,2,7,7,5
n142,9,1,0,6,2,0,1,7,9,1,9,2,9,4,10,3,1,8,0,0,1,0,9,10,0,2,10,7,7,5
n141,9,1,0,6,2,0,1,7,9,1,9,2,9,4,10,3,1,8,0,0,1,0,9,10,0,2,10,7,7,5
n144,9,1,0,6,2,5,1,7,9,1,9,2,9,4,10,3,0,8,9,2,1,0,9,10,0,2,10,7,7,5
n143,9,1,0,6,2,5,1,7,9,1,9,2,9,4,10,3,0,8,10,0,1,3,9,10,0,2,10,7,7,5
n148,9,1,0,6,2,8,1,7,9,1,9,2,9,4,10,3,0,8,0,0,1,3,9,10,0,2,10,7,7,5
n147,9,1,0,6,2,8,1,7,9,1,9,2,9,4,10,3,0,8,0,0,1,3,9,10,0,2,10,7,7,5
n150,9,1,0,6,2,0,1,7,9,1,9,2,9,4,10,3,0,8,7,0,1,5,9,10,0,2,10,7,7,5
n149,9,1,0,6,2,0,1,7,9,1,9,2,9,4,10,3,0,8,7,9,1,5,9,10,0,2,10,7,7,5
n156,9,1,8,6,2,2,1,7,0,1,9,2,4,4,10,3,0,8,10,0,1,2,9,10,0,2,0,7,7,5
n155,9,1,8,6,2,2,1,7,0,1,9,2,4,4,10,3,6,8,10,0,1,2,9,10,0,2,0,7,7,5
n158,9,1,7,6,2,2,1,7,0,1,9,2,4,4,10,3,0,8,10,7,1,2,9,10,0,2,0,7,7,5
n157,9,1,0,6,2,2,1,7,0,1,9,2,4,4,10,3,0,8,10,7,1,2,9,10,0,2,0,7,7,5
n162,9,1,0,6,2,2,1,7,2,1,9,2,0,4,10,3,5,8,10,1,1,5,9,10,5,2,4,7,7,5
n161,9,1,0,6,2,2,1,7,2,1,9,2,0,4,10,3,5,8,10,1,1,5,9,10,4,2,4,7,7,5
n164,9,1,0,6,2,2,1,7,2,1,9,2,0,4,10,3,0,8,10,1,1,0,9,10,0,2,4,7,7,5
n163,9,1,0,6,2,2,1,7,2,1,9,2,7,4,10,3,0,8,10,1,1,0,9,10,0,2,4,7,7,5
n172,9,1,7,6,2,8,1,7,0,0,9,2,5,4,10,3,5,10,7,0,1,0,9,10,0,2,0,7,7,5
n171,9,1,7,6,2,8,1,7,0,0,9,2,5,4,10,3,5,5,7,0,1,0,9,10,0,2,0,7,7,5
n174,9,1,7,6,2,0,1,7,0,0,9,2,5,4,10,3,0,9,7,5,1,0,9,10,0,2,0,7,7,5
n173,9,1,7,6,2,0,1,7,10,0,9,2,5,4,10,3,1,9,7,0,1,8,9,10,0,2,0,7,7,5
n178,9,1,7,6,2,0,1,7,9,4,9,2,5,4,10,3,1,0,7,3,1,9,9,10,0,7,7,7,7,5
n177,9,1,7,6,2,0,1,7,9,4,9,2,5,4,10,3,1,0,7,3,1,9,9,10,0,7,7,7,7,5
n180,9,1,7,6,2,7,1,7,9,0,9,2,5,4,10,3,1,0,7,3,1,9,9,10,1,0,0,7,7,5
n179,9,1,7,6,2,0,1,7,9,0,9,2,5,4,10,3,1,0,7,3,1,9,9,10,1,0,0,7,7,5
n186,9,1,7,6,2,7,1,7,0,0,9,2,5,4,10,3,1,2,7,0,1,5,9,10,4,0,4,7,7,5
n185,9,1,7,6,2,7,1,7,0,0,9,2,5,4,10,3,1,2,7,0,1,5,9,10,4,3,4,7,7,5
n188,9,1,7,6,2,7,1,7,0,0,9,2,5,4,10,3,1,2,7,0,1,5,9,10,4,8,2,7,7,5
n187,9,1,7,6,2,7,1,7,0,0,9,2,5,4,10,3,1,2,7,0,1,5,9,10,4,8,0,7,7,5
n192,9,1,7,6,2,0,1,7,0,0,9,2,5,4,10,3,0,2,7,5,1,3,9,10,4,0,0,7,7,5
n191,9,1,7,6,2,0,1,7,0,0,9,2,5,4,10,3,0,2,7,5,1,3,9,10,4,0,0,7,7,5
n194,9,1,7,6,2,0,1,7,0,3,9,2,5,4,10,3,1,2,7,5,1,3,9,10,4,0,9,7,7,5
n193,9,1,7,6,2,0,1,7,0,3,9,2,5,4,10,3,0,2,7,5,1,3,9,10,4,0,0,7,7,5
n204,9,1,8,6,2,0,1,7,7,0,9,2,8,4,10,3,1,9,2,6,1,8,9,10,1,0,0,7,7,5
n203,9,1,8,6,2,8,1,7,7,0,9,2,8,4,10,3,1,9,2,6,1,0,9,10,1,0,0,7,7,5
n206,9,1,8,6,2,9,1,7,7,9,9,2,8,4,10,3,1,9,2,6,1,3,9,10,0,0,0,7,7,5
n205,9,1,8,6,2,4,1,7,7,9,9,2,8,4,10,3,1,9,2,6,1,0,9,10,0,0,0,7,7,5
n210,9,1,0,6,2,0,1,7,7,5,9,2,8,4,10,3,1,9,0,6,1,1,9,10,0,0,1,7,7,5
n209,9,1,4,6,2,0,1,7,7,5,9,2,8,4,10,3,1,9,0,6,1,1,9,10,0,0,1,7,7,5
n212,9,1,10,6,2,0,1,7,7,3,9,2,8,4,10,3,1,9,0,6,1,7,9,10,0,0,1,7,7,5
n211,9,1,10,6,2,0,1,7,7,3,9,2,8,4,10,3,1,9,0,6,1,7,9,10,0,0,1,7,7,5
n218,9,1,0,6,2,0,1,7,7,0,9,2,8,4,10,3,0,9,2,0,1,6,9,10,4,1,0,7,7,5
n217,9,1,0,6,2,0,1,7,7,0,9,2,8,4,10,3,0,9,2,0,1,6,9,10,4,0,0,7,7,5
n220,9,1,10,6,2,2,1,7,7,0,9,2,8,4,10,3,0,9,0,3,1,6,9,10,8,0,0,7,7,5
n219,9,1,10,6,2,2,1,7,7,0,9,2,8,4,10,3,0,9,9,3,1,6,9,10,8,0,0,7,7,5
n224,9,1,5,6,2,0,1,7,7,7,9,2,8,4,10,3,1,9,0,10,1,0,9,10,0,0,0,7,7,5
n223,9,1,5,6,2,1,1,7,7,7,9,2,8,4,10,3,1,9,0,0,1,0,9,10,0,0,0,7,7,5
n226,9,1,5,6,2,0,1,7,7,7,9,2,8,4,10,3,1,9,0,0,1,7,9,10,0,0,2,7,7,5
n225,9,1,5,6,2,0,1,7,7,7,9,2,8,4,10,3,1,9,0,0,1,7,9,10,0,8,2,7,7,5
n234,9,1,2,6,2,5,1,7,10,0,9,2,8,4,10,3,0,0,0,5,1,0,9,10,6,9,0,7,7,5
n233,9,1,2,6,2,5,1,7,10,0,9,2,8,4,10,3,0,0,0,0,1,0,9,10,0,0,0,7,7,5
n236,9,1,2,6,2,5,1,7,10,0,9,2,8,4,10,3,0,0,0,6,1,0,9,10,0,0,7,7,7,5
n235,9,1,2,6,2,5,1,7,10,7,9,2,8,4,10,3,0,0,0,0,1,0,9,10,6,0,7,7,7,5
n240,9,1,2,6,2,5,1,7,10,6,9,2,8,4,10,3,1,5,7,10,1,10,9,10,3,10,0,7,7,5
n239,9,1,2,6,2,5,1,7,10,6,9,2,8,4,10,3,1,0,7,0,1,10,9,10,3,10,0,7,7,5
n242,9,1,2,6,2,5,1,7,10,6,9,2,8,4,10,3,1,0,7,0,1,10,9,10,0,0,0,7,7,5
n241,9,1,2,6,2,5,1,7,10,6,9,2,8,4,10,3,1,0,7,8,1,10,9,10,0,10,7,7,7,5
n248,9,1,2,6,2,0,1,7,0,1,9,2,8,4,10,3,5,0,7,5,1,0,9,10,0,0,10,7,7,5
n247,9,1,2,6,2,0,1,7,0,1,9,2,8,4,10,3,5,0,0,5,1,0,9,10,9,0,0,7,7,5
n250,9,1,2,6,2,0,1,7,5,1,9,2,8,4,10,3,5,0,0,5,1,0,9,10,2,3,0,7,7,5
n249,9,1,2,6,2,9,1,7,0,1,9,2,8,4,10,3,5,0,0,5,1,0,9,10,0,0,0,7,7,5
n254,9,1,2,6,2,0,1,7,5,1,9,2,8,4,10,3,0,7,0,0,1,0,9,10,0,0,5,7,7,5
n253,9,1,2,6,2,0,1,7,0,1,9,2,8,4,10,3,0,7,5,0,1,4,9,10,8,9,5,7,7,5
n256,9,1,2,6,2,0,1,7,0,1,9,2,8,4,10,3,0,8,4,0,1,0,9,10,7,5,10,7,7,5
n255,9,1,2,6,2,0,1,7,3,1,9,2,8,4,10,3,0,0,0,0,1,0,9,10,0,0,6,7,7,5
n270,1,3,3,6,0,7,2,7,0,2,10,4,0,3,9,0,0,0,0,0,1,5,0,10,5,5,7,7,0,5
n269,1,3,3,6,0,7,2,7,0,2,10,4,0,3,9,0,0,0,0,9,1,5,3,10,5,5,7,7,8,5
n272,1,3,3,6,5,7,2,7,9,2,10,4,0,3,9,0,0,0,5,0,1,5,7,10,5,5,7,7,0,5
n271,1,3,3,6,1,7,2,7,0,2,10,4,0,3,9,0,0,0,10,0,1,5,7,10,5,5,7,7,0,5
n276,1,3,3,6,9,7,5,7,0,2,10,4,0,3,8,0,0,0,5,0,1,5,0,10,5,5,7,7,4,5
n275,1,3,3,6,9,7,5,7,0,2,10,4,0,3,8,0,0,0,5,0,1,5,0,10,5,5,7,7,4,5
n278,1,3,3,6,9,0,1,7,0,2,10,4,0,3,8,0,0,0,7,10,1,5,0,10,5,5,7,7,0,5
n277,1,3,3,6,9,0,1,7,0,2,10,4,0,3,8,0,0,0,7,0,1,5,0,10,5,5,7,7,0,5
n284,1,3,3,6,0,0,10,7,0,2,10,4,0,3,9,1,9,2,8,2,1,5,0,10,5,5,0,7,0,5
n283,1,3,3,6,0,0,0,7,0,2,10,4,0,3,9,1,9,0,0,2,1,5,0,10,5,5,4,7,10,5
n286,1,3,3,6,0,7,0,7,0,2,10,4,0,3,9,1,9,8,0,2,1,5,0,10,5,5,0,7,0,5
n285,1,3,3,6,0,7,2,7,0,2,10,4,0,3,9,1,9,8,0,2,1,5,0,10,5,5,0,7,0,5
n290,1,3,3,6,0,0,0,7,5,2,10,4,0,3,9,1,9,0,10,9,1,5,5,10,5,5,4,7,0,5
n289,1,3,3,6,0,0,0,7,5,2,10,4,0,3,9,1,9,0,10,9,1,5,0,10,5,5,4,7,10,5
n292,1,3,3,6,3,0,0,7,5,2,10,4,0,3,9,1,9,0,10,0,1,5,0,10,5,5,0,7,0,5
n291,1,3,3,6,0,10,0,7,5,2,10,4,0,3,9,1,9,0,10,0,1,5,0,10,5,5,0,7,0,5
n300,1,3,3,6,2,0,0,7,0,2,7,4,1,3,5,10,5,0,0,0,1,5,0,10,5,5,0,7,3,5
n299,1,3,3,6,2,0,0,7,0,2,7,4,1,3,5,10,0,0,0,8,1,5,0,10,5,5,0,7,3,5
n302,1,3,3,6,2,0,8,7,0,2,7,4,1,3,5,10,1,0,0,0,1,5,0,10,5,5,0,7,3,5
n301,1,3,3,6,2,0,8,7,0,2,7,4,1,3,5,10,0,1,0,0,1,5,0,10,5,5,0,7,3,5
n306,1,3,3,6,0,9,9,7,0,2,7,4,1,3,5,10,0,5,6,0,1,5,0,10,5,5,0,7,3,5
n305,1,3,3,6,0,0,9,7,0,2,7,4,1,3,5,10,0,5,6,0,1,5,0,10,5,5,0,7,3,5
n308,1,3,3,6,0,0,9,7,4,2,7,4,1,3,5,10,0,7,6,7,1,5,0,10,5,5,4,7,3,5
n307,1,3,3,6,2,0,9,7,5,2,7,4,1,3,5,10,0,0,6,7,1,5,0,10,5,5,4,7,3,5
n314,1,3,3,6,4,0,0,7,0,2,0,4,10,3,0,3,10,7,0,0,1,5,0,10,5,5,9,7,8,5
n313,1,3,3,6,0,0,0,7,0,2,0,4,10,3,0,3,10,7,0,6,1,5,8,10,5,5,9,7,8,5
n316,1,3,3,6,9,0,4,7,0,2,0,4,6,3,2,0,10,7,4,0,1,5,0,10,5,5,9,7,8,5
n315,1,3,3,6,9,0,4,7,0,2,0,4,6,3,0,0,10,7,4,0,1,5,0,10,5,5,9,7,8,5
n320,1,3,3,6,0,8,0,7,10,2,0,4,0,3,0,9,2,7,0,0,1,5,8,10,5,5,9,7,0,5
n319,1,3,3,6,0,8,0,7,10,2,3,4,0,3,0,9,2,7,0,0,1,5,8,10,5,5,9,7,0,5
n322,1,3,3,6,0,8,5,7,10,2,0,4,0,3,0,0,0,7,0,0,1,5,8,10,5,5,9,7,0,5
n321,1,3,3,6,0,8,5,7,10,2,0,4,0,3,0,0,0,7,0,0,1,5,8,10,5,5,9,7,0,5
n332,1,3,7,6,7,10,0,7,5,10,8,4,5,0,9,4,10,10,8,3,1,5,1,10,5,5,4,7,6,5
n331,1,3,0,6,7,10,0,7,0,0,8,4,5,0,9,4,10,10,8,3,1,5,1,10,5,5,0,7,6,5
n334,1,3,7,6,7,10,0,7,5,2,8,4,5,0,9,4,0,10,8,0,1,5,1,10,5,5,0,7,6,5
n333,1,3,0,6,7,10,0,7,5,2,8,4,5,0,9,4,0,10,8,0,1,5,1,10,5,5,0,7,6,5
n338,1,3,7,6,7,10,0,7,10,10,8,4,5,1,9,4,0,0,8,1,1,5,1,10,5,5,0,7,6,5
n337,1,3,7,6,7,10,0,7,10,10,8,4,5,1,9,4,10,7,8,0,1,5,1,10,5,5,8,7,6,5
n340,1,3,7,6,7,10,0,7,6,2,8,4,5,1,9,4,0,5,8,0,1,5,1,10,5,5,0,7,6,5
n339,1,3,0,6,7,10,3,7,6,2,8,4,5,1,9,4,0,5,8,0,1,5,1,10,5,5,3,7,6,5
n346,1,3,0,6,0,0,8,7,2,10,6,4,0,4,9,4,1,9,8,0,1,5,1,10,5,5,4,7,3,5
n345,1,3,0,6,0,0,0,7,2,10,6,4,10,4,9,4,1,9,8,5,1,5,1,10,5,5,0,7,3,5
n348,1,3,1,6,10,0,0,7,2,10,6,4,0,4,9,4,0,9,8,8,1,5,1,10,5,5,0,7,0,5
n347,1,3,0,6,0,0,0,7,2,10,6,4,0,4,9,4,0,9,8,0,1,5,1,10,5,5,0,7,0,5
n352,1,3,0,6,8,0,0,7,0,0,6,4,0,4,9,4,0,9,8,0,1,5,1,10,5,5,0,7,1,5
n351,1,3,0,6,8,6,0,7,8,0,6,4,0,4,9,4,0,9,8,0,1,5,1,10,5,5,0,7,1,5
n354,1,3,0,6,0,0,9,7,0,0,6,4,0,4,9,4,7,9,8,10,1,5,1,10,5,5,0,7,1,5
n353,1,3,0,6,0,0,0,7,4,0,6,4,0,4,9,4,0,9,8,10,1,5,1,10,5,5,0,7,1,5
n362,1,3,10,6,0,1,5,7,0,1,9,4,10,5,0,4,3,0,8,8,1,5,5,10,5,5,1,7,0,5
n361,1,3,10,6,0,1,5,7,0,1,9,4,10,5,0,4,3,0,8,8,1,5,5,10,5,5,1,7,0,5
n364,1,3,10,6,0,1,5,7,0,1,9,4,10,5,0,4,10,0,8,8,1,5,0,10,5,5,1,7,0,5
n363,1,3,10,6,0,1,5,7,0,1,9,4,10,5,6,4,0,0,8,8,1,5,0,10,5,5,1,7,4,5
n368,1,3,0,6,0,0,5,7,0,1,9,4,7,5,0,4,2,5,8,8,1,5,5,10,5,5,1,7,0,5
n367,1,3,0,6,0,0,5,7,0,1,9,4,7,5,5,4,2,5,8,8,1,5,5,10,5,5,1,7,10,5
n370,1,3,10,6,0,0,5,7,0,1,9,4,5,5,0,4,0,5,8,8,1,5,0,10,5,5,1,7,0,5
n369,1,3,0,6,0,0,5,7,0,1,9,4,5,5,5,4,0,5,8,8,1,5,0,10,5,5,1,7,0,5
n376,1,3,1,6,0,0,5,7,8,0,2,4,0,5,0,4,5,0,8,8,1,5,0,10,5,5,1,7,5,5
n375,1,3,1,6,0,0,5,7,8,0,2,4,0,5,0,4,0,0,8,8,1,5,4,10,5,5,1,7,5,5
n378,1,3,1,6,0,0,5,7,8,0,0,4,0,5,4,4,0,0,8,8,1,5,0,10,5,5,1,7,5,5
n377,1,3,1,6,0,4,5,7,8,0,0,4,0,5,4,4,0,0,8,8,1,5,0,10,5,5,1,7,5,5
n382,1,3,0,6,1,0,5,7,3,0,0,4,10,5,7,4,0,0,8,8,1,5,0,10,5,5,1,7,0,5
n381,1,3,0,6,1,0,5,7,3,4,0,4,10,5,7,4,0,0,8,8,1,5,0,10,5,5,1,7,0,5
n384,1,3,0,6,1,9,5,7,3,0,0,4,0,5,7,4,0,0,8,8,1,5,4,10,5,5,1,7,5,5
n383,1,3,0,6,1,0,5,7,3,0,0,4,4,5,7,4,0,0,8,8,1,5,4,10,5,5,1,7,5,5
n396,0,3,1,6,2,9,3,7,4,6,7,4,9,0,0,0,0,0,10,10,1,5,10,10,5,5,8,7,0,5
n395,0,3,1,6,2,9,3,7,4,6,7,4,9,4,0,0,0,0,10,10,1,5,10,10,5,5,8,7,9,5
n398,0,3,1,6,2,9,3,7,4,6,7,4,9,7,0,0,0,0,10,10,1,5,1,10,5,5,8,7,5,5
n397,0,3,1,6,2,9,3,7,4,6,7,4,9,0,5,0,0,5,10,10,1,5,1,10,5,5,8,7,0,5
n402,5,3,1,6,2,9,3,7,4,6,0,4,9,0,0,0,4,0,10,10,1,5,4,10,5,5,8,7,0,5
n401,5,3,1,6,2,9,3,7,4,6,0,4,9,0,0,0,4,0,10,10,1,5,4,10,5,5,8,7,0,5
n404,5,3,1,6,2,9,3,7,4,6,9,4,9,0,0,3,4,0,10,10,1,5,0,10,5,5,8,7,0,5
n403,5,3,1,6,2,9,3,7,4,6,0,4,9,0,0,3,4,0,10,10,1,5,0,10,5,5,8,7,0,5
n410,0,3,1,6,2,9,3,7,4,6,2,4,9,10,0,0,2,0,10,10,1,5,0,10,5,5,8,7,3,5
n409,4,3,1,6,2,9,3,7,4,6,2,4,9,10,0,0,0,0,10,10,1,5,0,10,5,5,8,7,3,5
n412,0,3,1,6,2,9,3,7,4,6,2,4,9,10,0,0,4,5,10,10,1,5,2,10,5,5,8,7,3,5
n411,0,3,1,6,2,9,3,7,4,6,2,4,9,10,0,0,4,5,10,10,1,5,2,10,5,5,8,7,3,5
n416,4,3,1,6,2,9,3,7,4,6,2,4,9,0,3,0,0,0,10,10,1,5,9,10,5,5,8,7,3,5
n415,4,3,1,6,2,9,3,7,4,6,2,4,9,0,3,0,0,0,10,10,1,5,0,10,5,5,8,7,3,5
n418,0,3,1,6,2,9,3,7,4,6,2,4,9,0,3,0,0,0,10,10,1,5,0,10,5,5,8,7,3,5
n417,0,3,1,6,2,9,3,7,4,6,2,4,9,0,3,0,0,0,10,10,1,5,0,10,5,5,8,7,3,5
n426,10,3,1,6,2,9,0,7,4,6,0,4,6,5,0,0,0,7,4,7,1,5,10,10,5,5,8,7,4,5
n425,10,3,1,6,2,9,0,7,4,6,0,4,6,5,0,0,0,7,4,7,1,5,10,10,5,5,8,7,4,5
n428,10,3,1,6,2,9,0,7,4,6,0,4,0,5,0,0,0,7,4,0,1,5,0,10,5,5,8,7,4,5
n427,10,3,1,6,2,9,0,7,4,6,6,4,0,5,0,0,0,7,4,0,1,5,8,10,5,5,8,7,4,5
n432,10,3,1,6,2,9,0,7,4,6,0,4,7,5,0,0,9,7,3,0,1,5,0,10,5,5,8,7,10,5
n431,10,3,1,6,2,9,0,7,4,6,0,4,7,5,0,0,9,7,0,0,1,5,0,10,5,5,8,7,0,5
n434,10,3,1,6,2,9,2,7,4,6,0,4,7,5,0,0,2,7,0,0,1,5,10,10,5,5,8,7,0,5
n433,10,3,1,6,2,9,2,7,4,6,8,4,7,5,0,5,0,7,0,0,1,5,10,10,5,5,8,7,5,5
n440,1,3,1,6,2,9,8,7,4,6,0,4,10,5,8,0,5,7,1,2,1,5,7,10,5,5,8,7,3,5
n439,1,3,1,6,2,9,8,7,4,6,4,4,0,5,8,0,5,7,1,2,1,5,7,10,5,5,8,7,0,5
n442,1,3,1,6,2,9,0,7,4,6,8,4,8,5,8,8,5,7,0,2,1,5,7,10,5,5,8,7,4,5
n441,1,3,1,6,2,9,0,7,4,6,8,4,0,5,8,6,5,7,0,2,1,5,7,10,5,5,8,7,4,5
n446,1,3,1,6,2,9,9,7,4,6,0,4,0,5,8,3,2,7,0,2,1,5,7,10,5,5,8,7,4,5
n445,1,3,1,6,2,9,9,7,4,6,0,4,0,5,8,3,2,7,0,2,1,5,7,10,5,5,8,7,4,5
n448,1,3,1,6,2,9,0,7,4,6,0,4,4,5,8,0,0,7,0,2,1,5,7,10,5,5,8,7,4,5
n447,1,3,1,6,2,9,0,7,4,6,2,4,4,5,8,0,0,7,0,2,1,5,7,10,5,5,8,7,4,5
n458,8,8,6,6,2,9,7,7,4,10,4,4,0,0,3,1,4,0,3,0,1,5,1,10,5,5,8,7,6,5
n457,0,8,6,6,2,9,7,7,4,10,4,4,0,0,3,1,4,0,3,0,1,5,1,10,5,5,8,7,0,5
n460,0,8,6,6,2,9,7,7,4,10,4,4,0,6,3,1,4,0,3,0,1,5,1,10,5,5,8,7,0,5
n459,0,8,6,6,2,9,7,7,4,10,4,4,0,6,3,1,4,0,3,0,1,5,1,10,5,5,8,7,0,5
n464,0,0,6,6,2,9,7,7,4,4,4,4,6,0,0,1,4,4,3,7,1,5,1,10,5,5,8,7,0,5
n463,0,0,6,6,2,9,7,7,4,4,4,4,6,1,5,1,4,4,3,7,1,5,1,10,5,5,8,7,0,5
n466,0,0,6,6,2,9,7,7,4,4,4,4,6,0,0,1,4,4,3,7,1,5,1,10,5,5,8,7,0,5
n465,0,0,6,6,2,9,7,7,4,4,4,4,6,0,0,1,4,4,3,7,1,5,1,10,5,5,8,7,0,5
n472,0,0,6,6,2,9,7,7,4,0,4,4,10,4,0,4,4,0,3,0,1,5,1,10,5,5,8,7,2,5
n471,0,0,6,6,2,9,7,7,4,0,4,4,10,4,0,0,4,0,3,0,1,5,1,10,5,5,8,7,2,5
n474,0,2,6,6,2,9,7,7,4,0,4,4,0,0,0,0,4,0,3,6,1,5,1,10,5,5,8,7,5,5
n473,4,2,6,6,2,9,7,7,4,0,4,4,0,0,0,0,4,0,3,6,1,5,1,10,5,5,8,7,5,5
n478,7,0,6,6,2,9,7,7,4,3,4,4,0,0,7,0,4,0,3,2,1,5,1,10,5,5,8,7,0,5
n477,0,0,6,6,2,9,7,7,4,3,4,4,0,0,7,10,4,0,3,0,1,5,1,10,5,5,8,7,0,5
n480,0,8,6,6,2,9,7,7,4,8,4,4,7,0,3,8,4,0,3,0,1,5,1,10,5,5,8,7,0,5
n479,0,8,6,6,2,9,7,7,4,9,4,4,0,0,8,8,4,5,3,7,1,5,1,10,5,5,8,7,0,5
n488,8,8,6,6,2,9,7,7,4,0,4,4,4,10,0,8,4,9,3,5,1,5,0,10,5,5,8,7,0,5
n487,8,8,6,6,2,9,7,7,4,0,4,4,4,10,0,8,4,9,3,5,1,5,1,10,5,5,8,7,0,5
n490,8,8,6,6,2,9,7,7,4,1,4,4,4,10,1,8,4,9,3,5,1,5,0,10,5,5,8,7,0,5
n489,8,8,6,6,2,9,7,7,4,1,4,4,4,10,0,8,4,9,3,5,1,5,0,10,5,5,8,7,0,5
n494,8,0,6,6,2,9,7,7,4,7,4,4,0,9,4,8,4,9,3,5,1,5,3,10,5,5,8,7,4,5
n493,8,0,6,6,2,9,7,7,4,7,4,4,0,9,4,8,4,9,3,5,1,5,3,10,5,5,8,7,0,5
n496,8,9,6,6,2,9,7,7,4,0,4,4,0,7,4,8,4,9,3,5,1,5,3,10,5,5,8,7,1,5
n495,8,9,6,6,2,9,7,7,4,0,4,4,0,7,4,8,4,9,3,5,1,5,3,10,5,5,8,7,1,5
n502,2,5,6,6,2,9,7,7,4,6,4,4,2,9,4,1,4,5,3,4,1,5,7,10,5,5,8,7,0,5
n501,2,5,6,6,2,9,7,7,4,6,4,4,2,9,4,1,4,5,3,0,1,5,7,10,5,5,8,7,0,5
n504,0,5,6,6,2,9,7,7,4,6,4,4,2,9,4,1,4,5,3,9,1,5,0,10,5,5,8,7,0,5
n503,0,5,6,6,2,9,7,7,4,6,4,4,2,9,4,1,4,5,3,0,1,5,3,10,5,5,8,7,0,5
n508,0,1,6,6,2,9,7,7,4,4,4,4,1,9,4,1,4,5,3,6,1,5,1,10,5,5,8,7,1,5
n507,0,0,6,6,2,9,7,7,4,4,4,4,1,9,4,1,4,5,3,6,1,5,1,10,5,5,8,7,0,5
n510,0,0,6,6,2,9,7,7,4,0,4,4,0,9,4,1,4,5,3,0,1,5,1,10,5,5,8,7,0,5
n509,0,0,6,6,2,9,7,7,4,0,4,4,0,9,4,1,4,5,3,10,1,5,1,10,5,5,8,7,0,5
