0 1 0.03333333333333333
0 2 0.03333333333333333
0 3 0.03333333333333333
0 4 0.03333333333333333
0 5 0.03333333333333333
0 6 0.03333333333333333
0 7 0.03333333333333333
0 8 0.03333333333333333
0 9 0.03333333333333333
0 10 0.03333333333333333
0 11 0.03333333333333333
0 12 0.03333333333333333
0 13 0.03333333333333333
0 14 0.03333333333333333
0 15 0.03333333333333333
0 16 0.03333333333333333
0 17 0.03333333333333333
0 18 0.03333333333333333
0 19 0.03333333333333333
0 20 0.03333333333333333
0 21 0.03333333333333333
0 22 0.03333333333333333
0 23 0.03333333333333333
0 24 0.03333333333333333
0 25 0.03333333333333333
0 26 0.03333333333333333
0 27 0.03333333333333333
0 28 0.03333333333333333
0 29 0.03333333333333333
0 30 0.03333333333333333
1 1 0.03333333333333333
1 2 0.03333333333333333
1 3 0.03333333333333333
1 4 0.03333333333333333
1 5 0.03333333333333333
1 6 0.03333333333333333
1 7 0.03333333333333333
1 8 0.03333333333333333
1 9 0.03333333333333333
1 10 0.03333333333333333
1 11 0.03333333333333333
1 12 0.03333333333333333
1 13 0.03333333333333333
1 14 0.03333333333333333
1 15 0.03333333333333333
1 16 0.03333333333333333
1 17 0.03333333333333333
1 18 0.03333333333333333
1 19 0.03333333333333333
1 20 0.03333333333333333
1 21 0.03333333333333333
1 22 0.03333333333333333
1 23 0.03333333333333333
1 24 0.03333333333333333
1 25 0.03333333333333333
1 26 0.03333333333333333
1 27 0.03333333333333333
1 28 0.03333333333333333
1 29 0.03333333333333333
1 30 0.03333333333333333
2 1 0.03333333333333333
2 2 0.03333333333333333
2 3 0.03333333333333333
2 4 0.03333333333333333
2 5 0.03333333333333333
2 6 0.03333333333333333
2 7 0.03333333333333333
2 8 0.03333333333333333
2 9 0.03333333333333333
2 10 0.03333333333333333
2 11 0.03333333333333333
2 12 0.03333333333333333
2 13 0.03333333333333333
2 14 0.03333333333333333
2 15 0.03333333333333333
2 16 0.03333333333333333
2 17 0.03333333333333333
2 18 0.03333333333333333
2 19 0.03333333333333333
2 20 0.03333333333333333
2 21 0.03333333333333333
2 22 0.03333333333333333
2 23 0.03333333333333333
2 24 0.03333333333333333
2 25 0.03333333333333333
2 26 0.03333333333333333
2 27 0.03333333333333333
2 28 0.03333333333333333
2 29 0.03333333333333333
2 30 0.03333333333333333
3 1 0.03333333333333333
3 2 0.03333333333333333
3 3 0.03333333333333333
3 4 0.03333333333333333
3 5 0.03333333333333333
3 6 0.03333333333333333
3 7 0.03333333333333333
3 8 0.03333333333333333
3 9 0.03333333333333333
3 10 0.03333333333333333
3 11 0.03333333333333333
3 12 0.03333333333333333
3 13 0.03333333333333333
3 14 0.03333333333333333
3 15 0.03333333333333333
3 16 0.03333333333333333
3 17 0.03333333333333333
3 18 0.03333333333333333
3 19 0.03333333333333333
3 20 0.03333333333333333
3 21 0.03333333333333333
3 22 0.03333333333333333
3 23 0.03333333333333333
3 24 0.03333333333333333
3 25 0.03333333333333333
3 26 0.03333333333333333
3 27 0.03333333333333333
3 28 0.03333333333333333
3 29 0.03333333333333333
3 30 0.03333333333333333
4 1 0.03333333333333333
4 2 0.03333333333333333
4 3 0.03333333333333333
4 4 0.03333333333333333
4 5 0.03333333333333333
4 6 0.03333333333333333
4 7 0.03333333333333333
4 8 0.03333333333333333
4 9 0.03333333333333333
4 10 0.03333333333333333
4 11 0.03333333333333333
4 12 0.03333333333333333
4 13 0.03333333333333333
4 14 0.03333333333333333
4 15 0.03333333333333333
4 16 0.03333333333333333
4 17 0.03333333333333333
4 18 0.03333333333333333
4 19 0.03333333333333333
4 20 0.03333333333333333
4 21 0.03333333333333333
4 22 0.03333333333333333
4 23 0.03333333333333333
4 24 0.03333333333333333
4 25 0.03333333333333333
4 26 0.03333333333333333
4 27 0.03333333333333333
4 28 0.03333333333333333
4 29 0.03333333333333333
4 30 0.03333333333333333
5 1 0.03333333333333333
5 2 0.03333333333333333
5 3 0.03333333333333333
5 4 0.03333333333333333
5 5 0.03333333333333333
5 6 0.03333333333333333
5 7 0.03333333333333333
5 8 0.03333333333333333
5 9 0.03333333333333333
5 10 0.03333333333333333
5 11 0.03333333333333333
5 12 0.03333333333333333
5 13 0.03333333333333333
5 14 0.03333333333333333
5 15 0.03333333333333333
5 16 0.03333333333333333
5 17 0.03333333333333333
5 18 0.03333333333333333
5 19 0.03333333333333333
5 20 0.03333333333333333
5 21 0.03333333333333333
5 22 0.03333333333333333
5 23 0.03333333333333333
5 24 0.03333333333333333
5 25 0.03333333333333333
5 26 0.03333333333333333
5 27 0.03333333333333333
5 28 0.03333333333333333
5 29 0.03333333333333333
5 30 0.03333333333333333
6 1 0.03333333333333333
6 2 0.03333333333333333
6 3 0.03333333333333333
6 4 0.03333333333333333
6 5 0.03333333333333333
6 6 0.03333333333333333
6 7 0.03333333333333333
6 8 0.03333333333333333
6 9 0.03333333333333333
6 10 0.03333333333333333
6 11 0.03333333333333333
6 12 0.03333333333333333
6 13 0.03333333333333333
6 14 0.03333333333333333
6 15 0.03333333333333333
6 16 0.03333333333333333
6 17 0.03333333333333333
6 18 0.03333333333333333
6 19 0.03333333333333333
6 20 0.03333333333333333
6 21 0.03333333333333333
6 22 0.03333333333333333
6 23 0.03333333333333333
6 24 0.03333333333333333
6 25 0.03333333333333333
6 26 0.03333333333333333
6 27 0.03333333333333333
6 28 0.03333333333333333
6 29 0.03333333333333333
6 30 0.03333333333333333
7 1 0.03333333333333333
7 2 0.03333333333333333
7 3 0.03333333333333333
7 4 0.03333333333333333
7 5 0.03333333333333333
7 6 0.03333333333333333
7 7 0.03333333333333333
7 8 0.03333333333333333
7 9 0.03333333333333333
7 10 0.03333333333333333
7 11 0.03333333333333333
7 12 0.03333333333333333
7 13 0.03333333333333333
7 14 0.03333333333333333
7 15 0.03333333333333333
7 16 0.03333333333333333
7 17 0.03333333333333333
7 18 0.03333333333333333
7 19 0.03333333333333333
7 20 0.03333333333333333
7 21 0.03333333333333333
7 22 0.03333333333333333
7 23 0.03333333333333333
7 24 0.03333333333333333
7 25 0.03333333333333333
7 26 0.03333333333333333
7 27 0.03333333333333333
7 28 0.03333333333333333
7 29 0.03333333333333333
7 30 0.03333333333333333
8 1 0.03333333333333333
8 2 0.03333333333333333
8 3 0.03333333333333333
8 4 0.03333333333333333
8 5 0.03333333333333333
8 6 0.03333333333333333
8 7 0.03333333333333333
8 8 0.03333333333333333
8 9 0.03333333333333333
8 10 0.03333333333333333
8 11 0.03333333333333333
8 12 0.03333333333333333
8 13 0.03333333333333333
8 14 0.03333333333333333
8 15 0.03333333333333333
8 16 0.03333333333333333
8 17 0.03333333333333333
8 18 0.03333333333333333
8 19 0.03333333333333333
8 20 0.03333333333333333
8 21 0.03333333333333333
8 22 0.03333333333333333
8 23 0.03333333333333333
8 24 0.03333333333333333
8 25 0.03333333333333333
8 26 0.03333333333333333
8 27 0.03333333333333333
8 28 0.03333333333333333
8 29 0.03333333333333333
8 30 0.03333333333333333
9 1 0.03333333333333333
9 2 0.03333333333333333
9 3 0.03333333333333333
9 4 0.03333333333333333
9 5 0.03333333333333333
9 6 0.03333333333333333
9 7 0.03333333333333333
9 8 0.03333333333333333
9 9 0.03333333333333333
9 10 0.03333333333333333
9 11 0.03333333333333333
9 12 0.03333333333333333
9 13 0.03333333333333333
9 14 0.03333333333333333
9 15 0.03333333333333333
9 16 0.03333333333333333
9 17 0.03333333333333333
9 18 0.03333333333333333
9 19 0.03333333333333333
9 20 0.03333333333333333
9 21 0.03333333333333333
9 22 0.03333333333333333
9 23 0.03333333333333333
9 24 0.03333333333333333
9 25 0.03333333333333333
9 26 0.03333333333333333
9 27 0.03333333333333333
9 28 0.03333333333333333
9 29 0.03333333333333333
9 30 0.03333333333333333
10 1 0.03333333333333333
10 2 0.03333333333333333
10 3 0.03333333333333333
10 4 0.03333333333333333
10 5 0.03333333333333333
10 6 0.03333333333333333
10 7 0.03333333333333333
10 8 0.03333333333333333
10 9 0.03333333333333333
10 10 0.03333333333333333
10 11 0.03333333333333333
10 12 0.03333333333333333
10 13 0.03333333333333333
10 14 0.03333333333333333
10 15 0.03333333333333333
10 16 0.03333333333333333
10 17 0.03333333333333333
10 18 0.03333333333333333
10 19 0.03333333333333333
10 20 0.03333333333333333
10 21 0.03333333333333333
10 22 0.03333333333333333
10 23 0.03333333333333333
10 24 0.03333333333333333
10 25 0.03333333333333333
10 26 0.03333333333333333
10 27 0.03333333333333333
10 28 0.03333333333333333
10 29 0.03333333333333333
10 30 0.03333333333333333
11 1 0.03333333333333333
11 2 0.03333333333333333
11 3 0.03333333333333333
11 4 0.03333333333333333
11 5 0.03333333333333333
11 6 0.03333333333333333
11 7 0.03333333333333333
11 8 0.03333333333333333
11 9 0.03333333333333333
11 10 0.03333333333333333
11 11 0.03333333333333333
11 12 0.03333333333333333
11 13 0.03333333333333333
11 14 0.03333333333333333
11 15 0.03333333333333333
11 16 0.03333333333333333
11 17 0.03333333333333333
11 18 0.03333333333333333
11 19 0.03333333333333333
11 20 0.03333333333333333
11 21 0.03333333333333333
11 22 0.03333333333333333
11 23 0.03333333333333333
11 24 0.03333333333333333
11 25 0.03333333333333333
11 26 0.03333333333333333
11 27 0.03333333333333333
11 28 0.03333333333333333
11 29 0.03333333333333333
11 30 0.03333333333333333
12 1 0.03333333333333333
12 2 0.03333333333333333
12 3 0.03333333333333333
12 4 0.03333333333333333
12 5 0.03333333333333333
12 6 0.03333333333333333
12 7 0.03333333333333333
12 8 0.03333333333333333
12 9 0.03333333333333333
12 10 0.03333333333333333
12 11 0.03333333333333333
12 12 0.03333333333333333
12 13 0.03333333333333333
12 14 0.03333333333333333
12 15 0.03333333333333333
12 16 0.03333333333333333
12 17 0.03333333333333333
12 18 0.03333333333333333
12 19 0.03333333333333333
12 20 0.03333333333333333
12 21 0.03333333333333333
12 22 0.03333333333333333
12 23 0.03333333333333333
12 24 0.03333333333333333
12 25 0.03333333333333333
12 26 0.03333333333333333
12 27 0.03333333333333333
12 28 0.03333333333333333
12 29 0.03333333333333333
12 30 0.03333333333333333
13 1 0.03333333333333333
13 2 0.03333333333333333
13 3 0.03333333333333333
13 4 0.03333333333333333
13 5 0.03333333333333333
13 6 0.03333333333333333
13 7 0.03333333333333333
13 8 0.03333333333333333
13 9 0.03333333333333333
13 10 0.03333333333333333
13 11 0.03333333333333333
13 12 0.03333333333333333
13 13 0.03333333333333333
13 14 0.03333333333333333
13 15 0.03333333333333333
13 16 0.03333333333333333
13 17 0.03333333333333333
13 18 0.03333333333333333
13 19 0.03333333333333333
13 20 0.03333333333333333
13 21 0.03333333333333333
13 22 0.03333333333333333
13 23 0.03333333333333333
13 24 0.03333333333333333
13 25 0.03333333333333333
13 26 0.03333333333333333
13 27 0.03333333333333333
13 28 0.03333333333333333
13 29 0.03333333333333333
13 30 0.03333333333333333
14 1 0.03333333333333333
14 2 0.03333333333333333
14 3 0.03333333333333333
14 4 0.03333333333333333
14 5 0.03333333333333333
14 6 0.03333333333333333
14 7 0.03333333333333333
14 8 0.03333333333333333
14 9 0.03333333333333333
14 10 0.03333333333333333
14 11 0.03333333333333333
14 12 0.03333333333333333
14 13 0.03333333333333333
14 14 0.03333333333333333
14 15 0.03333333333333333
14 16 0.03333333333333333
14 17 0.03333333333333333
14 18 0.03333333333333333
14 19 0.03333333333333333
14 20 0.03333333333333333
14 21 0.03333333333333333
14 22 0.03333333333333333
14 23 0.03333333333333333
14 24 0.03333333333333333
14 25 0.03333333333333333
14 26 0.03333333333333333
14 27 0.03333333333333333
14 28 0.03333333333333333
14 29 0.03333333333333333
14 30 0.03333333333333333
15 1 0.03333333333333333
15 2 0.03333333333333333
15 3 0.03333333333333333
15 4 0.03333333333333333
15 5 0.03333333333333333
15 6 0.03333333333333333
15 7 0.03333333333333333
15 8 0.03333333333333333
15 9 0.03333333333333333
15 10 0.03333333333333333
15 11 0.03333333333333333
15 12 0.03333333333333333
15 13 0.03333333333333333
15 14 0.03333333333333333
15 15 0.03333333333333333
15 16 0.03333333333333333
15 17 0.03333333333333333
15 18 0.03333333333333333
15 19 0.03333333333333333
15 20 0.03333333333333333
15 21 0.03333333333333333
15 22 0.03333333333333333
15 23 0.03333333333333333
15 24 0.03333333333333333
15 25 0.03333333333333333
15 26 0.03333333333333333
15 27 0.03333333333333333
15 28 0.03333333333333333
15 29 0.03333333333333333
15 30 0.03333333333333333
16 1 0.03333333333333333
16 2 0.03333333333333333
16 3 0.03333333333333333
16 4 0.03333333333333333
16 5 0.03333333333333333
16 6 0.03333333333333333
16 7 0.03333333333333333
16 8 0.03333333333333333
16 9 0.03333333333333333
16 10 0.03333333333333333
16 11 0.03333333333333333
16 12 0.03333333333333333
16 13 0.03333333333333333
16 14 0.03333333333333333
16 15 0.03333333333333333
16 16 0.03333333333333333
16 17 0.03333333333333333
16 18 0.03333333333333333
16 19 0.03333333333333333
16 20 0.03333333333333333
16 21 0.03333333333333333
16 22 0.03333333333333333
16 23 0.03333333333333333
16 24 0.03333333333333333
16 25 0.03333333333333333
16 26 0.03333333333333333
16 27 0.03333333333333333
16 28 0.03333333333333333
16 29 0.03333333333333333
16 30 0.03333333333333333
17 1 0.03333333333333333
17 2 0.03333333333333333
17 3 0.03333333333333333
17 4 0.03333333333333333
17 5 0.03333333333333333
17 6 0.03333333333333333
17 7 0.03333333333333333
17 8 0.03333333333333333
17 9 0.03333333333333333
17 10 0.03333333333333333
17 11 0.03333333333333333
17 12 0.03333333333333333
17 13 0.03333333333333333
17 14 0.03333333333333333
17 15 0.03333333333333333
17 16 0.03333333333333333
17 17 0.03333333333333333
17 18 0.03333333333333333
17 19 0.03333333333333333
17 20 0.03333333333333333
17 21 0.03333333333333333
17 22 0.03333333333333333
17 23 0.03333333333333333
17 24 0.03333333333333333
17 25 0.03333333333333333
17 26 0.03333333333333333
17 27 0.03333333333333333
17 28 0.03333333333333333
17 29 0.03333333333333333
17 30 0.03333333333333333
18 1 0.03333333333333333
18 2 0.03333333333333333
18 3 0.03333333333333333
18 4 0.03333333333333333
18 5 0.03333333333333333
18 6 0.03333333333333333
18 7 0.03333333333333333
18 8 0.03333333333333333
18 9 0.03333333333333333
18 10 0.03333333333333333
18 11 0.03333333333333333
18 12 0.03333333333333333
18 13 0.03333333333333333
18 14 0.03333333333333333
18 15 0.03333333333333333
18 16 0.03333333333333333
18 17 0.03333333333333333
18 18 0.03333333333333333
18 19 0.03333333333333333
18 20 0.03333333333333333
18 21 0.03333333333333333
18 22 0.03333333333333333
18 23 0.03333333333333333
18 24 0.03333333333333333
18 25 0.03333333333333333
18 26 0.03333333333333333
18 27 0.03333333333333333
18 28 0.03333333333333333
18 29 0.03333333333333333
18 30 0.03333333333333333
19 1 0.03333333333333333
19 2 0.03333333333333333
19 3 0.03333333333333333
19 4 0.03333333333333333
19 5 0.03333333333333333
19 6 0.03333333333333333
19 7 0.03333333333333333
19 8 0.03333333333333333
19 9 0.03333333333333333
19 10 0.03333333333333333
19 11 0.03333333333333333
19 12 0.03333333333333333
19 13 0.03333333333333333
19 14 0.03333333333333333
19 15 0.03333333333333333
19 16 0.03333333333333333
19 17 0.03333333333333333
19 18 0.03333333333333333
19 19 0.03333333333333333
19 20 0.03333333333333333
19 21 0.03333333333333333
19 22 0.03333333333333333
19 23 0.03333333333333333
19 24 0.03333333333333333
19 25 0.03333333333333333
19 26 0.03333333333333333
19 27 0.03333333333333333
19 28 0.03333333333333333
19 29 0.03333333333333333
19 30 0.03333333333333333
20 1 0.03333333333333333
20 2 0.03333333333333333
20 3 0.03333333333333333
20 4 0.03333333333333333
20 5 0.03333333333333333
20 6 0.03333333333333333
20 7 0.03333333333333333
20 8 0.03333333333333333
20 9 0.03333333333333333
20 10 0.03333333333333333
20 11 0.03333333333333333
20 12 0.03333333333333333
20 13 0.03333333333333333
20 14 0.03333333333333333
20 15 0.03333333333333333
20 16 0.03333333333333333
20 17 0.03333333333333333
20 18 0.03333333333333333
20 19 0.03333333333333333
20 20 0.03333333333333333
20 21 0.03333333333333333
20 22 0.03333333333333333
20 23 0.03333333333333333
20 24 0.03333333333333333
20 25 0.03333333333333333
20 26 0.03333333333333333
20 27 0.03333333333333333
20 28 0.03333333333333333
20 29 0.03333333333333333
20 30 0.03333333333333333
21 1 0.03333333333333333
21 2 0.03333333333333333
21 3 0.03333333333333333
21 4 0.03333333333333333
21 5 0.03333333333333333
21 6 0.03333333333333333
21 7 0.03333333333333333
21 8 0.03333333333333333
21 9 0.03333333333333333
21 10 0.03333333333333333
21 11 0.03333333333333333
21 12 0.03333333333333333
21 13 0.03333333333333333
21 14 0.03333333333333333
21 15 0.03333333333333333
21 16 0.03333333333333333
21 17 0.03333333333333333
21 18 0.03333333333333333
21 19 0.03333333333333333
21 20 0.03333333333333333
21 21 0.03333333333333333
21 22 0.03333333333333333
21 23 0.03333333333333333
21 24 0.03333333333333333
21 25 0.03333333333333333
21 26 0.03333333333333333
21 27 0.03333333333333333
21 28 0.03333333333333333
21 29 0.03333333333333333
21 30 0.03333333333333333
22 1 0.03333333333333333
22 2 0.03333333333333333
22 3 0.03333333333333333
22 4 0.03333333333333333
22 5 0.03333333333333333
22 6 0.03333333333333333
22 7 0.03333333333333333
22 8 0.03333333333333333
22 9 0.03333333333333333
22 10 0.03333333333333333
22 11 0.03333333333333333
22 12 0.03333333333333333
22 13 0.03333333333333333
22 14 0.03333333333333333
22 15 0.03333333333333333
22 16 0.03333333333333333
22 17 0.03333333333333333
22 18 0.03333333333333333
22 19 0.03333333333333333
22 20 0.03333333333333333
22 21 0.03333333333333333
22 22 0.03333333333333333
22 23 0.03333333333333333
22 24 0.03333333333333333
22 25 0.03333333333333333
22 26 0.03333333333333333
22 27 0.03333333333333333
22 28 0.03333333333333333
22 29 0.03333333333333333
22 30 0.03333333333333333
23 1 0.03333333333333333
23 2 0.03333333333333333
23 3 0.03333333333333333
23 4 0.03333333333333333
23 5 0.03333333333333333
23 6 0.03333333333333333
23 7 0.03333333333333333
23 8 0.03333333333333333
23 9 0.03333333333333333
23 10 0.03333333333333333
23 11 0.03333333333333333
23 12 0.03333333333333333
23 13 0.03333333333333333
23 14 0.03333333333333333
23 15 0.03333333333333333
23 16 0.03333333333333333
23 17 0.03333333333333333
23 18 0.03333333333333333
23 19 0.03333333333333333
23 20 0.03333333333333333
23 21 0.03333333333333333
23 22 0.03333333333333333
23 23 0.03333333333333333
23 24 0.03333333333333333
23 25 0.03333333333333333
23 26 0.03333333333333333
23 27 0.03333333333333333
23 28 0.03333333333333333
23 29 0.03333333333333333
23 30 0.03333333333333333
24 1 0.03333333333333333
24 2 0.03333333333333333
24 3 0.03333333333333333
24 4 0.03333333333333333
24 5 0.03333333333333333
24 6 0.03333333333333333
24 7 0.03333333333333333
24 8 0.03333333333333333
24 9 0.03333333333333333
24 10 0.03333333333333333
24 11 0.03333333333333333
24 12 0.03333333333333333
24 13 0.03333333333333333
24 14 0.03333333333333333
24 15 0.03333333333333333
24 16 0.03333333333333333
24 17 0.03333333333333333
24 18 0.03333333333333333
24 19 0.03333333333333333
24 20 0.03333333333333333
24 21 0.03333333333333333
24 22 0.03333333333333333
24 23 0.03333333333333333
24 24 0.03333333333333333
24 25 0.03333333333333333
24 26 0.03333333333333333
24 27 0.03333333333333333
24 28 0.03333333333333333
24 29 0.03333333333333333
24 30 0.03333333333333333
25 1 0.03333333333333333
25 2 0.03333333333333333
25 3 0.03333333333333333
25 4 0.03333333333333333
25 5 0.03333333333333333
25 6 0.03333333333333333
25 7 0.03333333333333333
25 8 0.03333333333333333
25 9 0.03333333333333333
25 10 0.03333333333333333
25 11 0.03333333333333333
25 12 0.03333333333333333
25 13 0.03333333333333333
25 14 0.03333333333333333
25 15 0.03333333333333333
25 16 0.03333333333333333
25 17 0.03333333333333333
25 18 0.03333333333333333
25 19 0.03333333333333333
25 20 0.03333333333333333
25 21 0.03333333333333333
25 22 0.03333333333333333
25 23 0.03333333333333333
25 24 0.03333333333333333
25 25 0.03333333333333333
25 26 0.03333333333333333
25 27 0.03333333333333333
25 28 0.03333333333333333
25 29 0.03333333333333333
25 30 0.03333333333333333
26 1 0.03333333333333333
26 2 0.03333333333333333
26 3 0.03333333333333333
26 4 0.03333333333333333
26 5 0.03333333333333333
26 6 0.03333333333333333
26 7 0.03333333333333333
26 8 0.03333333333333333
26 9 0.03333333333333333
26 10 0.03333333333333333
26 11 0.03333333333333333
26 12 0.03333333333333333
26 13 0.03333333333333333
26 14 0.03333333333333333
26 15 0.03333333333333333
26 16 0.03333333333333333
26 17 0.03333333333333333
26 18 0.03333333333333333
26 19 0.03333333333333333
26 20 0.03333333333333333
26 21 0.03333333333333333
26 22 0.03333333333333333
26 23 0.03333333333333333
26 24 0.03333333333333333
26 25 0.03333333333333333
26 26 0.03333333333333333
26 27 0.03333333333333333
26 28 0.03333333333333333
26 29 0.03333333333333333
26 30 0.03333333333333333
27 1 0.03333333333333333
27 2 0.03333333333333333
27 3 0.03333333333333333
27 4 0.03333333333333333
27 5 0.03333333333333333
27 6 0.03333333333333333
27 7 0.03333333333333333
27 8 0.03333333333333333
27 9 0.03333333333333333
27 10 0.03333333333333333
27 11 0.03333333333333333
27 12 0.03333333333333333
27 13 0.03333333333333333
27 14 0.03333333333333333
27 15 0.03333333333333333
27 16 0.03333333333333333
27 17 0.03333333333333333
27 18 0.03333333333333333
27 19 0.03333333333333333
27 20 0.03333333333333333
27 21 0.03333333333333333
27 22 0.03333333333333333
27 23 0.03333333333333333
27 24 0.03333333333333333
27 25 0.03333333333333333
27 26 0.03333333333333333
27 27 0.03333333333333333
27 28 0.03333333333333333
27 29 0.03333333333333333
27 30 0.03333333333333333
28 1 0.03333333333333333
28 2 0.03333333333333333
28 3 0.03333333333333333
28 4 0.03333333333333333
28 5 0.03333333333333333
28 6 0.03333333333333333
28 7 0.03333333333333333
28 8 0.03333333333333333
28 9 0.03333333333333333
28 10 0.03333333333333333
28 11 0.03333333333333333
28 12 0.03333333333333333
28 13 0.03333333333333333
28 14 0.03333333333333333
28 15 0.03333333333333333
28 16 0.03333333333333333
28 17 0.03333333333333333
28 18 0.03333333333333333
28 19 0.03333333333333333
28 20 0.03333333333333333
28 21 0.03333333333333333
28 22 0.03333333333333333
28 23 0.03333333333333333
28 24 0.03333333333333333
28 25 0.03333333333333333
28 26 0.03333333333333333
28 27 0.03333333333333333
28 28 0.03333333333333333
28 29 0.03333333333333333
28 30 0.03333333333333333
29 1 0.03333333333333333
29 2 0.03333333333333333
29 3 0.03333333333333333
29 4 0.03333333333333333
29 5 0.03333333333333333
29 6 0.03333333333333333
29 7 0.03333333333333333
29 8 0.03333333333333333
29 9 0.03333333333333333
29 10 0.03333333333333333
29 11 0.03333333333333333
29 12 0.03333333333333333
29 13 0.03333333333333333
29 14 0.03333333333333333
29 15 0.03333333333333333
29 16 0.03333333333333333
29 17 0.03333333333333333
29 18 0.03333333333333333
29 19 0.03333333333333333
29 20 0.03333333333333333
29 21 0.03333333333333333
29 22 0.03333333333333333
29 23 0.03333333333333333
29 24 0.03333333333333333
29 25 0.03333333333333333
29 26 0.03333333333333333
29 27 0.03333333333333333
29 28 0.03333333333333333
29 29 0.03333333333333333
29 30 0.03333333333333333
