cell,r1,r2,r3,r4,r5,r6,r7,r8,r9,r10,r11,r12,r13,r14,r15,r16,r17,r18,r19,r20,r21,r22,r23,r24,r25,r26,r27,r28,r29,r30,r31,r32,r33,r34,r35,r36,r37,r38,r39,r40,r41,r42,r43,r44,r45,r46,r47,r48,r49,r50,r51,r52,r53,r54,r55,r56,r57,r58,r59,r60,r61,r62,r63,r64,r65,r66,r67,r68,r69,r70
n16,3,4,4,3,5,10,4,0,0,7,8,6,4,10,0,5,4,7,4,2,8,9,9,6,4,5,5,6,7,9,4,7,2,3,1,6,3,8,6,6,2,7,7,9,2,10,9,0,0,8,0,3,6,6,8,4,0,8,0,8,6,10,1,7,6,5,1,8,0,10
n15,0,4,4,3,5,10,4,0,0,7,8,6,4,10,0,5,4,7,4,2,8,9,9,6,4,5,5,6,7,9,4,7,2,3,1,6,3,8,6,6,2,7,7,9,2,10,9,7,8,8,4,3,6,6,8,4,10,8,0,8,6,10,1,7,6,5,1,8,0,10
n18,0,4,4,3,0,10,4,9,0,7,8,6,4,10,0,5,4,7,4,2,8,0,9,6,4,5,5,6,7,9,4,7,2,3,1,6,3,8,6,6,2,7,7,9,2,10,9,4,0,8,2,3,6,6,8,4,6,8,0,8,6,10,1,7,6,5,1,8,3,10
n17,10,4,4,3,0,10,4,9,0,7,8,6,4,10,0,5,4,7,4,2,8,0,9,6,4,5,5,6,7,9,4,7,2,3,1,6,3,8,6,6,2,7,7,9,2,10,9,4,0,8,0,3,6,6,8,4,0,8,6,8,6,10,1,7,6,5,1,8,3,10
n22,0,4,4,3,0,10,4,0,0,7,8,6,4,10,0,5,4,7,4,2,8,0,9,6,4,5,5,6,7,9,4,0,2,3,1,6,3,8,6,6,2,7,7,9,2,10,5,0,0,8,0,3,6,6,8,4,7,8,9,8,6,10,1,7,6,5,1,8,0,10
n21,0,4,4,3,8,10,4,0,0,7,8,6,4,10,0,5,4,7,4,2,8,0,9,6,4,5,5,6,7,9,4,6,2,3,1,6,3,8,6,6,2,7,7,9,2,10,2,5,0,8,0,3,6,6,8,4,7,8,0,8,6,10,1,7,6,5,1,8,0,10
n24,4,4,4,3,0,10,4,0,0,7,8,6,4,10,0,5,4,7,4,2,8,0,9,6,4,5,5,6,7,9,4,0,2,3,1,6,3,8,6,6,2,7,7,9,2,10,0,0,0,8,0,3,6,6,8,4,0,8,3,8,6,10,1,7,6,5,1,8,0,10
n23,0,4,4,3,0,10,4,0,0,7,8,6,4,10,0,5,4,7,4,2,8,0,9,6,4,5,5,6,7,9,4,0,2,3,1,6,3,8,6,6,2,7,7,9,2,10,0,0,0,8,0,3,6,6,8,4,0,8,0,8,6,10,1,7,6,5,1,8,0,10
n30,8,4,3,3,9,10,4,8,4,7,8,6,4,10,5,5,4,7,4,2,8,8,9,6,4,5,5,6,7,9,4,0,2,3,1,6,5,8,6,6,2,7,7,0,2,9,0,5,7,8,1,3,6,6,8,4,0,8,3,8,6,10,1,7,6,0,1,8,0,10
n29,8,4,3,3,9,10,4,8,2,7,8,6,4,10,5,5,4,7,4,2,8,8,9,6,4,5,5,6,7,9,4,0,2,3,1,6,5,8,6,6,2,7,7,6,2,9,0,5,7,8,1,3,6,6,8,4,0,8,3,8,6,10,1,7,6,0,1,8,0,10
n32,8,4,3,3,9,10,4,0,4,7,8,6,4,10,5,5,4,7,4,2,8,8,9,6,4,5,5,6,7,9,4,1,2,3,1,6,0,8,6,6,2,7,7,0,2,9,0,0,0,8,1,3,6,6,8,4,0,8,0,8,6,10,1,7,6,0,1,8,8,10
n31,8,4,3,3,9,10,4,0,4,7,8,6,4,10,5,5,4,7,4,2,8,8,9,6,4,5,5,6,7,9,4,0,2,3,1,6,0,8,6,6,2,7,7,0,2,9,0,0,0,8,1,3,6,6,8,4,7,8,0,8,6,10,1,7,6,0,1,8,8,10
n36,0,4,3,3,3,10,4,1,0,7,8,6,4,10,5,5,4,7,4,2,8,0,9,6,4,5,5,6,7,9,4,0,2,3,1,6,0,8,6,6,2,7,7,8,2,9,0,2,0,8,8,3,6,6,8,4,0,8,0,8,6,10,1,7,6,4,1,8,3,10
n35,0,4,3,3,3,10,4,1,0,7,8,6,4,10,5,5,4,7,4,2,8,0,9,6,4,5,5,6,7,9,4,0,2,3,1,6,0,8,6,6,2,7,7,8,2,9,0,0,0,8,0,3,6,6,8,4,0,8,0,8,6,10,1,7,6,4,1,8,3,10
n38,4,4,3,3,0,10,4,1,0,7,8,6,4,10,5,5,4,7,4,2,8,8,9,6,4,5,5,6,7,9,4,9,2,3,1,6,0,8,6,6,2,7,7,0,2,9,10,8,0,8,2,3,6,6,8,4,2,8,0,8,6,10,1,7,6,5,1,8,3,10
n37,0,4,3,3,6,10,4,1,1,7,8,6,4,10,5,5,4,7,4,2,8,10,9,6,4,5,5,6,7,9,4,9,2,3,1,6,9,8,6,6,2,7,7,0,2,9,0,8,0,8,2,3,6,6,8,4,0,8,0,8,6,10,1,7,6,0,1,8,3,10
n46,7,4,10,3,9,10,4,4,0,7,8,6,4,10,0,5,4,7,4,2,8,9,9,6,4,5,5,6,7,9,4,6,2,3,1,6,0,8,6,6,2,7,0,0,2,4,1,0,1,8,0,3,6,6,8,4,0,8,0,8,0,10,1,7,6,7,1,8,0,10
n45,7,4,10,3,0,10,4,4,0,7,8,6,4,10,0,5,4,7,4,2,8,9,9,6,4,5,5,6,7,9,4,6,2,3,1,6,6,8,6,6,2,7,0,0,2,4,1,0,1,8,0,3,6,6,8,4,0,8,0,8,0,10,1,7,6,7,1,8,0,10
n48,7,4,10,3,4,10,4,4,0,7,8,6,4,10,0,5,4,7,4,2,8,9,9,6,4,5,5,6,7,9,4,6,2,3,1,6,0,8,6,6,2,7,0,1,2,4,1,0,1,8,0,3,6,6,8,4,0,8,0,8,3,10,1,7,6,7,1,8,0,10
n47,7,4,10,3,0,10,4,4,0,7,8,6,4,10,0,5,4,7,4,2,8,9,9,6,4,5,5,6,7,9,4,6,2,3,1,6,8,8,6,6,2,7,5,0,2,4,1,0,1,8,0,3,6,6,8,4,9,8,0,8,0,10,1,7,6,7,1,8,0,10
n52,0,4,10,3,0,10,4,4,4,7,8,6,4,10,10,5,4,7,4,2,8,9,9,6,4,5,5,6,7,9,4,10,2,3,1,6,0,8,6,6,2,7,0,0,2,0,1,0,0,8,1,3,6,6,8,4,0,8,0,8,9,10,1,7,6,0,1,8,2,10
n51,0,4,10,3,0,10,4,4,4,7,8,6,4,10,10,5,4,7,4,2,8,9,9,6,4,5,5,6,7,9,4,0,2,3,1,6,0,8,6,6,2,7,0,0,2,7,1,0,0,8,1,3,6,6,8,4,0,8,0,8,7,10,1,7,6,0,1,8,2,10
n54,0,4,10,3,0,10,4,4,4,7,8,6,4,10,10,5,4,7,4,2,8,9,9,6,4,5,5,6,7,9,4,0,2,3,1,6,0,8,6,6,2,7,0,0,2,2,1,0,0,8,0,3,6,6,8,4,4,8,0,8,0,10,1,7,6,5,1,8,2,10
n53,0,4,10,3,3,10,4,4,4,7,8,6,4,10,10,5,4,7,4,2,8,9,9,6,4,5,5,6,7,9,4,0,2,3,1,6,0,8,6,6,2,7,0,0,2,2,1,0,0,8,0,3,6,6,8,4,10,8,0,8,0,10,1,7,6,3,1,8,2,10
n60,0,4,10,3,2,10,4,0,2,7,8,6,4,10,0,5,4,7,4,2,8,9,9,6,4,5,5,6,7,9,4,0,2,3,1,6,0,8,6,6,2,7,9,6,2,0,1,8,1,8,0,3,6,6,8,4,5,8,0,8,1,10,1,7,6,0,1,8,0,10
n59,5,4,10,3,2,10,4,0,2,7,8,6,4,10,0,5,4,7,4,2,8,9,9,6,4,5,5,6,7,9,4,0,2,3,1,6,3,8,6,6,2,7,9,6,2,0,1,0,0,8,0,3,6,6,8,4,5,8,0,8,0,10,1,7,6,0,1,8,0,10
n62,10,4,10,3,2,10,4,7,2,7,8,6,4,10,5,5,4,7,4,2,8,9,9,6,4,5,5,6,7,9,4,8,2,3,1,6,0,8,6,6,2,7,9,6,2,0,1,0,0,8,4,3,6,6,8,4,5,8,0,8,0,10,1,7,6,0,1,8,0,10
n61,10,4,10,3,2,10,4,0,2,7,8,6,4,10,0,5,4,7,4,2,8,9,9,6,4,5,5,6,7,9,4,8,2,3,1,6,0,8,6,6,2,7,9,6,2,0,1,0,6,8,4,3,6,6,8,4,5,8,6,8,0,10,1,7,6,0,1,8,0,10
n66,0,4,10,3,0,10,4,10,2,7,8,6,4,10,0,5,4,7,4,2,8,9,9,6,4,5,5,6,7,9,4,10,2,3,1,6,10,8,6,6,2,7,3,6,2,0,1,0,9,8,0,3,6,6,8,4,0,8,0,8,2,10,1,7,6,0,1,8,0,10
n65,5,4,10,3,0,10,4,10,2,7,8,6,4,10,0,5,4,7,4,2,8,9,9,6,4,5,5,6,7,9,4,0,2,3,1,6,10,8,6,6,2,7,0,6,2,0,1,0,9,8,0,3,6,6,8,4,0,8,0,8,2,10,1,7,6,0,1,8,2,10
n68,0,4,10,3,0,10,4,10,2,7,8,6,4,10,8,5,4,7,4,2,8,9,9,6,4,5,5,6,7,9,4,9,2,3,1,6,10,8,6,6,2,7,0,6,2,0,1,0,9,8,7,3,6,6,8,4,0,8,0,8,2,10,1,7,6,0,1,8,0,10
n67,0,4,10,3,0,10,4,10,2,7,8,6,4,10,8,5,4,7,4,2,8,9,9,6,4,5,5,6,7,9,4,9,2,3,1,6,10,8,6,6,2,7,0,6,2,0,1,0,9,8,0,3,6,6,8,4,0,8,0,8,2,10,1,7,6,0,1,8,0,10
n78,7,5,4,3,0,10,4,5,8,7,8,4,4,10,3,5,4,7,4,2,8,2,9,6,4,5,5,6,0,9,4,1,2,3,1,4,6,0,6,6,2,7,6,6,2,0,1,0,0,8,1,3,6,6,8,4,6,8,4,8,0,10,1,8,6,10,1,0,6,10
n77,7,5,9,3,0,10,4,5,8,7,8,4,4,10,3,5,4,7,4,2,8,2,9,6,4,5,5,6,2,9,4,1,2,3,1,4,6,0,6,6,2,7,0,6,2,0,1,0,9,8,1,3,6,6,8,4,6,8,4,8,0,10,1,8,6,10,1,10,6,10
n80,7,0,0,3,0,10,4,5,8,7,8,4,4,10,3,5,4,7,4,2,8,2,9,6,4,5,5,6,0,9,4,1,2,3,1,4,6,0,6,6,2,7,0,6,2,0,1,10,0,8,1,3,6,6,8,4,6,8,4,8,0,10,1,8,6,10,1,0,0,10
n79,7,0,5,3,2,10,4,5,8,7,8,4,4,10,3,5,4,7,4,2,8,2,9,6,4,5,5,6,0,9,4,1,2,3,1,4,6,0,6,6,2,7,0,6,2,0,1,10,0,8,1,3,6,6,8,4,6,8,4,8,4,10,1,8,6,10,1,0,0,10
n84,7,0,9,3,0,10,4,5,8,7,8,4,4,10,3,5,4,7,4,2,8,2,9,6,4,5,5,6,0,9,4,1,2,3,1,4,6,0,6,6,2,7,0,6,2,0,10,0,5,8,1,3,6,6,8,4,6,8,4,8,0,10,1,0,6,10,1,0,4,10
n83,7,0,9,3,0,10,4,5,8,7,8,4,4,10,3,5,4,7,4,2,8,2,9,6,4,5,5,6,0,9,4,1,2,3,1,4,6,0,6,6,2,7,0,6,2,0,10,0,5,8,1,3,6,6,8,4,6,8,4,8,2,10,1,0,6,10,1,0,0,10
n86,7,0,0,3,7,10,4,5,8,7,8,4,4,10,3,5,4,7,4,2,8,2,9,6,4,5,5,6,0,9,4,1,2,3,1,4,6,0,6,6,2,7,0,6,2,7,10,5,0,8,1,3,6,6,8,4,6,8,4,8,2,10,1,0,6,10,1,0,6,10
n85,7,3,0,3,7,10,4,5,8,7,8,4,4,10,3,5,4,7,4,2,8,2,9,6,4,5,5,6,0,9,4,1,2,3,1,4,6,0,6,6,2,7,0,6,2,0,10,5,0,8,1,3,6,6,8,4,6,8,4,8,2,10,1,0,6,10,1,0,6,10
n92,7,4,0,3,0,10,4,5,8,7,8,4,4,10,3,5,4,7,4,2,8,2,9,6,4,5,5,6,0,9,4,1,2,3,1,9,8,7,6,6,2,7,0,6,2,0,0,9,0,8,1,3,6,6,8,4,0,8,4,8,2,10,1,7,6,10,1,0,0,10
n91,7,4,0,3,6,10,4,5,8,7,8,4,4,10,3,5,4,7,4,2,8,2,9,6,4,5,5,6,0,9,4,1,2,3,1,9,8,7,6,6,2,7,4,6,2,4,0,9,8,8,1,3,6,6,8,4,0,8,4,8,2,10,1,7,6,10,1,4,0,10
n94,7,4,0,3,0,10,4,5,8,7,8,4,4,10,3,5,4,7,4,2,8,2,9,6,4,5,5,6,0,9,4,1,2,3,1,0,8,7,6,6,2,7,0,6,2,0,0,9,0,8,1,3,6,6,8,4,0,8,4,8,2,10,1,7,6,10,1,0,0,10
n93,7,4,0,3,0,10,4,5,8,7,8,4,4,10,3,5,4,7,4,2,8,2,9,6,4,5,5,6,8,9,4,1,2,3,1,0,8,7,6,6,2,7,6,6,2,0,0,9,0,8,1,3,6,6,8,4,0,8,4,8,2,10,1,7,6,10,1,0,0,10
n98,7,1,7,3,2,10,4,5,8,7,8,4,4,10,3,5,4,7,4,2,8,2,9,6,4,5,5,6,10,9,4,1,2,3,1,1,8,7,6,6,2,7,3,6,2,0,3,0,7,8,1,3,6,6,8,4,0,8,4,8,2,10,1,1,6,10,1,5,0,10
n97,7,1,8,3,2,10,4,5,8,7,8,4,4,10,3,5,4,7,4,2,8,2,9,6,4,5,5,6,10,9,4,1,2,3,1,1,8,7,6,6,2,7,3,6,2,0,3,0,0,8,1,3,6,6,8,4,0,8,4,8,2,10,1,1,6,10,1,0,0,10
n100,7,1,0,3,0,10,4,5,8,7,8,4,4,10,3,5,4,7,4,2,8,2,9,6,4,5,5,6,0,9,4,1,2,3,1,0,8,7,6,6,2,7,1,6,2,0,0,3,8,8,1,3,6,6,8,4,3,8,4,8,2,10,1,1,6,10,1,0,0,10
n99,7,1,0,3,0,10,4,5,8,7,8,4,4,10,3,5,4,7,4,2,8,2,9,6,4,5,5,6,0,9,4,1,2,3,1,0,8,7,6,6,2,7,0,6,2,0,0,0,8,8,1,3,6,6,8,4,3,8,4,8,2,10,1,1,6,10,1,0,0,10
n108,7,7,3,3,3,10,4,3,10,7,8,4,4,10,0,5,4,7,4,2,8,2,9,6,4,5,10,6,0,9,4,0,2,3,1,7,0,0,6,6,2,7,5,6,2,5,2,0,7,8,8,3,6,6,8,4,0,8,1,8,9,10,1,7,6,10,1,0,0,10
n107,7,7,3,3,3,10,4,3,10,7,8,4,4,10,0,5,4,7,4,2,8,2,9,6,4,5,10,6,0,9,4,0,2,3,1,7,0,8,6,6,2,7,5,6,2,5,0,0,7,8,8,3,6,6,8,4,0,8,1,8,9,10,1,7,6,10,1,0,0,10
n110,7,7,3,3,3,10,4,0,10,7,8,4,4,10,0,5,4,7,4,2,8,2,9,6,4,5,0,6,0,9,4,0,2,3,1,7,0,0,6,6,2,7,5,6,2,5,3,0,7,8,8,3,6,6,8,4,8,8,1,8,9,10,1,7,6,10,1,10,8,10
n109,7,7,3,3,3,10,4,0,10,7,8,4,4,10,0,5,4,7,4,2,8,2,9,6,4,5,0,6,0,9,4,7,2,3,1,7,0,4,6,6,2,7,5,6,2,5,5,0,7,8,8,3,6,6,8,4,3,8,1,8,9,10,1,7,6,10,1,0,8,10
n114,7,0,3,3,3,10,4,0,10,7,8,4,4,10,0,5,4,7,4,2,8,2,9,6,4,5,0,6,0,9,4,0,2,3,1,7,0,2,6,6,2,7,1,6,2,5,9,8,7,8,8,3,6,6,8,4,0,8,1,8,9,10,1,3,6,10,1,3,0,10
n113,7,4,3,3,3,10,4,6,10,7,8,4,4,10,0,5,4,7,4,2,8,2,9,6,4,5,1,6,4,9,4,0,2,3,1,7,0,2,6,6,2,7,0,6,2,5,9,0,7,8,8,3,6,6,8,4,0,8,1,8,9,10,1,3,6,10,1,3,0,10
n116,7,0,3,3,3,10,4,0,10,7,8,4,4,10,0,5,4,7,4,2,8,2,9,6,4,5,0,6,8,9,4,0,2,3,1,7,1,0,6,6,2,7,2,6,2,5,9,0,7,8,8,3,6,6,8,4,0,8,1,8,9,10,1,3,6,10,1,3,2,10
n115,7,0,3,3,3,10,4,0,10,7,8,4,4,10,0,5,4,7,4,2,8,2,9,6,4,5,0,6,0,9,4,0,2,3,1,7,1,0,6,6,2,7,2,6,2,5,9,0,7,8,8,3,6,6,8,4,0,8,1,8,9,10,1,3,6,10,1,3,2,10
n122,7,0,3,3,3,10,4,4,10,7,8,4,4,10,2,5,4,7,4,2,8,2,9,6,4,5,10,6,10,9,4,0,2,3,1,0,7,10,6,6,2,7,0,6,2,4,0,2,7,8,8,3,6,6,8,4,0,8,1,8,9,10,1,5,6,10,1,2,0,10
n121,7,0,3,3,3,10,4,0,10,7,8,4,4,10,2,5,4,7,4,2,8,2,9,6,4,5,10,6,10,9,4,0,2,3,1,0,7,10,6,6,2,7,0,6,2,4,0,2,7,8,8,3,6,6,8,4,0,8,1,8,9,10,1,5,6,10,1,2,2,10
n124,7,1,3,3,3,10,4,0,10,7,8,4,4,10,2,5,4,7,4,2,8,2,9,6,4,5,10,6,0,9,4,0,2,3,1,0,0,4,6,6,2,7,4,6,2,4,0,2,7,8,8,3,6,6,8,4,0,8,1,8,9,10,1,5,6,10,1,2,0,10
n123,7,0,3,3,3,10,4,0,10,7,8,4,4,10,2,5,4,7,4,2,8,2,9,6,4,5,10,6,0,9,4,7,2,3,1,0,0,4,6,6,2,7,4,6,2,4,0,2,7,8,8,3,6,6,8,4,0,8,1,8,9,10,1,5,6,10,1,2,0,10
n128,7,0,3,3,3,10,4,0,10,7,8,4,4,10,3,5,4,7,4,2,8,2,9,6,4,5,6,6,5,9,4,9,2,3,1,0,0,0,6,6,2,7,0,6,2,6,7,2,7,8,8,3,6,6,8,4,0,8,1,8,9,10,1,5,6,10,1,2,5,10
n127,7,0,3,3,3,10,4,0,10,7,8,4,4,10,3,5,4,7,4,2,8,2,9,6,4,5,0,6,6,9,4,9,2,3,1,0,0,7,6,6,2,7,0,6,2,0,0,2,7,8,8,3,6,6,8,4,0,8,1,8,9,10,1,5,6,10,1,2,5,10
n130,7,0,3,3,3,10,4,0,10,7,8,4,4,10,3,5,4,7,4,2,8,2,9,6,4,5,0,6,0,9,4,9,2,3,1,5,6,9,6,6,2,7,0,6,2,6,0,2,7,8,8,3,6,6,8,4,1,8,1,8,9,10,1,5,6,10,1,2,0,10
n129,7,4,3,3,3,10,4,0,10,7,8,4,4,10,3,5,4,7,4,2,8,2,9,6,4,5,8,6,0,9,4,9,2,3,1,5,6,9,6,6,2,7,0,6,2,6,0,2,7,8,8,3,6,6,8,4,0,8,1,8,9,10,1,5,6,10,1,2,2,10
n142,8,4,2,3,5,10,4,2,0,7,8,9,4,0,3,5,4,7,4,7,8,6,9,6,4,0,7,6,0,9,4,3,2,3,1,5,0,8,6,6,2,7,4,8,2,4,0,8,6,8,6,3,2,9,7,4,0,8,4,8,4,10,1,6,6,0,1,2,8,6
n141,8,4,2,3,5,10,4,2,0,7,8,9,4,0,3,5,4,7,4,7,8,6,9,6,4,6,7,6,0,9,4,3,2,3,1,5,0,8,6,6,2,7,4,8,2,4,0,8,6,8,6,3,2,9,7,4,7,8,4,8,4,10,1,6,6,0,1,2,8,6
n144,8,4,2,3,5,10,4,2,7,7,8,9,4,5,1,5,4,7,4,7,8,6,9,6,4,10,7,6,0,9,4,3,2,3,1,5,0,8,6,6,2,7,4,8,2,4,0,8,6,8,6,3,2,9,7,4,5,8,4,8,4,10,1,6,6,0,1,2,8,6
n143,8,4,2,3,5,10,4,2,0,7,8,9,4,0,1,5,4,7,4,7,8,6,9,6,4,10,7,6,0,9,4,3,2,3,1,5,0,8,6,6,2,7,4,8,2,4,0,8,6,8,6,3,2,9,7,4,0,8,4,8,4,10,1,6,6,0,1,2,8,6
n148,8,4,2,3,0,10,4,2,0,7,8,9,4,8,2,5,4,7,4,7,8,6,9,6,4,2,7,6,0,9,4,0,2,3,1,5,0,8,6,6,2,7,4,8,2,4,0,8,6,8,6,3,2,9,7,4,7,8,1,8,0,10,1,6,6,0,1,2,8,0
n147,8,4,2,3,0,10,4,2,0,7,8,9,4,0,2,5,4,7,4,7,8,6,9,6,4,5,7,6,0,9,4,0,2,3,1,5,0,8,6,6,2,7,4,8,2,4,0,8,6,8,6,3,2,9,7,4,7,8,1,8,3,10,1,6,6,0,1,2,8,0
n150,8,4,2,3,0,10,4,2,0,7,8,9,4,0,6,5,4,7,4,7,8,6,9,6,4,0,7,6,0,9,4,5,2,3,1,5,0,8,6,6,2,7,4,8,2,4,10,8,6,8,6,3,2,9,7,4,0,8,4,8,0,10,1,6,6,2,1,2,8,0
n149,8,4,2,3,0,10,4,2,0,7,8,9,4,1,2,5,4,7,4,7,8,6,9,6,4,0,7,6,10,9,4,5,2,3,1,5,0,8,6,6,2,7,4,8,2,4,10,8,6,8,6,3,2,9,7,4,0,8,7,8,7,10,1,6,6,2,1,2,8,1
n156,8,4,2,3,9,10,4,6,1,7,8,9,4,0,5,5,4,7,4,7,8,6,9,6,4,0,7,6,6,9,4,3,2,3,1,5,7,8,6,6,2,7,10,8,2,4,7,0,6,8,6,3,2,9,0,4,10,8,0,8,3,10,1,6,6,1,1,2,8,0
n155,8,4,2,3,0,10,4,6,1,7,8,9,4,3,5,5,4,7,4,7,8,6,9,6,4,0,7,6,6,9,4,3,2,3,1,5,7,8,6,6,2,7,0,8,2,4,7,0,6,8,6,3,2,9,7,4,10,8,0,8,3,10,1,6,6,1,1,2,8,0
n158,8,4,2,3,0,10,4,6,1,7,8,9,4,0,5,5,4,7,4,7,8,6,9,6,4,8,7,6,6,9,4,3,2,3,1,5,7,8,6,6,2,7,0,8,2,4,9,0,6,8,6,3,2,9,0,4,10,8,10,8,3,10,1,6,6,1,1,2,8,7
n157,8,4,2,3,5,10,4,6,1,7,8,9,4,0,5,5,4,7,4,7,8,6,9,6,4,8,7,6,6,9,4,3,2,3,1,5,7,8,6,6,2,7,0,8,2,4,0,0,6,8,6,3,2,9,0,4,10,8,0,8,3,10,1,6,6,1,1,2,8,7
n162,8,4,2,3,0,10,4,0,1,7,8,9,4,6,0,5,4,7,4,7,8,6,9,6,4,0,7,6,1,9,4,3,2,3,1,5,7,8,6,6,2,7,0,8,2,4,0,0,6,8,6,3,2,9,2,4,10,8,10,8,3,10,1,6,6,1,1,2,8,0
n161,8,4,2,3,0,10,4,0,1,7,8,9,4,9,0,5,4,7,4,7,8,6,9,6,4,0,7,6,1,9,4,3,2,3,1,5,7,8,6,6,2,7,0,8,2,4,0,0,6,8,6,3,2,9,0,4,10,8,0,8,3,10,1,6,6,1,1,2,8,10
n164,8,4,2,3,0,10,4,0,1,7,8,9,4,2,4,5,4,7,4,7,8,6,9,6,4,0,7,6,0,9,4,3,2,3,1,5,7,8,6,6,2,7,7,8,2,4,0,9,6,8,6,3,2,9,1,4,10,8,5,8,3,10,1,6,6,1,1,2,8,8
n163,8,4,2,3,0,10,4,0,1,7,8,9,4,2,0,5,4,7,4,7,8,6,9,6,4,0,7,6,0,9,4,3,2,3,1,5,7,8,6,6,2,7,7,8,2,4,0,9,6,8,6,3,2,9,1,4,10,8,5,8,3,10,1,6,6,1,1,2,8,8
n172,8,4,2,3,3,10,4,0,0,7,8,5,4,7,0,5,4,7,4,7,8,5,9,6,4,1,1,6,10,0,4,0,2,3,1,5,0,8,6,6,2,7,10,8,2,4,10,0,6,8,6,3,2,9,0,4,8,8,0,8,0,10,1,6,6,0,1,0,8,0
n171,8,4,2,3,3,10,4,2,0,7,8,5,4,7,0,5,4,7,4,7,8,5,9,6,4,1,1,6,10,4,4,0,2,3,1,5,2,8,6,6,2,7,0,8,2,4,10,0,6,8,6,3,2,9,0,4,8,8,0,8,0,10,1,6,6,0,1,0,8,9
n174,8,4,2,3,0,10,4,0,2,7,8,5,4,7,2,5,4,7,4,7,8,5,9,6,4,1,1,6,10,0,4,0,2,3,1,5,9,8,6,6,2,7,8,8,2,4,10,7,6,8,6,3,2,9,0,4,8,8,8,8,2,10,1,6,6,0,1,0,8,0
n173,8,4,2,3,0,10,4,0,0,7,8,5,4,7,0,5,4,7,4,7,8,5,9,6,4,1,1,6,10,0,4,0,2,3,1,5,9,8,6,6,2,7,8,8,2,4,10,0,6,8,6,3,2,9,0,4,8,8,0,8,2,10,1,6,6,0,1,0,8,0
n178,8,4,2,3,9,10,4,0,0,7,8,5,4,7,0,5,4,7,4,7,8,5,9,6,4,1,1,6,10,1,4,5,2,3,1,5,0,8,6,6,2,7,1,8,2,4,0,0,6,8,6,3,2,9,8,4,8,8,0,8,0,10,1,6,6,0,1,0,8,0
n177,8,4,2,3,0,10,4,0,7,7,8,5,4,7,5,5,4,7,4,7,8,5,9,6,4,1,1,6,10,1,4,5,2,3,1,5,0,8,6,6,2,7,0,8,2,4,0,0,6,8,6,3,2,9,8,4,8,8,0,8,0,10,1,6,6,0,1,0,8,0
n180,8,4,2,3,0,10,4,0,1,7,8,5,4,7,1,5,4,7,4,7,8,5,9,6,4,1,1,6,10,1,4,0,2,3,1,5,0,8,6,6,2,7,5,8,2,4,8,0,6,8,6,3,2,9,8,4,8,8,5,8,0,10,1,6,6,0,1,7,8,0
n179,8,4,2,3,0,10,4,0,0,7,8,5,4,7,4,5,4,7,4,7,8,5,9,6,4,1,1,6,10,1,4,0,2,3,1,5,3,8,6,6,2,7,5,8,2,4,0,0,6,8,6,3,2,9,8,4,8,8,5,8,0,10,1,6,6,0,1,0,8,0
n186,8,4,2,3,0,10,4,0,8,7,8,5,4,0,10,5,4,7,4,7,8,5,9,6,4,1,1,6,10,0,4,0,2,3,1,5,1,8,6,6,2,7,6,8,2,2,0,6,6,8,6,3,2,9,3,4,6,8,3,8,0,10,1,6,6,0,1,0,8,0
n185,8,4,2,3,3,10,4,0,8,7,8,5,4,8,10,5,4,7,4,7,8,5,9,6,4,1,1,6,10,0,4,0,2,3,1,5,1,8,6,6,2,7,6,8,2,2,0,6,6,8,6,3,2,9,0,4,6,8,3,8,0,10,1,6,6,0,1,0,8,0
n188,8,4,2,3,4,10,4,8,0,7,8,5,4,0,10,5,4,7,4,7,8,5,9,6,4,1,1,6,10,5,4,0,2,3,1,5,1,8,6,6,2,7,0,8,2,2,4,6,6,8,6,3,2,9,2,4,6,8,0,8,0,10,1,6,6,0,1,0,8,1
n187,8,4,2,3,4,10,4,0,0,7,8,5,4,0,10,5,4,7,4,7,8,5,9,6,4,1,1,6,10,5,4,0,2,3,1,5,1,8,6,6,2,7,5,8,2,2,0,6,6,8,6,3,2,9,0,4,6,8,0,8,0,10,1,6,6,0,1,0,8,1
n192,8,4,2,3,1,10,4,1,0,7,8,5,4,0,0,5,4,7,4,7,8,5,9,6,4,1,1,6,10,6,4,0,2,3,1,5,7,8,6,6,2,7,0,8,2,2,2,6,6,8,6,3,2,9,0,4,0,8,0,8,9,10,1,6,6,0,1,7,8,0
n191,8,4,2,3,0,10,4,1,0,7,8,5,4,0,0,5,4,7,4,7,8,5,9,6,4,1,1,6,10,6,4,0,2,3,1,5,7,8,6,6,2,7,0,8,2,2,2,6,6,8,6,3,2,9,0,4,0,8,0,8,0,10,1,6,6,0,1,7,8,8
n194,8,4,2,3,0,10,4,5,0,7,8,5,4,5,1,5,4,7,4,7,8,5,9,6,4,1,1,6,10,7,4,0,2,3,1,5,7,8,6,6,2,7,1,8,2,2,2,6,6,8,6,3,2,9,0,4,0,8,5,8,1,10,1,6,6,8,1,0,8,8
n193,8,4,2,3,0,10,4,0,0,7,8,5,4,5,2,5,4,7,4,7,8,5,9,6,4,1,1,6,10,7,4,7,2,3,1,5,7,8,6,6,2,7,5,8,2,2,0,6,6,8,6,3,2,9,0,4,0,8,5,8,5,10,1,6,6,8,1,0,8,8
n204,8,4,2,3,6,10,4,6,0,7,8,2,4,7,8,5,4,7,4,7,8,6,9,6,4,1,0,6,10,0,4,1,2,3,1,5,0,8,6,6,2,7,2,10,2,9,10,0,5,8,0,3,2,0,3,4,0,8,10,8,3,10,1,6,6,0,1,2,9,2
n203,8,4,2,3,6,10,4,6,0,7,8,2,4,7,8,5,4,7,4,7,8,6,9,6,4,1,4,6,10,0,4,1,2,3,1,5,0,8,6,6,2,7,2,10,2,1,10,0,5,8,0,3,2,0,3,4,0,8,10,8,3,10,1,6,6,0,1,2,9,2
n206,8,4,2,3,6,10,4,6,0,7,8,2,4,7,8,5,4,7,4,7,8,6,9,6,4,1,0,6,10,0,4,1,2,3,1,5,0,8,6,6,2,7,2,10,2,0,10,0,5,8,0,3,2,1,3,4,0,8,10,8,3,10,1,6,6,0,1,2,9,2
n205,8,4,2,3,6,10,4,6,0,7,8,2,4,7,8,5,4,7,4,7,8,6,9,6,4,1,8,6,10,0,4,1,2,3,1,5,0,8,6,6,2,7,2,10,2,0,10,1,5,8,0,3,2,1,3,4,0,8,10,8,3,10,1,6,6,0,1,2,9,2
n210,8,4,2,3,0,10,4,6,5,7,8,2,4,0,0,5,4,7,4,7,8,6,9,6,4,0,8,6,10,9,4,1,2,3,1,5,0,8,6,6,2,7,2,10,2,0,10,2,0,8,0,3,2,7,3,4,8,8,10,8,0,10,1,6,6,4,1,2,7,2
n209,8,4,2,3,0,10,4,6,7,7,8,2,4,0,0,5,4,7,4,7,8,6,9,6,4,0,8,6,10,0,4,1,2,3,1,5,3,8,6,6,2,7,2,10,2,0,10,0,0,8,4,3,2,0,3,4,8,8,10,8,0,10,1,6,6,0,1,2,4,2
n212,8,4,2,3,0,10,4,6,4,7,8,2,4,1,9,5,4,7,4,7,8,6,9,6,4,9,0,6,10,0,4,1,2,3,1,5,1,8,6,6,2,7,2,10,2,0,10,0,0,8,0,3,2,0,3,4,0,8,10,8,0,10,1,6,6,1,1,2,0,2
n211,8,4,2,3,0,10,4,6,4,7,8,2,4,0,0,5,4,7,4,7,8,6,9,6,4,9,0,6,10,0,4,1,2,3,1,5,1,8,6,6,2,7,2,10,2,0,10,0,0,8,0,3,2,5,3,4,0,8,10,8,0,10,1,6,6,0,1,2,0,2
n218,8,4,2,3,0,10,4,6,0,7,8,4,4,0,0,5,4,7,4,7,8,6,9,6,4,0,3,6,6,0,4,1,2,3,1,5,0,8,6,6,2,7,0,3,2,9,10,0,0,8,1,3,2,1,3,4,9,8,10,8,0,10,1,6,6,3,1,2,10,2
n217,8,4,2,3,0,10,4,6,0,7,8,4,4,0,3,5,4,7,4,7,8,6,9,6,4,0,0,6,6,0,4,1,2,3,1,5,0,8,6,6,2,7,0,3,2,9,10,0,0,8,0,3,2,0,3,4,9,8,10,8,0,10,1,6,6,5,1,2,10,2
n220,8,4,2,3,0,10,4,6,0,7,8,0,4,10,10,5,4,7,4,7,8,6,9,6,4,0,0,6,6,0,4,1,2,3,1,5,0,8,6,6,2,7,7,3,2,9,10,0,0,8,2,3,2,0,3,4,9,8,10,8,0,10,1,6,6,0,1,2,10,2
n219,8,4,2,3,0,10,4,6,6,7,8,5,4,10,10,5,4,7,4,7,8,6,9,6,4,0,0,6,6,0,4,1,2,3,1,5,0,8,6,6,2,7,0,3,2,9,10,0,0,8,2,3,2,0,3,4,9,8,10,8,0,10,1,6,6,4,1,2,10,2
n224,8,4,2,3,0,10,4,6,0,7,8,5,4,5,1,5,4,7,4,7,8,6,9,6,4,9,8,6,6,8,4,1,2,3,1,5,3,8,6,6,2,7,4,3,2,9,10,0,0,8,2,3,2,0,3,4,9,8,10,8,4,10,1,6,6,4,1,2,0,2
n223,8,4,2,3,0,10,4,6,0,7,8,0,4,5,1,5,4,7,4,7,8,6,9,6,4,0,8,6,0,8,4,1,2,3,1,5,3,8,6,6,2,7,4,3,2,9,10,0,0,8,2,3,2,0,3,4,9,8,10,8,4,10,1,6,6,4,1,2,0,2
n226,8,4,2,3,9,10,4,6,0,7,8,0,4,0,1,5,4,7,4,7,8,6,9,6,4,0,0,6,0,8,4,1,2,3,1,5,3,8,6,6,2,7,4,3,2,9,10,0,10,8,8,3,2,0,3,4,9,8,10,8,6,10,1,6,6,4,1,2,1,2
n225,8,4,2,3,0,10,4,6,0,7,8,0,4,0,1,5,4,7,4,7,8,6,9,6,4,9,0,6,0,8,4,1,2,3,1,5,3,8,6,6,2,7,4,3,2,9,10,0,5,8,8,3,2,8,3,4,9,8,10,8,0,10,1,6,6,4,1,2,1,2
n234,8,4,2,3,5,10,4,10,0,7,8,6,4,5,7,5,4,7,4,7,8,6,9,6,4,9,9,6,0,4,4,0,2,3,1,5,7,8,6,6,2,7,0,10,2,0,8,8,0,8,0,3,2,0,8,4,7,8,0,8,5,10,1,6,6,5,1,2,0,10
n233,8,4,2,3,5,10,4,10,9,7,8,6,4,0,7,5,4,7,4,7,8,6,9,6,4,9,9,6,0,0,4,0,2,3,1,5,7,8,6,6,2,7,0,10,2,0,8,8,1,8,0,3,2,0,8,4,7,8,0,8,5,10,1,6,6,0,1,2,0,10
n236,8,4,2,3,5,10,4,10,0,7,8,6,4,0,7,5,4,7,4,7,8,6,9,6,4,0,9,6,0,0,4,0,2,3,1,5,7,8,6,6,2,7,0,10,2,0,0,8,0,8,0,3,2,7,8,4,7,8,0,8,5,10,1,6,6,0,1,2,0,0
n235,8,4,2,3,5,10,4,10,0,7,8,6,4,10,7,5,4,7,4,7,8,6,9,6,4,4,9,6,0,0,4,0,2,3,1,5,7,8,6,6,2,7,0,10,2,0,0,8,0,8,0,3,2,7,8,4,7,8,7,8,5,10,1,6,6,0,1,2,0,0
n240,8,4,2,3,0,10,4,10,0,7,8,6,4,0,7,5,4,7,4,7,8,6,9,6,4,7,7,6,0,4,4,0,2,3,1,5,7,8,6,6,2,7,0,10,2,0,0,8,0,8,9,3,2,0,8,4,0,8,5,8,0,10,1,6,6,1,1,2,0,0
n239,8,4,2,3,10,10,4,10,0,7,8,6,4,0,7,5,4,7,4,7,8,6,9,6,4,7,7,6,0,4,4,0,2,3,1,5,7,8,6,6,2,7,0,10,2,0,0,8,0,8,0,3,2,0,8,4,0,8,5,8,9,10,1,6,6,1,1,2,0,0
n242,8,4,2,3,5,10,4,10,10,7,8,6,4,7,7,5,4,7,4,7,8,6,9,6,4,0,7,6,3,0,4,0,2,3,1,5,7,8,6,6,2,7,0,10,2,0,0,8,5,8,0,3,2,3,8,4,2,8,5,8,4,10,1,6,6,1,1,2,0,0
n241,8,4,2,3,5,10,4,10,10,7,8,6,4,0,7,5,4,7,4,7,8,6,9,6,4,0,7,6,0,0,4,0,2,3,1,5,7,8,6,6,2,7,0,10,2,0,7,8,0,8,0,3,2,0,8,4,0,8,5,8,4,10,1,6,6,1,1,2,5,0
n248,8,4,2,3,7,10,4,10,10,7,8,7,4,0,7,5,4,7,4,7,8,6,9,6,4,0,5,6,6,4,4,6,2,3,1,5,7,8,6,6,2,7,0,0,2,9,0,7,2,8,1,3,2,0,8,4,8,8,8,8,4,10,1,6,6,2,1,2,0,3
n247,8,4,2,3,0,10,4,10,10,7,8,7,4,0,7,5,4,7,4,7,8,6,9,6,4,8,5,6,6,4,4,6,2,3,1,5,7,8,6,6,2,7,0,5,2,9,0,7,2,8,1,3,2,0,8,4,0,8,8,8,4,10,1,6,6,2,1,2,0,3
n250,8,4,2,3,0,10,4,10,10,7,8,7,4,0,7,5,4,7,4,7,8,6,9,6,4,0,0,6,0,4,4,6,2,3,1,5,7,8,6,6,2,7,0,0,2,9,0,7,2,8,5,3,2,0,8,4,0,8,0,8,0,10,1,6,6,2,1,2,4,3
n249,8,4,2,3,0,10,4,10,10,7,8,7,4,0,7,5,4,7,4,7,8,6,9,6,4,0,0,6,0,4,4,6,2,3,1,5,7,8,6,6,2,7,0,0,2,9,0,7,2,8,0,3,2,0,8,4,0,8,0,8,8,10,1,6,6,2,1,2,0,3
n254,8,4,2,3,2,10,4,10,10,7,8,0,4,0,7,5,4,7,4,7,8,6,9,6,4,0,5,6,0,4,4,0,2,3,1,5,7,8,6,6,2,7,0,0,2,6,6,0,8,8,4,3,2,7,8,4,0,8,0,8,8,10,1,6,6,10,1,2,0,9
n253,8,4,2,3,2,10,4,10,10,7,8,0,4,10,7,5,4,7,4,7,8,6,9,6,4,0,5,6,7,4,4,0,2,3,1,5,7,8,6,6,2,7,0,0,2,0,6,0,8,8,0,3,2,7,8,4,0,8,0,8,8,10,1,6,6,10,1,2,9,9
n256,8,4,2,3,1,10,4,10,10,7,8,8,4,0,7,5,4,7,4,7,8,6,9,6,4,0,7,6,1,4,4,7,2,3,1,5,7,8,6,6,2,7,0,0,2,0,0,2,0,8,0,3,2,0,8,4,0,8,0,8,8,10,1,6,6,0,1,2,0,9
n255,8,4,2,3,0,10,4,10,10,7,8,8,4,0,7,5,4,7,4,7,8,6,9,6,4,0,7,6,0,4,4,7,2,3,1,5,7,8,6,6,2,7,8,7,2,0,0,2,2,8,0,3,2,0,8,4,0,8,0,8,8,10,1,6,6,0,1,2,0,9
n270,6,1,0,3,6,10,9,9,7,7,8,10,5,0,10,0,3,6,4,10,8,4,9,2,7,8,8,6,8,3,4,0,2,3,7,7,8,9,2,1,0,7,8,4,2,0,9,4,0,8,5,1,0,8,7,0,6,5,0,8,8,7,7,4,7,6,1,8,9,0
n269,6,1,0,3,6,10,9,0,7,7,8,10,5,0,10,0,3,6,4,10,8,4,9,2,7,8,8,6,8,3,4,0,2,3,7,7,8,9,2,1,0,7,8,4,2,0,9,4,0,8,5,1,0,8,7,0,6,5,0,8,8,7,7,4,7,6,1,8,9,0
n272,6,3,0,3,6,10,9,0,7,7,8,10,5,0,10,10,3,6,4,10,8,4,9,2,7,0,8,6,8,3,4,0,2,3,0,7,8,9,2,1,0,7,8,4,2,0,9,4,0,8,5,1,0,8,7,0,6,5,0,8,8,2,1,4,7,6,1,8,9,0
n271,6,3,0,3,6,10,9,0,7,7,8,10,5,9,10,0,3,6,4,10,8,4,9,2,7,0,8,6,8,3,4,4,2,3,0,7,8,9,2,1,0,7,8,4,2,0,9,4,0,8,5,1,0,8,7,0,6,5,0,8,8,0,0,4,7,6,1,8,9,0
n276,6,10,0,3,6,10,9,0,7,7,8,10,5,0,10,10,3,6,4,10,8,4,9,2,7,7,8,6,8,3,4,0,2,3,0,7,8,9,2,1,9,7,8,4,2,2,9,4,0,8,5,1,2,8,7,0,2,5,8,8,8,6,0,4,7,6,1,8,0,1
n275,6,0,0,3,6,10,9,0,7,7,8,10,5,0,10,10,3,6,4,10,8,4,9,2,7,7,8,6,8,3,4,9,2,3,0,7,8,9,2,1,9,7,8,4,2,2,9,4,0,8,5,1,2,8,7,0,2,5,8,8,8,0,5,4,7,6,1,8,0,0
n278,6,0,7,3,6,10,9,0,7,7,8,10,5,10,10,0,3,6,4,10,8,4,9,2,7,0,8,6,8,3,4,0,2,3,0,7,8,9,2,1,8,7,8,4,2,2,9,4,0,8,5,1,0,8,7,0,2,5,0,8,8,0,0,4,7,6,1,8,0,0
n277,6,0,7,3,6,10,9,0,7,7,8,10,5,10,10,2,3,6,4,10,8,4,9,2,7,0,8,6,8,3,4,0,2,3,0,7,8,9,2,1,8,7,8,4,2,2,9,4,0,8,5,1,0,8,7,0,2,5,0,8,8,7,7,4,7,6,1,8,7,0
n284,6,5,0,3,6,10,9,0,7,7,8,10,5,6,10,5,3,10,4,10,8,4,9,2,7,4,8,6,8,1,4,0,2,3,7,0,8,0,2,10,3,7,8,4,2,8,0,4,6,8,5,1,0,8,7,0,0,5,0,8,8,0,2,4,7,6,1,8,0,2
n283,6,5,0,3,6,10,9,0,7,7,8,10,5,0,10,5,3,8,4,10,8,4,9,2,7,4,8,6,8,1,4,3,2,3,7,0,8,0,2,10,3,7,8,4,2,8,0,4,6,8,5,1,0,8,7,4,0,5,0,8,8,0,2,4,7,6,1,8,0,2
n286,6,5,9,3,6,10,9,0,7,7,8,10,5,0,10,5,3,4,4,10,8,4,9,2,7,4,8,6,8,1,4,0,2,3,7,8,8,6,2,1,3,7,8,4,2,8,10,4,6,8,5,1,7,8,7,0,0,5,0,8,8,5,2,4,7,6,1,8,9,2
n285,6,5,9,3,6,10,9,0,7,7,8,10,5,0,10,5,3,4,4,10,8,4,9,2,7,4,8,6,8,1,4,8,2,3,7,0,8,6,2,1,3,7,8,4,2,8,10,4,6,8,5,1,7,8,7,0,0,5,0,8,8,5,2,4,7,6,1,8,0,2
n290,6,5,0,3,6,10,9,0,7,7,8,10,5,0,10,5,3,0,4,10,8,4,9,2,7,9,8,6,8,0,4,0,2,3,5,0,8,0,2,6,0,7,8,4,2,0,0,4,6,8,5,1,10,8,7,0,3,5,0,8,8,8,2,4,7,6,1,8,8,2
n289,6,5,0,3,6,10,9,0,7,7,8,10,5,0,10,5,3,0,4,10,8,4,9,2,7,9,8,6,8,0,4,0,2,3,5,0,8,0,2,0,0,7,8,4,2,0,0,4,6,8,5,1,10,8,7,0,3,5,0,8,8,7,2,4,7,6,1,8,8,2
n292,6,5,8,3,6,10,9,0,7,7,8,10,5,0,10,5,3,0,4,10,8,4,9,2,7,2,8,6,8,0,4,0,2,3,5,0,8,0,2,0,0,7,8,4,2,0,0,4,6,8,5,1,0,8,7,0,3,5,0,8,8,0,2,4,7,6,1,8,8,2
n291,6,5,0,3,6,10,9,7,7,7,8,10,5,0,10,5,3,0,4,10,8,4,9,2,7,0,8,6,8,0,4,10,2,3,5,0,8,0,2,0,6,7,8,4,2,10,0,4,6,8,5,1,0,8,7,0,3,5,0,8,8,0,2,4,7,6,1,8,8,2
n300,6,0,0,3,6,10,9,0,7,7,8,10,8,0,10,4,3,3,4,10,8,4,9,2,7,0,8,6,8,10,4,0,2,3,4,0,8,3,2,6,7,7,9,4,2,3,4,4,8,8,8,1,9,0,0,8,0,5,6,8,8,4,10,4,9,6,1,8,2,10
n299,6,0,0,3,6,10,9,5,7,7,8,10,8,10,10,4,3,0,4,10,8,4,9,2,7,0,8,6,8,10,4,0,2,3,4,0,8,3,2,6,7,7,9,4,2,3,0,4,8,8,8,1,9,0,0,8,0,5,6,8,8,4,10,4,9,6,1,8,2,0
n302,6,8,0,3,6,10,9,0,7,7,8,10,0,0,10,4,3,2,4,10,8,4,9,2,7,0,8,6,8,10,4,0,2,3,4,0,8,3,2,6,7,7,9,4,2,3,1,4,0,8,8,1,9,7,0,8,7,5,6,8,8,4,10,4,9,6,1,8,2,4
n301,6,8,0,3,6,10,9,0,7,7,8,10,0,0,10,4,3,2,4,10,8,4,9,2,7,0,8,6,8,10,4,0,2,3,4,0,8,3,2,6,7,7,9,4,2,3,1,4,0,8,8,1,9,7,8,8,7,5,6,8,8,4,10,4,9,6,1,8,2,0
n306,6,0,0,3,6,10,9,3,7,7,8,10,6,1,10,4,3,6,4,10,8,4,9,2,7,1,8,6,8,0,4,0,2,3,4,3,8,3,2,6,7,7,0,4,2,3,0,4,0,8,8,1,10,6,0,0,8,5,6,8,8,3,10,4,0,2,1,8,0,0
n305,6,0,0,3,6,10,9,3,7,7,8,10,6,1,10,4,3,6,4,10,8,4,9,2,7,1,8,6,8,0,4,8,2,3,4,3,8,3,2,6,7,7,1,4,2,3,0,4,0,8,8,1,10,6,0,0,8,5,6,8,8,0,10,4,0,2,1,8,0,0
n308,6,6,0,3,6,10,9,0,7,7,8,10,6,1,10,4,3,0,4,10,8,4,9,2,7,0,8,6,8,0,4,0,2,3,4,3,8,3,2,6,7,7,0,4,2,3,3,4,0,8,8,1,10,0,0,0,8,5,6,8,8,0,10,4,0,2,1,8,0,0
n307,6,6,0,3,6,10,9,0,7,7,8,10,6,1,10,4,3,0,4,10,8,4,9,2,7,0,8,6,8,0,4,0,2,3,4,3,8,3,2,6,7,7,0,4,2,3,0,4,0,8,8,1,10,0,0,0,8,5,6,8,8,0,10,4,0,2,1,8,6,0
n314,6,0,3,3,6,10,9,6,7,7,8,10,0,0,10,0,3,0,4,10,8,4,9,2,7,9,8,6,8,0,4,0,2,3,4,0,8,0,2,5,0,7,9,4,2,0,9,4,3,8,8,1,7,8,0,3,0,5,0,8,8,2,0,4,5,0,1,8,3,0
n313,6,0,0,3,6,10,9,6,7,7,8,10,0,10,10,0,3,0,4,10,8,4,9,2,7,9,8,6,8,0,4,0,2,3,4,0,8,0,2,5,0,7,0,4,2,2,9,4,3,8,8,1,7,8,0,3,0,5,0,8,8,2,0,4,5,0,1,8,3,0
n316,6,0,8,3,6,10,9,6,7,7,8,10,0,0,10,8,3,0,4,10,8,4,9,2,7,9,8,6,8,0,4,7,2,3,4,0,8,5,2,5,7,7,0,4,2,0,9,4,3,8,8,1,1,8,3,3,0,5,0,8,8,2,10,4,5,7,1,8,0,0
n315,6,0,0,3,6,10,9,6,7,7,8,10,3,0,10,0,3,0,4,10,8,4,9,2,7,9,8,6,8,0,4,0,2,3,4,0,8,5,2,5,0,7,0,4,2,0,9,4,3,8,8,1,0,8,3,3,0,5,7,8,8,2,10,4,5,0,1,8,0,0
n320,6,10,0,3,6,10,9,0,7,7,8,10,0,0,10,0,3,0,4,10,8,4,9,2,7,9,8,6,8,1,4,3,2,3,4,0,8,0,2,0,9,7,0,4,2,6,9,4,3,8,8,1,3,8,9,3,0,5,0,8,8,0,6,4,5,0,1,8,4,0
n319,6,10,0,3,6,10,9,8,7,7,8,10,0,0,10,0,3,0,4,10,8,4,9,2,7,9,8,6,8,0,4,0,2,3,4,0,8,0,2,0,9,7,0,4,2,6,0,4,3,8,8,1,3,8,9,3,1,5,0,8,8,0,6,4,5,0,1,8,4,1
n322,6,10,0,3,6,10,9,0,7,7,8,10,3,0,10,0,3,0,4,10,8,4,9,2,7,9,8,6,8,0,4,8,2,3,4,0,8,0,2,0,9,7,1,4,2,0,0,4,3,8,8,1,3,8,9,3,0,5,0,8,8,0,6,4,5,0,1,8,3,2
n321,6,10,6,3,6,10,9,0,7,7,8,10,3,0,10,0,3,0,4,10,8,4,9,2,7,9,8,6,8,0,4,0,2,3,4,10,8,0,2,0,9,7,7,4,2,0,0,4,3,8,8,1,3,8,9,3,0,5,0,8,8,0,6,4,5,0,1,8,0,0
n332,9,4,0,3,6,10,9,8,7,7,8,10,0,10,10,5,3,1,4,10,8,4,9,2,7,10,8,6,8,0,4,5,2,3,0,6,8,9,2,1,6,7,7,4,2,9,0,4,8,8,2,1,2,2,4,0,0,0,5,8,8,2,7,4,5,1,1,8,0,2
n331,9,4,0,3,6,10,9,8,7,7,8,10,0,10,10,5,3,1,4,10,8,4,9,2,7,10,8,6,8,0,4,5,2,3,5,6,8,0,2,1,6,7,7,4,2,9,0,4,8,8,2,1,2,2,4,0,0,6,5,8,8,2,0,4,0,1,1,8,0,2
n334,9,0,0,3,6,10,9,8,7,7,8,10,9,10,10,5,3,0,4,10,8,4,9,2,7,10,8,6,8,0,4,5,2,3,0,6,8,10,2,1,6,7,7,4,2,9,0,4,8,8,2,1,2,2,4,0,0,4,5,8,8,2,0,4,2,1,1,8,10,2
n333,9,0,0,3,6,10,9,8,7,7,8,10,9,10,10,5,3,0,4,10,8,4,9,2,7,10,8,6,8,0,4,5,2,3,3,6,8,10,2,1,0,7,7,4,2,9,0,4,8,8,2,1,2,2,4,0,0,9,5,8,8,2,0,4,2,1,1,8,0,2
n338,9,0,0,3,6,10,9,8,7,7,8,10,4,10,10,5,3,3,4,10,8,4,9,2,7,10,8,6,8,0,4,5,2,3,0,6,8,0,2,1,0,7,7,4,2,9,4,4,8,8,2,1,2,2,0,0,0,0,0,8,8,2,0,4,5,10,1,8,10,2
n337,9,8,0,3,6,10,9,8,7,7,8,10,4,10,10,5,3,7,4,10,8,4,9,2,7,10,8,6,8,0,4,5,2,3,0,6,8,0,2,1,1,7,7,4,2,9,4,4,8,8,2,1,2,2,0,0,0,7,0,8,8,2,0,4,5,10,1,8,10,2
n340,9,0,0,3,6,10,9,8,7,7,8,10,4,10,10,5,3,0,4,10,8,4,9,2,7,10,8,6,8,8,4,5,2,3,0,6,8,3,2,1,0,7,7,4,2,9,4,4,8,8,2,1,2,2,0,6,0,0,0,8,8,2,0,4,7,10,1,8,10,2
n339,9,0,0,3,6,10,9,8,7,7,8,10,4,10,10,5,3,4,4,10,8,4,9,2,7,10,8,6,8,8,4,5,2,3,0,6,8,3,2,1,1,7,7,4,2,9,4,4,8,8,2,1,2,2,0,6,0,7,0,8,8,2,0,4,7,10,1,8,10,2
n346,9,7,0,3,6,10,9,0,7,8,8,10,1,1,10,5,3,0,4,10,8,4,9,2,7,0,8,6,8,0,4,5,2,3,4,0,8,6,2,6,1,7,7,4,2,9,3,4,0,8,6,1,2,2,0,0,0,0,6,8,8,2,0,4,0,0,1,8,0,2
n345,9,7,0,3,6,10,9,0,7,0,8,10,1,1,10,5,3,0,4,10,8,4,9,2,7,10,8,6,8,0,4,5,2,3,4,0,8,6,2,9,1,7,7,4,2,9,3,4,0,8,0,1,2,2,10,0,0,0,6,8,8,2,4,4,0,5,1,8,0,2
n348,9,7,0,3,6,10,9,5,7,0,8,10,1,1,10,5,3,0,4,10,8,4,9,2,7,0,8,6,8,0,4,5,2,3,4,0,8,6,2,0,1,7,7,4,2,9,3,4,0,8,0,1,2,2,9,2,0,6,6,8,8,2,0,4,10,4,1,8,0,2
n347,9,7,0,3,6,10,9,5,7,0,8,10,1,1,10,5,3,0,4,10,8,4,9,2,7,0,8,6,8,0,4,5,2,3,4,0,8,6,2,0,1,7,7,4,2,9,3,4,0,8,0,1,2,2,9,2,0,6,6,8,8,2,8,4,0,0,1,8,0,2
n352,9,7,0,3,6,10,9,0,7,0,8,10,1,1,10,5,3,6,4,10,8,4,9,2,7,5,8,6,8,0,4,5,2,3,5,1,8,6,2,0,1,7,7,4,2,9,3,4,0,8,4,1,2,2,0,0,9,3,6,8,8,2,0,4,8,0,1,8,10,2
n351,9,7,0,3,6,10,9,0,7,0,8,10,1,1,10,5,3,6,4,10,8,4,9,2,7,5,8,6,8,0,4,5,2,3,0,1,8,6,2,0,1,7,7,4,2,9,3,4,4,8,4,1,2,2,0,0,0,3,6,8,8,2,0,4,8,0,1,8,1,2
n354,9,7,0,3,6,10,9,2,7,0,8,10,1,1,10,5,3,6,4,10,8,4,9,2,7,5,8,6,8,7,4,5,2,3,0,1,8,6,2,0,1,7,7,4,2,9,3,4,0,8,4,1,2,2,0,9,0,6,6,8,8,2,4,4,8,0,1,8,0,2
n353,9,7,0,3,6,10,9,2,7,0,8,10,1,1,10,5,3,6,4,10,8,4,9,2,7,5,8,6,8,7,4,5,2,3,0,1,8,6,2,0,1,7,7,4,2,9,3,4,0,8,4,1,2,2,0,9,0,0,6,8,8,2,4,4,8,0,1,8,0,2
n362,9,0,7,3,6,10,9,0,7,2,8,10,0,7,10,5,3,4,4,10,8,4,9,2,7,0,8,6,8,3,4,0,2,3,5,7,8,0,2,0,3,7,7,4,2,9,1,4,10,8,5,1,4,7,0,9,0,8,4,8,8,1,8,4,0,0,1,8,4,2
n361,9,0,7,3,6,10,9,0,7,2,8,10,0,7,10,5,3,4,4,10,8,4,9,2,7,0,8,6,8,10,4,0,2,3,5,7,8,0,2,0,3,7,7,4,2,9,1,4,10,8,5,1,4,7,0,9,0,8,4,8,8,1,0,4,0,0,1,8,4,2
n364,9,6,7,3,6,10,9,0,7,2,8,10,0,7,10,5,3,4,4,10,8,4,9,2,7,7,8,6,8,10,4,0,2,3,5,0,8,3,2,10,3,7,7,4,2,9,1,4,10,8,3,1,4,7,0,9,0,8,4,8,8,1,0,4,6,0,1,8,4,2
n363,9,1,7,3,6,10,9,0,7,2,8,10,0,7,10,5,3,4,4,10,8,4,9,2,7,7,8,6,8,10,4,0,2,3,5,0,8,3,2,10,3,7,7,4,2,9,1,4,10,8,5,1,4,7,0,9,0,8,4,8,8,1,0,4,6,0,1,8,4,2
n368,9,10,0,3,6,10,9,0,7,0,8,10,8,0,10,5,3,4,4,10,8,4,9,2,7,0,8,6,8,0,4,10,2,3,5,8,8,2,2,10,0,7,7,4,2,9,1,4,0,8,0,1,4,7,0,9,0,8,3,8,8,0,0,4,9,0,1,8,4,2
n367,9,0,0,3,6,10,9,0,7,0,8,10,8,0,10,5,3,4,4,10,8,4,9,2,7,0,8,6,8,0,4,10,2,3,5,8,8,2,2,10,0,7,7,4,2,9,1,4,9,8,0,1,4,7,0,9,0,8,3,8,8,0,0,4,10,0,1,8,4,2
n370,9,8,0,3,6,10,9,9,7,0,8,10,0,0,10,5,3,4,4,10,8,4,9,2,7,10,8,6,8,0,4,0,2,3,5,6,8,9,2,0,7,7,7,4,2,9,1,4,1,8,0,1,4,7,0,9,0,8,0,8,8,0,0,4,0,0,1,8,4,2
n369,9,8,0,3,6,10,9,0,7,0,8,10,0,0,10,5,3,4,4,10,8,4,9,2,7,0,8,6,8,0,4,0,2,3,5,0,8,9,2,0,0,7,7,4,2,9,1,4,1,8,0,1,4,7,5,9,0,8,0,8,8,0,0,4,0,0,1,8,4,2
n376,9,0,10,3,6,10,9,0,7,6,8,10,0,0,10,5,3,9,4,10,8,4,9,2,7,0,8,6,8,0,4,0,2,3,5,0,8,1,2,8,7,7,7,4,2,9,1,4,9,8,2,1,0,7,0,0,5,8,0,8,8,0,1,4,8,9,1,8,7,2
n375,9,0,10,3,6,10,9,0,7,6,8,10,0,0,10,5,3,0,4,10,8,4,9,2,7,0,8,6,8,2,4,0,2,3,5,0,8,1,2,8,7,7,7,4,2,9,1,4,0,8,2,1,0,7,0,8,5,8,0,8,8,0,0,4,8,9,1,8,0,2
n378,9,5,0,3,6,10,9,0,7,0,8,10,2,0,10,5,3,0,4,10,8,4,9,2,7,0,8,6,8,8,4,0,2,3,5,0,8,1,2,0,3,7,7,4,2,9,1,4,1,8,0,1,3,7,0,1,5,8,0,8,8,0,0,4,8,9,1,8,0,2
n377,9,5,0,3,6,10,9,0,7,0,8,10,0,7,10,5,3,0,4,10,8,4,9,2,7,0,8,6,8,8,4,0,2,3,5,0,8,1,2,0,3,7,7,4,2,9,1,4,7,8,0,1,3,7,0,1,5,8,0,8,8,0,0,4,8,9,1,8,0,2
n382,9,0,2,3,6,10,9,0,7,7,8,10,0,3,10,5,3,4,4,10,8,4,9,2,7,0,8,6,8,8,4,0,2,3,5,0,8,1,2,0,0,7,7,4,2,9,1,4,0,8,10,1,0,7,1,0,5,8,0,8,8,0,0,4,8,9,1,8,8,2
n381,9,0,2,3,6,10,9,0,7,7,8,10,0,3,10,5,3,4,4,10,8,4,9,2,7,0,8,6,8,8,4,0,2,3,5,1,8,1,2,9,0,7,7,4,2,9,1,4,0,8,8,1,0,7,1,0,5,8,0,8,8,6,0,4,8,9,1,8,0,2
n384,9,1,2,3,6,10,9,8,7,7,8,10,0,0,10,5,3,4,4,10,8,4,9,2,7,0,8,6,8,8,4,0,2,3,5,0,8,1,2,7,0,7,7,4,2,9,1,4,4,8,0,1,0,7,1,0,5,8,0,8,8,0,0,4,8,9,1,8,0,2
n383,9,0,2,3,6,10,9,0,7,7,8,10,0,0,10,5,3,4,4,10,8,4,9,2,7,0,8,6,8,8,4,0,2,3,5,10,8,1,2,0,0,7,7,4,2,9,1,4,4,8,8,1,10,7,1,0,5,8,0,8,8,0,0,4,8,9,1,8,0,2
n396,0,3,1,3,6,10,9,3,2,0,8,10,8,6,6,0,3,0,4,10,8,4,9,2,7,5,5,6,8,6,4,10,2,3,5,5,8,7,1,3,9,7,2,10,2,0,3,10,6,8,3,1,0,6,5,2,6,9,8,8,4,7,0,4,1,3,1,1,5,0
n395,0,3,1,3,6,10,9,3,2,0,8,10,8,6,6,0,3,0,4,10,8,4,9,2,7,5,5,6,8,6,4,10,2,3,5,5,8,7,1,3,9,7,0,0,2,0,3,10,6,8,3,1,0,6,5,2,6,9,8,8,4,7,7,4,0,3,1,1,5,0
n398,0,3,1,3,6,10,9,3,2,4,8,10,8,6,6,3,3,0,4,10,8,4,9,2,7,5,5,6,8,0,4,10,2,3,5,5,8,0,1,3,9,7,4,0,2,4,3,10,6,8,3,1,0,6,5,2,6,9,8,8,4,7,0,4,10,3,1,1,5,0
n397,1,3,1,3,6,10,9,3,2,0,8,10,8,6,6,0,3,10,4,10,8,4,9,2,7,5,5,6,8,0,4,10,2,3,5,5,8,0,1,3,9,7,0,1,2,4,3,10,6,8,3,1,0,6,5,2,6,9,8,8,4,7,0,4,0,3,1,1,5,7
n402,10,3,1,3,6,10,9,3,2,6,8,10,0,6,6,0,3,0,4,10,8,4,9,2,7,7,5,6,8,9,4,1,2,3,5,5,8,0,1,3,9,7,4,0,2,0,3,0,6,8,0,1,0,6,5,2,6,9,8,8,4,7,4,4,0,3,1,3,5,5
n401,10,3,1,3,6,10,9,3,2,6,8,10,0,6,6,0,3,4,4,10,8,4,9,2,7,0,5,6,8,9,4,1,2,3,5,5,8,0,0,3,9,7,4,0,2,0,3,0,6,8,0,1,0,6,5,2,6,9,8,8,4,7,0,4,0,3,1,3,5,5
n404,0,3,1,3,6,10,9,3,2,6,8,10,0,6,6,0,3,0,4,10,8,4,9,2,7,0,5,6,8,0,4,1,2,3,5,5,8,2,10,3,9,7,4,0,2,0,3,0,6,8,0,1,1,6,5,2,6,9,8,8,4,7,6,4,0,3,1,0,5,5
n403,0,3,1,3,6,10,9,3,2,6,8,10,0,6,6,0,3,0,4,10,8,4,9,2,7,0,5,6,8,0,4,1,2,3,5,5,8,0,0,3,9,7,4,0,2,0,3,0,6,8,3,1,1,6,5,2,6,9,8,8,4,7,6,4,0,3,1,0,5,5
n410,0,3,1,3,6,10,9,3,2,9,8,10,7,6,6,7,3,8,4,10,8,4,9,2,7,2,0,6,8,0,4,0,2,3,5,5,8,7,0,3,9,7,7,5,2,0,3,0,6,8,10,1,0,6,4,2,6,9,8,8,6,7,5,4,0,3,1,0,5,0
n409,0,3,1,3,6,10,9,3,2,0,8,10,7,6,6,7,3,8,4,10,8,4,9,2,7,0,0,6,8,0,4,0,2,3,5,5,8,7,0,3,9,7,9,5,2,0,3,0,6,8,10,1,0,6,4,2,6,9,8,8,6,7,5,4,6,3,1,0,5,0
n412,0,3,1,3,6,10,9,3,2,0,8,10,7,6,6,7,3,8,4,10,8,4,9,2,7,0,1,6,8,1,4,0,2,3,5,5,8,0,0,3,9,7,0,5,2,2,3,0,6,8,10,1,0,6,0,2,6,9,8,8,6,7,5,4,6,3,1,0,5,0
n411,0,3,1,3,6,10,9,3,2,6,8,10,7,6,6,7,3,8,4,10,8,4,9,2,7,0,1,6,8,1,4,0,2,3,5,5,8,3,6,3,9,7,0,5,2,0,3,0,6,8,10,1,0,6,0,2,6,9,8,8,6,7,5,4,0,3,1,0,5,0
n416,1,3,1,3,6,10,9,3,2,0,8,10,8,6,6,0,3,8,4,10,8,4,9,2,7,0,3,6,8,9,4,2,2,3,5,5,8,0,0,3,9,7,0,5,2,2,3,10,6,8,0,1,8,6,8,2,6,9,8,8,6,7,5,4,0,3,1,0,5,0
n415,1,3,1,3,6,10,9,3,2,0,8,10,8,6,6,0,3,8,4,10,8,4,9,2,7,0,3,6,8,9,4,2,2,3,5,5,8,0,0,3,9,7,0,5,2,2,3,10,6,8,0,1,8,6,8,2,6,9,8,8,6,7,5,4,6,3,1,10,5,0
n418,0,3,1,3,6,10,9,3,2,0,8,10,0,6,6,8,3,8,4,10,8,4,9,2,7,2,0,6,8,9,4,2,2,3,5,5,8,0,0,3,9,7,10,5,2,2,3,10,6,8,0,1,8,6,0,2,6,9,8,8,6,7,5,4,0,3,1,0,5,0
n417,0,3,1,3,6,10,9,3,2,0,8,10,1,6,6,0,3,8,4,10,8,4,9,2,7,2,0,6,8,9,4,2,2,3,5,5,8,0,0,3,9,7,10,5,2,2,3,10,6,8,0,1,8,6,0,2,6,9,8,8,6,7,5,4,0,3,1,0,5,0
n426,6,3,1,3,6,10,9,8,8,8,8,10,5,8,6,0,3,7,4,10,8,4,9,2,7,0,5,6,8,8,4,2,2,3,5,5,8,10,7,3,5,7,0,0,2,1,3,2,6,8,2,1,0,1,0,0,0,9,8,8,6,7,2,4,0,3,1,0,5,4
n425,6,3,1,3,6,10,9,8,0,8,8,10,0,8,6,0,3,7,4,10,8,4,9,2,7,2,5,6,8,8,4,0,2,3,5,5,8,10,7,3,5,7,0,0,2,1,3,2,6,8,2,1,0,1,0,0,4,9,8,8,6,7,2,4,0,3,1,0,5,4
n428,6,3,1,3,6,10,9,8,0,8,8,10,0,8,6,0,3,7,4,10,8,4,9,2,7,1,5,6,8,8,4,6,2,3,5,5,8,0,7,3,0,7,5,2,2,1,3,2,6,8,2,1,0,1,0,0,10,9,8,8,6,7,2,4,0,3,1,4,5,4
n427,6,3,1,3,6,10,9,8,0,8,8,10,0,8,6,0,3,7,4,10,8,4,9,2,7,1,5,6,8,8,4,0,2,3,5,5,8,0,7,3,0,7,5,2,2,1,3,2,6,8,2,1,0,1,0,0,2,9,8,8,6,7,2,4,0,3,1,0,5,4
n432,6,3,1,3,6,10,9,8,0,8,8,10,0,8,6,0,3,7,4,10,8,4,9,2,7,0,5,6,8,8,4,0,2,3,5,5,8,0,7,3,9,7,0,5,2,1,3,2,6,8,0,1,3,1,7,0,2,9,8,8,6,7,6,4,0,3,1,0,5,4
n431,6,3,1,3,6,10,9,8,0,8,8,10,0,8,6,0,3,7,4,10,8,4,9,2,7,0,5,6,8,8,4,0,2,3,5,5,8,4,7,3,0,7,4,0,2,1,3,2,6,8,7,1,3,1,0,0,2,9,8,8,6,7,6,4,0,3,1,0,5,4
n434,6,3,1,3,6,10,9,8,0,8,8,10,0,8,6,0,3,7,4,10,8,4,9,2,7,0,5,6,8,8,4,4,2,3,5,5,8,0,7,3,9,7,0,0,2,0,3,2,6,8,0,1,9,1,0,0,2,9,8,8,6,7,6,4,0,3,1,0,5,4
n433,6,3,1,3,6,10,9,8,2,8,8,10,2,8,6,0,3,7,4,10,8,4,9,2,7,3,5,6,8,8,4,4,2,3,5,5,8,6,7,3,9,7,7,0,2,0,3,2,6,8,5,1,9,1,0,0,2,9,8,8,6,7,6,4,0,3,1,0,5,4
n440,6,3,1,3,6,10,9,8,7,8,8,10,1,8,6,0,3,7,4,10,8,4,9,2,7,9,1,6,8,8,4,0,2,3,5,5,8,0,7,3,4,7,0,9,2,3,3,2,6,8,4,1,2,0,3,7,0,9,8,8,0,7,0,4,10,3,1,0,5,0
n439,6,3,1,3,6,10,9,8,7,8,8,10,1,8,6,0,3,7,4,10,8,4,9,2,7,9,1,6,8,8,4,0,2,3,5,5,8,0,7,3,4,7,0,9,2,3,3,2,6,8,4,1,2,2,3,7,0,9,8,8,0,7,0,4,10,3,1,3,5,0
n442,6,3,1,3,6,10,9,8,9,8,8,10,1,8,6,0,3,7,4,10,8,4,9,2,7,9,0,6,8,8,4,2,2,3,5,5,8,0,7,3,4,7,0,9,2,3,3,2,6,8,4,1,2,0,3,7,0,9,8,8,0,7,0,4,10,3,1,0,5,0
n441,6,3,1,3,6,10,9,8,9,8,8,10,1,8,6,0,3,7,4,10,8,4,9,2,7,9,10,6,8,8,4,0,2,3,5,5,8,0,7,3,4,7,0,9,2,3,3,2,6,8,4,1,2,0,3,7,0,9,8,8,0,7,0,4,10,3,1,0,5,0
n446,6,3,1,3,6,10,9,8,4,8,8,10,1,8,6,1,3,7,4,10,8,4,9,2,7,0,7,6,8,8,4,10,2,3,5,5,8,7,7,3,4,7,5,9,2,0,3,2,6,8,4,1,7,0,3,6,0,9,8,8,0,7,7,4,0,3,1,4,5,6
n445,6,3,1,3,6,10,9,8,4,8,8,10,1,8,6,1,3,7,4,10,8,4,9,2,7,5,7,6,8,8,4,10,2,3,5,5,8,9,7,3,4,7,5,9,2,0,3,2,6,8,4,1,7,0,3,6,0,9,8,8,0,7,0,4,0,3,1,10,5,6
n448,6,3,1,3,6,10,9,8,4,8,8,10,1,8,6,0,3,7,4,10,8,4,9,2,7,8,0,6,8,8,4,5,2,3,5,5,8,7,7,3,4,7,5,9,2,6,3,2,6,8,4,1,7,5,3,6,3,9,8,8,0,7,0,4,4,3,1,10,5,0
n447,6,3,1,3,6,10,9,8,4,8,8,10,1,8,6,0,3,7,4,10,8,4,9,2,7,9,8,6,8,8,4,0,2,3,5,5,8,0,7,3,4,7,5,9,2,6,3,2,6,8,4,1,7,10,3,6,3,9,8,8,0,7,0,4,4,3,1,0,5,0
n458,0,3,1,3,6,10,9,2,3,5,8,10,0,0,6,6,3,9,4,10,8,4,9,2,7,2,0,6,8,0,4,6,2,3,5,2,8,0,8,2,3,7,0,7,2,7,3,10,1,8,2,1,4,2,4,0,6,0,0,8,1,0,9,4,9,10,1,3,5,7
n457,7,3,1,3,6,10,9,0,3,5,8,10,0,8,6,6,3,9,4,10,8,4,9,2,7,2,0,6,8,10,4,6,2,3,5,2,8,0,8,2,3,7,0,7,2,7,3,10,1,8,2,1,4,2,8,0,6,0,7,8,1,0,9,4,9,10,1,3,5,0
n460,10,3,1,3,6,10,9,0,3,0,8,10,3,0,6,6,3,9,4,10,8,4,9,2,7,2,9,6,8,4,4,0,2,3,5,2,8,0,8,8,3,7,1,7,2,7,3,10,1,8,2,1,4,2,6,0,6,0,0,8,1,0,9,4,9,10,1,3,5,0
n459,0,3,1,3,6,10,9,0,3,0,8,10,3,0,6,6,3,9,4,10,8,4,9,2,7,2,0,6,8,4,4,1,2,3,5,2,8,0,8,8,3,7,1,7,2,7,3,10,1,8,2,1,4,2,6,0,6,0,0,8,1,2,9,4,9,10,1,3,5,0
n464,0,3,1,3,6,10,9,0,3,10,8,10,0,6,6,6,3,9,4,10,8,4,9,2,7,2,0,6,8,0,4,0,2,3,5,2,8,0,8,0,3,7,0,7,2,7,3,5,1,8,2,1,4,0,10,0,6,0,0,8,1,4,9,4,9,10,1,3,5,6
n463,7,3,1,3,6,10,9,9,3,10,8,10,2,6,6,6,3,9,4,10,8,4,9,2,7,2,0,6,8,8,4,0,2,3,5,2,8,0,8,0,3,7,0,7,2,7,3,0,1,8,2,1,4,0,10,0,6,0,0,8,1,4,9,4,9,10,1,3,5,0
n466,0,3,1,3,6,10,9,2,3,10,8,10,0,6,6,6,3,9,4,10,8,4,9,2,7,2,0,6,8,0,4,0,2,3,5,2,8,0,8,0,3,7,0,7,2,7,3,0,1,8,2,1,4,0,6,0,6,0,10,8,1,0,9,4,9,10,1,3,5,0
n465,0,3,1,3,6,10,9,0,3,10,8,10,0,6,6,6,3,9,4,10,8,4,9,2,7,2,0,6,8,0,4,1,2,3,5,2,8,0,8,0,3,7,0,7,2,7,3,8,1,8,2,1,4,0,6,0,6,8,10,8,1,5,9,4,9,10,1,3,5,0
n472,0,3,1,3,6,10,9,0,10,0,8,10,5,6,6,6,3,9,4,10,8,4,9,2,7,0,0,6,8,5,4,0,2,3,5,2,8,8,8,6,3,7,8,7,2,7,3,0,1,8,2,1,4,0,0,9,6,8,2,8,6,0,4,4,9,5,1,3,5,8
n471,0,3,1,3,6,10,9,0,10,0,8,10,5,0,6,6,3,9,4,10,8,4,9,2,7,0,8,6,8,5,4,0,2,3,5,2,8,8,8,6,3,7,8,7,2,7,3,0,1,8,2,1,4,0,0,9,6,8,2,8,0,0,4,4,9,5,1,3,5,8
n474,0,3,1,3,6,10,9,0,10,0,8,10,5,7,6,6,3,9,4,10,8,4,9,2,7,4,0,6,8,5,4,0,2,3,5,2,8,8,8,6,3,7,8,7,2,7,3,2,1,8,2,1,4,0,0,8,6,8,2,8,2,5,4,4,9,5,1,3,5,8
n473,0,3,1,3,6,10,9,0,10,0,8,10,5,7,6,6,3,9,4,10,8,4,9,2,7,4,0,6,8,5,4,0,2,3,5,2,8,8,8,6,3,7,8,7,2,7,3,0,1,8,2,1,4,0,9,0,6,8,2,8,0,5,4,4,9,5,1,3,5,8
n478,0,3,1,3,6,10,9,0,10,0,8,10,5,0,6,6,3,9,4,10,8,4,9,2,7,0,0,6,8,5,4,9,2,3,5,2,8,8,8,6,3,7,0,7,2,7,3,0,1,8,2,1,4,0,0,4,6,3,0,8,0,7,4,4,9,5,1,3,5,7
n477,3,3,1,3,6,10,9,0,10,0,8,10,5,0,6,6,3,9,4,10,8,4,9,2,7,0,0,6,8,5,4,9,2,3,5,2,8,8,8,6,3,7,0,7,2,7,3,0,1,8,2,1,4,0,0,0,6,3,0,8,0,7,4,4,9,5,1,3,5,0
n480,0,3,1,3,6,10,9,0,10,0,8,10,5,4,6,6,3,9,4,10,8,4,9,2,7,8,0,6,8,5,4,0,2,3,5,2,8,8,8,6,3,7,0,7,2,7,3,6,1,8,2,1,4,0,0,0,6,3,0,8,0,7,4,4,9,5,1,3,5,0
n479,6,3,1,3,6,10,9,1,10,0,8,10,5,4,6,6,3,9,4,10,8,4,9,2,7,8,0,6,8,5,4,0,2,3,5,2,8,8,8,6,3,7,0,7,2,7,3,0,1,8,2,1,4,5,0,0,6,3,0,8,0,7,4,4,9,5,1,3,5,0
n488,0,3,1,3,6,10,9,5,0,0,8,10,0,8,6,6,3,9,4,10,8,4,9,2,7,8,0,6,8,10,4,0,2,3,5,2,8,0,0,10,3,7,0,7,2,9,3,3,1,8,2,1,4,0,0,1,6,0,7,8,2,8,3,4,9,1,1,3,5,4
n487,0,3,1,3,6,10,9,4,0,10,8,10,2,8,6,6,3,9,4,10,8,4,9,2,7,8,0,6,8,10,4,0,2,3,5,2,8,0,0,10,3,7,0,7,2,9,3,3,1,8,2,1,4,0,0,1,6,0,7,8,2,8,0,4,9,1,1,3,5,4
n490,0,3,1,3,6,10,9,7,0,0,8,10,0,8,6,6,3,9,4,10,8,4,9,2,7,8,0,6,8,10,4,0,2,3,5,2,8,6,0,10,3,7,0,7,2,9,3,3,1,8,2,1,4,0,7,1,6,0,7,8,2,8,0,4,9,1,1,3,5,4
n489,0,3,1,3,6,10,9,7,0,5,8,10,0,8,6,6,3,9,4,10,8,4,9,2,7,8,0,6,8,10,4,0,2,3,5,2,8,6,0,10,3,7,0,7,2,9,3,3,1,8,2,1,4,0,0,1,6,0,7,8,2,8,0,4,9,1,1,3,5,4
n494,1,3,1,3,6,10,9,10,0,0,8,10,0,1,6,6,3,0,4,10,8,4,9,2,7,8,7,6,8,10,4,0,2,3,5,2,8,0,6,10,3,7,0,7,2,9,3,3,1,8,2,1,4,3,5,8,6,0,7,8,2,8,0,4,9,1,1,3,5,4
n493,1,3,1,3,6,10,9,0,0,0,8,10,0,7,6,6,3,0,4,10,8,4,9,2,7,8,6,6,8,10,4,0,2,3,5,2,8,3,6,10,3,7,0,7,2,9,3,3,1,8,2,1,4,3,0,0,6,0,7,8,2,8,0,4,9,1,1,3,5,4
n496,1,3,1,3,6,10,9,1,0,0,8,10,6,0,6,6,3,7,4,10,8,4,9,2,7,8,0,6,8,10,4,0,2,3,5,2,8,0,6,10,3,7,0,7,2,9,3,3,1,8,2,1,4,3,0,0,6,10,7,8,2,8,0,4,9,1,1,3,5,4
n495,1,3,1,3,6,10,9,1,0,0,8,10,6,0,6,6,3,0,4,10,8,4,9,2,7,8,0,6,8,10,4,0,2,3,5,2,8,0,6,10,3,7,0,7,2,9,3,3,1,8,2,1,4,3,0,0,6,10,7,8,2,8,0,4,9,1,1,3,5,4
n502,0,3,1,3,6,10,9,8,0,0,8,10,10,6,6,6,3,0,4,10,8,4,9,2,7,8,3,6,8,10,4,9,2,3,5,2,8,0,3,4,3,7,0,7,2,0,3,3,1,8,2,1,4,0,0,0,6,0,0,8,0,0,0,4,9,7,1,3,5,4
n501,0,3,1,3,6,10,9,8,0,0,8,10,2,6,6,6,3,3,4,10,8,4,9,2,7,8,3,6,8,10,4,0,2,3,5,2,8,0,3,4,3,7,0,7,2,0,3,3,1,8,2,1,4,0,0,0,6,0,0,8,0,0,0,4,9,7,1,3,5,4
n504,3,3,1,3,6,10,9,6,0,0,8,10,0,6,6,6,3,0,4,10,8,4,9,2,7,8,3,6,8,10,4,0,2,3,5,2,8,5,3,4,3,7,9,7,2,1,3,3,1,8,2,1,4,0,0,6,6,2,0,8,10,0,0,4,9,7,1,3,5,4
n503,3,3,1,3,6,10,9,6,0,6,8,10,0,6,6,6,3,0,4,10,8,4,9,2,7,8,3,6,8,10,4,0,2,3,5,2,8,5,3,4,3,7,9,7,2,0,3,3,1,8,2,1,4,0,6,9,6,0,0,8,10,0,0,4,9,7,1,3,5,4
n508,0,3,1,3,6,10,9,5,9,0,8,10,0,6,6,6,3,0,4,10,8,4,9,2,7,8,3,6,8,10,4,0,2,3,5,2,8,10,3,9,3,7,8,7,2,7,3,3,1,8,2,1,4,6,6,2,6,0,3,8,0,0,6,4,9,0,1,3,5,4
n507,9,3,1,3,6,10,9,0,9,0,8,10,0,6,6,6,3,0,4,10,8,4,9,2,7,8,3,6,8,10,4,0,2,3,5,2,8,10,3,9,3,7,0,7,2,7,3,3,1,8,2,1,4,6,6,2,6,0,3,8,0,0,0,4,9,0,1,3,5,4
n510,0,3,1,3,6,10,9,0,9,7,8,10,0,6,6,6,3,0,4,10,8,4,9,2,7,8,3,6,8,10,4,0,2,3,5,2,8,10,3,9,3,7,4,7,2,0,3,3,1,8,2,1,4,6,0,2,6,4,0,8,0,0,0,4,9,0,1,3,5,4
n509,0,3,1,3,6,10,9,2,9,7,8,10,0,6,6,6,3,0,4,10,8,4,9,2,7,8,3,6,8,10,4,0,2,3,5,2,8,10,3,9,3,7,4,7,2,10,3,3,1,8,2,1,4,6,0,2,6,4,0,8,0,0,0,4,9,0,1,3,5,4
