cell,r1,r2,r3,r4,r5,r6,r7,r8,r9,r10,r11,r12,r13,r14,r15,r16,r17,r18,r19,r20,r21,r22,r23,r24,r25,r26,r27,r28,r29,r30,r31,r32,r33,r34,r35,r36,r37,r38,r39,r40,r41,r42,r43,r44,r45,r46,r47,r48,r49,r50,r51,r52,r53,r54,r55,r56,r57,r58,r59,r60,r61,r62,r63,r64,r65,r66,r67,r68,r69,r70
n16,10,4,1,9,0,9,7,8,7,3,1,0,9,10,8,5,6,1,10,10,4,4,10,0,3,5,6,0,10,0,10,5,8,6,9,0,10,0,1,7,4,9,4,1,10,10,10,4,7,2,10,6,9,4,4,3,1,6,5,9,5,8,6,9,6,3,0,0,6,0
n15,10,4,1,9,5,9,7,8,7,3,1,0,9,10,8,5,6,1,10,10,4,4,10,0,3,5,6,0,10,0,10,5,8,6,9,0,10,0,1,7,0,9,4,1,10,10,10,4,7,2,10,6,9,4,4,3,1,6,5,9,5,8,6,9,6,3,0,0,6,0
n18,10,4,1,9,0,9,7,8,7,3,1,0,9,10,8,5,6,1,10,10,4,4,10,0,3,5,6,0,10,9,10,5,8,6,9,0,10,7,1,7,8,9,4,1,10,10,10,4,7,2,0,6,9,2,4,3,1,6,5,9,5,8,4,9,6,3,0,0,6,10
n17,10,4,1,9,0,9,7,8,7,3,1,6,9,10,8,5,6,1,10,10,4,4,10,0,3,5,6,3,10,9,10,5,8,6,9,6,10,7,1,7,0,9,4,1,10,10,10,4,7,2,0,6,9,0,4,3,1,6,5,9,5,8,9,9,6,3,0,0,6,10
n22,10,4,1,9,0,9,7,8,7,3,1,0,9,10,8,5,6,1,10,10,4,4,10,0,0,5,6,10,10,7,10,5,8,6,9,6,10,0,1,7,1,9,4,1,10,10,10,4,7,2,7,7,9,4,4,3,1,6,5,9,5,8,6,9,6,3,0,1,6,0
n21,10,4,1,9,6,9,7,8,7,3,1,0,9,10,8,5,6,1,10,10,4,4,10,7,0,5,6,0,10,0,10,5,8,6,9,6,10,1,1,7,0,9,4,1,10,10,10,4,7,2,7,7,9,0,4,3,1,6,5,0,5,8,6,9,6,3,0,1,6,0
n24,10,4,1,9,0,9,7,8,7,3,1,0,9,10,8,5,6,1,10,10,4,4,10,9,2,5,6,0,10,0,10,5,8,6,9,6,10,5,1,7,0,9,4,1,10,10,10,4,7,2,0,7,9,0,4,3,1,6,5,8,5,8,6,9,6,3,8,1,6,0
n23,10,4,1,9,0,9,7,8,7,3,1,0,9,10,8,5,6,1,10,10,4,4,10,9,2,5,6,0,10,0,10,5,8,6,9,6,10,5,1,7,0,9,4,1,10,10,10,4,7,2,0,7,9,0,4,3,1,6,5,8,5,8,6,9,6,3,8,1,6,0
n30,10,4,1,9,0,9,7,8,7,7,1,7,9,10,8,10,6,1,10,0,0,4,10,0,8,5,6,0,0,0,10,5,8,6,9,2,10,0,1,7,10,9,4,1,0,10,10,4,7,2,8,3,9,5,7,3,1,6,5,3,10,8,8,9,6,3,3,8,6,0
n29,10,4,1,9,0,9,7,8,7,7,1,7,9,10,8,10,6,1,10,0,0,4,10,0,8,5,6,0,0,0,10,5,8,6,9,0,10,3,1,7,10,9,4,1,0,10,10,4,7,2,0,3,9,5,7,3,1,6,5,3,10,8,8,9,6,3,3,8,6,0
n32,10,4,1,9,0,9,7,8,7,0,1,7,9,10,8,0,6,1,10,0,0,4,10,0,5,5,6,0,0,8,10,5,8,6,9,0,10,5,1,7,0,9,4,1,0,10,10,4,7,2,0,3,9,0,7,3,1,6,5,3,10,8,8,9,6,3,3,8,6,0
n31,10,4,1,9,10,9,7,8,7,8,1,7,9,10,8,1,6,1,10,0,0,4,10,0,0,5,6,0,5,0,10,5,8,6,9,0,10,0,1,7,0,9,4,1,0,10,10,4,7,2,0,3,9,0,7,3,1,6,5,3,10,8,8,9,6,3,3,8,6,3
n36,10,4,1,9,1,9,7,8,7,6,1,0,9,10,8,0,6,1,10,10,0,4,10,8,0,5,6,3,5,0,10,5,8,6,9,0,10,9,1,7,2,9,4,1,0,10,10,4,7,2,0,3,9,3,2,3,1,6,5,3,10,8,8,9,6,3,3,4,6,0
n35,10,4,1,9,0,9,7,8,7,6,1,0,9,10,8,0,6,1,10,10,5,4,10,8,0,5,6,0,5,8,10,5,8,6,9,0,10,9,1,7,2,9,4,1,0,10,10,4,7,2,0,3,9,3,2,3,1,6,5,3,10,8,8,9,6,3,3,4,6,0
n38,10,4,1,9,8,9,7,8,7,0,1,0,9,10,8,0,6,1,10,10,6,4,10,8,0,5,6,7,3,6,10,5,8,6,9,0,10,0,1,7,2,9,4,1,0,10,10,4,7,2,5,3,9,3,0,3,1,6,5,3,10,8,8,9,6,3,3,0,6,0
n37,10,4,1,9,8,9,7,8,7,0,1,0,9,10,8,0,6,1,10,10,6,4,10,8,0,5,6,0,0,6,10,5,8,6,9,0,10,0,1,7,2,9,4,1,0,10,10,4,7,2,5,3,9,3,0,3,1,6,5,3,10,8,8,9,6,3,3,0,6,10
n46,10,4,1,9,0,4,7,8,7,9,5,0,9,10,8,6,6,1,10,3,7,4,10,0,0,5,6,3,0,2,10,5,8,6,9,0,10,4,1,7,10,9,4,3,10,9,10,4,7,2,9,9,9,4,10,3,1,9,5,0,0,8,6,9,6,3,0,0,5,0
n45,10,4,1,9,0,4,7,8,7,9,5,0,9,10,8,6,6,1,10,3,7,4,10,9,0,5,6,3,9,2,10,5,8,6,9,0,10,4,1,7,10,9,4,3,10,0,10,4,7,2,9,9,9,4,10,3,1,9,5,0,4,8,6,9,6,3,0,0,5,0
n48,10,4,1,9,6,4,7,8,7,9,5,2,9,10,8,6,6,1,10,3,7,4,10,6,0,5,6,3,0,2,10,5,8,6,9,6,10,4,1,7,10,9,4,3,10,6,10,4,7,2,9,9,9,4,10,3,1,9,5,0,0,8,6,9,6,3,0,0,5,3
n47,10,4,1,9,0,4,7,8,7,9,5,2,9,10,8,6,6,1,10,3,7,4,10,0,0,5,6,3,9,2,10,5,8,6,9,6,10,4,1,7,10,9,4,3,10,0,10,4,7,2,9,9,9,4,10,3,1,9,5,0,0,8,6,9,6,3,0,0,5,3
n52,10,4,1,9,0,4,7,8,7,0,5,0,9,10,8,6,6,1,10,3,7,4,10,0,0,5,6,3,0,0,10,5,8,6,9,8,10,4,1,7,6,9,4,3,10,0,10,4,7,2,6,9,9,0,5,3,1,9,5,6,0,8,1,9,6,3,0,2,0,0
n51,10,4,1,9,0,4,7,8,7,0,5,3,9,10,8,6,6,1,10,3,7,4,10,0,0,5,6,3,5,0,10,5,8,6,9,0,10,4,1,7,0,9,4,3,10,0,10,4,7,2,6,9,9,6,5,3,1,9,5,6,0,8,1,9,6,3,0,2,0,1
n54,10,4,1,9,0,4,7,8,7,0,5,0,9,10,8,6,6,1,10,3,7,4,10,0,0,5,6,3,0,2,10,5,8,6,9,1,10,4,1,7,0,9,4,3,10,0,10,4,7,2,6,9,9,1,9,3,1,9,5,3,0,8,1,9,6,3,0,0,0,0
n53,10,4,1,9,0,4,7,8,7,0,5,0,9,10,8,6,6,1,10,3,7,4,10,3,0,5,6,3,0,2,10,5,8,6,9,0,10,4,1,7,0,9,4,3,10,1,10,4,7,2,6,9,9,1,0,3,1,9,5,3,0,8,1,9,6,3,0,0,0,1
n60,10,4,1,9,5,4,7,8,7,7,6,2,9,10,8,6,6,1,10,0,7,4,10,2,0,5,6,3,7,0,10,5,8,6,9,10,10,4,1,7,0,9,4,0,0,0,10,4,7,2,0,0,9,1,0,3,1,9,5,3,0,8,0,9,6,3,0,9,10,2
n59,10,4,1,9,5,4,7,8,7,7,6,2,9,10,8,6,6,1,10,0,7,4,10,2,0,5,6,3,7,0,10,5,8,6,9,10,10,4,1,7,0,9,4,0,0,0,10,4,7,2,9,0,9,1,0,3,1,9,5,3,0,8,9,9,6,3,0,9,10,2
n62,10,4,1,9,5,4,7,8,7,7,6,2,9,10,8,6,6,1,10,0,7,4,10,2,0,5,6,3,7,0,10,5,8,6,9,0,10,4,1,7,0,9,4,0,0,0,10,4,7,2,8,0,9,1,0,3,1,9,5,3,0,8,0,9,6,3,0,9,10,0
n61,10,4,1,9,5,4,7,8,7,7,6,2,9,10,8,6,6,1,10,4,7,4,10,2,0,5,6,3,7,0,10,5,8,6,9,0,10,4,1,7,0,9,4,0,0,0,10,4,7,2,0,0,9,1,0,3,1,9,5,3,0,8,0,9,6,3,0,9,10,0
n66,10,4,1,9,5,4,7,8,7,7,1,0,9,10,8,6,6,1,10,0,7,4,10,2,0,5,6,3,7,9,10,5,8,6,9,0,10,4,1,7,9,9,4,0,0,0,10,4,7,2,0,0,9,0,0,3,1,9,5,2,0,8,0,9,6,3,4,9,0,0
n65,10,4,1,9,5,4,7,8,7,7,1,5,9,10,8,6,6,1,10,0,7,4,10,2,0,5,6,3,7,9,10,5,8,6,9,3,10,4,1,7,9,9,4,10,0,0,10,4,7,2,0,0,9,0,0,3,1,9,5,2,0,8,0,9,6,3,4,9,0,0
n68,10,4,1,9,5,4,7,8,7,7,1,10,9,10,8,6,6,1,10,0,7,4,10,2,0,5,6,3,7,9,10,5,8,6,9,0,10,4,1,7,9,9,4,0,0,0,10,4,7,2,0,0,9,0,9,3,1,9,5,2,2,8,0,9,6,3,0,9,6,10
n67,10,4,1,9,5,4,7,8,7,7,1,8,9,10,8,6,6,1,10,0,7,4,10,2,0,5,6,3,7,9,10,5,8,6,9,0,10,4,1,7,9,9,4,2,0,0,10,4,7,2,0,0,9,4,0,3,1,9,5,2,10,8,9,9,6,3,0,9,0,10
n78,10,4,6,9,1,0,7,2,7,7,6,10,9,10,9,0,6,1,10,7,0,4,10,7,1,5,3,0,4,3,10,0,10,6,9,0,10,8,1,7,9,9,4,0,4,8,10,4,7,2,0,5,9,3,0,3,0,3,5,0,7,7,10,9,6,3,0,2,5,0
n77,10,4,6,9,1,10,7,2,7,7,6,10,9,10,9,0,6,1,10,0,0,4,10,7,1,5,3,0,4,3,10,0,10,6,9,0,10,8,1,7,9,9,4,8,4,8,10,4,7,2,0,5,9,3,0,3,0,3,5,10,7,7,10,9,6,3,0,2,5,0
n80,10,4,6,9,0,3,7,0,7,7,0,10,9,10,9,3,6,1,10,0,0,4,10,7,1,5,3,0,4,3,10,0,10,6,9,2,10,7,1,7,9,9,4,0,4,8,10,4,7,2,0,5,9,0,5,3,0,3,5,10,7,0,10,9,6,3,0,2,5,0
n79,10,4,6,9,0,0,7,0,7,7,0,10,9,10,9,3,6,1,10,1,7,4,10,7,1,5,3,0,4,3,10,7,10,6,9,2,10,7,1,7,9,9,4,0,4,8,10,4,7,2,0,5,9,0,0,3,4,3,5,10,7,0,10,9,6,3,0,2,5,0
n84,10,4,6,9,6,0,7,0,7,7,0,10,9,10,8,0,6,1,10,10,7,4,10,2,1,5,3,0,4,3,10,0,10,6,9,0,10,0,1,7,9,9,4,2,4,8,10,4,7,2,8,5,9,10,0,3,4,3,5,5,7,2,7,9,6,3,10,2,5,0
n83,10,4,6,9,4,0,7,0,7,7,0,10,9,10,8,0,6,1,10,0,0,4,10,2,1,5,3,0,4,3,10,0,10,6,9,0,10,0,1,7,9,9,4,2,4,8,10,4,7,2,8,5,9,10,4,3,4,3,5,5,7,2,7,9,6,3,10,2,5,1
n86,10,4,6,9,0,0,7,0,7,7,0,10,9,10,8,8,6,1,10,0,0,4,10,5,1,5,3,6,4,3,10,0,10,6,9,0,10,0,1,7,9,9,4,2,4,8,10,4,7,2,0,5,9,10,0,3,4,3,5,5,7,2,7,9,6,3,0,2,5,4
n85,10,4,6,9,1,0,7,0,7,7,0,10,9,10,8,8,6,1,10,0,5,4,10,5,1,5,3,0,4,3,10,0,10,6,9,0,10,8,1,7,9,9,4,2,4,8,10,4,7,2,4,5,9,10,0,3,4,3,5,5,7,2,7,9,6,3,0,2,5,4
n92,10,4,6,9,4,0,7,5,7,7,2,10,9,10,0,3,6,1,10,6,4,4,10,0,1,5,3,8,4,3,10,7,10,6,9,4,10,0,1,7,9,9,4,6,4,8,10,4,7,2,0,0,9,2,0,3,0,3,5,0,7,0,0,9,6,3,0,0,5,0
n91,10,4,6,9,4,0,7,5,7,7,2,10,9,10,0,3,6,1,10,6,4,4,10,0,1,5,3,0,4,3,10,7,10,6,9,4,10,8,1,7,9,9,4,6,4,8,10,4,7,2,0,3,9,0,0,3,0,3,5,0,7,0,0,9,6,3,0,7,5,0
n94,10,4,6,9,4,0,7,4,7,7,0,10,9,10,0,3,6,1,10,6,4,4,10,0,1,5,3,0,4,3,10,7,10,6,9,2,10,0,1,7,9,9,4,6,4,8,10,4,7,2,0,0,9,0,0,3,0,3,5,0,7,0,0,9,6,3,8,2,5,0
n93,10,4,6,9,4,0,7,0,7,7,0,10,9,10,0,3,6,1,10,6,4,4,10,0,1,5,3,0,4,3,10,7,10,6,9,0,10,7,1,7,9,9,4,6,4,8,10,4,7,2,0,0,9,0,0,3,6,3,5,0,7,0,7,9,6,3,8,2,5,0
n98,10,4,6,9,4,0,7,3,7,7,7,10,9,10,2,3,6,1,10,0,4,4,10,0,1,5,3,4,4,3,10,8,10,6,9,0,10,3,1,7,9,9,4,7,4,8,10,4,7,2,0,4,9,5,0,3,0,3,5,0,7,9,9,9,6,3,0,0,5,0
n97,10,4,6,9,4,0,7,3,7,7,7,10,9,10,2,3,6,1,10,0,4,4,10,0,1,5,3,0,4,3,10,0,10,6,9,5,10,3,1,7,9,9,4,7,4,8,10,4,7,2,0,4,9,5,0,3,0,3,5,0,7,0,9,9,6,3,0,0,5,0
n100,10,4,6,9,4,0,7,8,7,7,1,10,9,10,0,3,6,1,10,0,4,4,10,0,1,5,3,1,4,3,10,0,10,6,9,8,10,0,1,7,9,9,4,0,4,8,10,4,7,2,0,0,9,5,0,3,0,3,5,2,7,0,9,9,6,3,3,0,5,0
n99,10,4,6,9,4,0,7,8,7,7,0,10,9,10,0,3,6,1,10,0,4,4,10,0,1,5,3,1,4,3,10,0,10,6,9,8,10,0,1,7,9,9,4,0,4,8,10,4,7,2,0,0,9,5,0,3,0,3,5,2,7,0,9,9,6,3,3,2,5,0
n108,10,4,6,9,10,0,7,0,7,0,5,10,9,10,7,0,6,1,10,0,10,4,10,2,1,5,3,6,4,3,10,9,0,6,9,3,10,0,1,7,2,9,4,1,7,8,10,4,7,2,4,0,9,0,8,3,7,3,5,9,9,0,4,9,6,3,9,6,5,7
n107,10,4,6,9,10,0,7,0,7,2,5,10,9,10,7,0,6,1,10,0,10,4,10,2,1,5,3,6,4,3,10,9,0,6,9,3,10,0,1,7,2,9,4,1,7,8,10,4,7,2,4,5,9,0,0,3,7,3,5,9,9,0,4,9,6,3,9,6,5,7
n110,10,4,6,9,10,0,7,9,7,0,5,10,9,10,0,0,6,1,10,0,0,4,10,0,1,5,3,6,4,3,10,9,0,6,9,3,10,4,1,7,0,9,4,1,0,8,10,4,7,2,4,0,9,0,0,3,7,3,5,9,9,5,0,9,6,3,9,6,5,7
n109,10,4,6,9,10,0,7,9,7,6,5,10,9,10,1,0,6,1,10,0,0,4,10,5,1,5,3,6,4,3,10,9,0,6,9,3,10,0,1,7,0,9,4,1,0,8,10,4,7,2,4,9,9,0,0,3,7,3,5,9,9,0,0,9,6,3,9,6,5,7
n114,10,4,6,9,10,0,7,0,7,0,5,10,9,10,9,10,6,1,10,0,1,4,10,1,1,5,3,6,4,3,10,9,9,6,9,3,10,0,1,7,10,9,4,1,0,9,10,4,7,2,6,6,9,0,1,3,7,3,5,7,0,0,4,9,6,3,9,5,5,7
n113,10,4,6,9,10,4,7,0,7,6,5,10,9,10,9,10,6,1,10,0,1,4,10,0,1,5,3,6,4,3,10,9,9,6,9,3,10,0,1,7,10,9,4,1,0,9,10,4,7,2,0,6,9,0,1,3,7,3,5,7,0,0,0,9,6,3,9,5,5,7
n116,10,4,6,9,10,0,7,0,7,0,5,10,9,10,9,0,6,1,10,0,1,4,10,0,1,5,3,6,4,3,10,9,0,6,9,3,10,0,1,7,0,9,4,1,7,0,10,4,7,2,0,6,9,0,1,3,7,3,5,0,0,3,1,9,6,3,9,5,5,7
n115,10,4,6,9,10,0,7,0,7,0,5,10,9,10,9,0,6,1,10,0,1,4,10,5,1,5,3,6,4,3,10,9,1,6,9,3,10,0,1,7,0,9,4,1,7,6,10,4,7,2,0,6,9,0,1,3,7,3,5,0,0,3,1,9,6,3,9,5,5,7
n122,10,4,6,9,10,0,7,5,7,0,9,10,9,10,0,1,6,1,10,0,5,4,10,0,1,5,3,6,4,3,10,0,0,6,9,3,10,0,1,7,4,9,4,1,0,0,10,4,7,2,5,0,9,0,10,3,6,3,5,10,0,10,0,9,6,3,9,3,5,0
n121,10,4,6,9,10,0,7,5,7,0,9,10,9,10,0,1,6,1,10,0,5,4,10,0,1,5,3,6,4,3,10,0,0,6,9,3,10,0,1,7,4,9,4,1,0,0,10,4,7,2,5,1,9,3,10,3,6,3,5,5,0,10,1,9,6,3,9,3,5,8
n124,10,4,6,9,10,0,7,5,7,0,9,10,9,10,0,1,6,1,10,0,5,4,10,0,1,5,3,6,4,3,10,9,0,6,9,3,10,0,1,7,4,9,4,6,10,0,10,4,7,2,5,0,9,0,10,3,0,3,5,0,8,10,0,9,6,3,9,4,5,0
n123,10,4,6,9,10,0,7,5,7,8,9,10,9,10,7,1,6,1,10,0,5,4,10,0,1,5,3,6,4,3,10,0,8,6,9,3,10,0,1,7,4,9,4,0,0,0,10,4,7,2,5,9,9,5,10,3,2,3,5,0,0,10,0,9,6,3,9,4,5,0
n128,10,4,6,9,10,0,7,10,7,0,9,10,9,10,5,1,6,1,10,0,0,4,10,4,1,5,3,6,4,3,10,0,6,6,9,3,10,6,1,7,4,9,4,10,5,8,10,4,7,2,0,9,9,2,0,3,10,3,5,0,0,0,0,9,6,3,9,0,5,5
n127,10,4,6,9,10,0,7,0,7,0,9,10,9,10,5,1,6,1,10,0,0,4,10,4,1,5,3,6,4,3,10,0,0,6,9,3,10,0,1,7,4,9,4,10,5,8,10,4,7,2,0,9,9,2,0,3,10,3,5,0,0,5,0,9,6,3,9,0,5,0
n130,10,4,6,9,10,4,7,9,7,0,9,10,9,10,0,1,6,1,10,9,0,4,10,2,1,5,3,6,4,3,10,0,0,6,9,3,10,10,1,7,4,9,4,0,5,0,10,4,7,2,2,9,9,0,6,3,0,3,5,0,0,0,0,9,6,3,9,0,5,0
n129,10,4,6,9,10,3,7,9,7,0,9,10,9,10,0,1,6,1,10,0,6,4,10,0,1,5,3,6,4,3,10,0,0,6,9,3,10,10,1,7,4,9,4,0,5,0,10,4,7,2,0,9,9,0,6,3,0,3,5,7,0,10,0,9,6,3,9,0,5,0
n142,10,4,2,9,0,4,7,8,7,0,0,10,9,10,8,10,9,1,10,0,5,4,10,6,6,7,2,1,3,0,10,5,0,6,9,10,2,5,1,8,2,3,0,6,0,1,10,4,7,2,6,3,9,2,6,4,0,0,0,10,10,1,0,9,6,3,7,2,6,0
n141,10,4,2,9,0,4,7,8,7,0,0,10,9,10,8,10,9,1,10,5,5,4,10,6,6,7,2,1,3,0,10,5,0,6,9,10,2,5,1,8,2,3,0,6,0,1,10,4,7,2,6,0,9,2,6,4,0,0,0,10,0,1,0,9,6,3,7,1,6,0
n144,10,4,2,9,0,4,7,8,7,0,0,10,9,10,0,10,9,1,10,0,5,4,10,6,6,7,2,0,3,0,10,5,0,6,9,10,2,5,1,8,2,3,0,6,3,1,10,4,7,2,6,0,9,2,6,4,0,0,0,10,0,1,0,9,6,3,7,0,6,0
n143,10,4,2,9,0,4,7,8,7,0,0,10,9,10,0,10,9,1,10,0,5,4,10,6,6,7,2,0,3,0,10,5,0,6,9,10,2,5,1,8,2,3,9,6,3,1,10,4,7,2,6,0,9,2,6,4,0,0,0,10,0,1,0,9,6,3,7,0,6,0
n148,10,4,2,9,0,4,7,8,7,7,0,10,9,10,10,7,9,1,10,0,5,4,10,6,6,7,2,3,3,0,10,5,10,6,9,10,2,5,1,8,2,3,4,6,0,1,10,4,7,2,6,7,9,2,6,4,0,8,0,10,9,1,0,9,6,3,7,1,6,0
n147,10,4,2,9,0,4,7,8,7,7,0,10,9,10,10,7,9,1,10,4,5,4,10,6,6,7,2,1,3,0,10,5,10,6,9,10,2,5,1,8,2,3,4,6,0,1,10,4,7,2,6,7,9,2,6,4,0,8,0,10,0,1,0,9,6,3,7,1,6,5
n150,10,4,2,9,0,4,7,8,7,7,0,10,9,10,0,3,9,1,10,0,5,4,10,6,6,7,2,2,3,8,10,5,2,6,9,10,2,5,1,8,2,3,7,6,6,1,10,4,7,2,6,7,9,2,6,4,0,5,7,10,0,1,1,9,6,3,7,0,6,0
n149,10,4,2,9,0,4,7,8,7,7,0,10,9,10,0,0,9,1,10,0,5,4,10,6,6,7,2,2,3,0,10,5,0,6,9,10,2,5,1,8,2,3,7,6,0,1,10,4,7,2,6,7,9,2,6,4,0,0,7,10,0,1,1,9,6,3,7,5,6,0
n156,10,4,2,9,4,4,7,4,7,10,6,10,9,10,5,4,9,1,10,7,5,4,10,6,6,7,0,5,3,3,10,5,1,6,9,6,2,0,1,8,2,3,7,6,8,1,10,4,7,2,6,4,9,2,6,4,0,4,0,10,2,1,0,9,0,3,7,0,6,0
n155,10,4,2,9,4,4,7,4,7,10,6,10,9,10,5,6,9,1,10,7,5,4,10,6,6,7,0,5,3,3,10,5,1,6,9,6,2,0,1,8,2,3,7,6,8,1,10,4,7,2,6,4,9,2,6,4,0,0,0,10,2,1,2,9,0,3,7,0,6,0
n158,10,4,2,9,4,4,7,4,7,10,6,10,9,10,5,9,9,1,10,7,5,4,10,6,6,7,0,0,3,3,10,5,1,6,9,0,2,9,1,8,2,3,7,6,8,1,10,4,7,2,6,4,9,2,6,4,0,10,0,10,2,1,0,9,0,3,7,0,6,3
n157,10,4,2,9,4,4,7,4,7,10,6,10,9,10,5,9,9,1,10,7,5,4,10,6,6,7,0,2,3,3,10,5,1,6,9,0,2,9,1,8,2,3,7,6,8,1,10,4,7,2,6,4,9,2,6,4,10,10,0,10,2,1,0,9,0,3,7,0,6,3
n162,10,4,2,9,4,4,7,4,7,9,6,10,9,10,0,9,9,1,10,7,5,4,10,6,6,7,1,10,3,3,10,5,1,6,9,8,2,1,1,8,2,3,7,6,0,1,10,4,7,2,6,4,9,2,6,4,0,7,0,10,0,1,1,9,0,3,7,0,6,0
n161,10,4,2,9,4,4,7,4,7,0,6,10,9,10,0,9,9,1,10,7,5,4,10,6,6,7,1,0,3,3,10,5,1,6,9,4,2,1,1,8,2,3,7,6,0,1,10,4,7,2,6,4,9,2,6,4,0,7,2,10,0,1,0,9,0,3,7,0,6,0
n164,10,4,2,9,4,4,7,4,7,6,6,10,9,10,0,0,9,1,10,7,5,4,10,6,6,7,1,8,3,3,10,5,1,6,9,0,2,1,1,8,2,3,7,6,7,1,10,4,7,2,6,4,9,2,6,4,0,0,0,10,0,1,1,9,0,3,7,0,6,0
n163,10,4,2,9,4,4,7,4,7,6,6,10,9,10,0,7,9,1,10,7,5,4,10,6,6,7,1,8,3,3,10,5,1,6,9,0,2,1,1,8,2,3,7,6,7,1,10,4,7,2,6,4,9,2,6,4,0,0,0,10,0,1,1,9,0,3,7,0,6,0
n172,10,4,8,9,0,4,7,7,7,4,0,10,9,10,8,1,0,1,10,0,5,4,10,6,6,7,0,9,3,8,9,5,3,6,9,6,2,10,1,8,2,3,0,6,4,4,10,4,7,2,6,4,9,2,6,5,0,0,7,10,0,1,10,9,7,3,7,0,6,5
n171,10,4,8,9,0,4,7,7,7,4,9,10,9,10,8,1,0,1,10,0,5,4,10,6,6,7,0,9,3,8,9,5,0,6,9,6,2,10,1,8,2,3,0,6,2,4,10,4,7,2,6,4,9,2,6,4,5,0,7,10,0,1,10,9,7,3,7,0,6,5
n174,10,4,8,9,0,4,7,7,7,4,0,10,9,10,8,1,8,1,10,0,5,4,10,6,6,7,0,9,3,8,9,5,4,6,9,6,2,10,1,8,2,3,0,6,0,4,10,4,7,2,6,4,9,2,6,0,0,0,7,10,3,1,10,9,7,3,7,4,6,5
n173,10,4,8,9,0,4,7,7,7,4,0,10,9,10,8,1,0,1,10,2,5,4,10,6,6,7,0,9,3,8,9,5,4,6,9,6,2,10,1,8,2,3,0,6,3,4,10,4,7,2,6,4,9,2,6,0,0,0,7,10,3,1,10,9,7,3,7,0,6,5
n178,10,4,8,9,2,4,7,7,7,4,3,10,9,10,8,1,1,1,10,5,5,4,10,6,6,7,4,9,3,8,9,5,0,6,9,6,2,10,1,8,2,3,0,6,6,0,10,4,7,2,6,4,9,2,6,0,9,0,6,10,0,1,10,9,7,3,7,0,6,5
n177,10,4,8,9,2,4,7,7,7,4,0,10,9,10,8,1,1,1,10,5,5,4,10,6,6,7,4,9,3,8,9,5,0,6,9,6,2,10,1,8,2,3,2,6,0,0,10,4,7,2,6,4,9,2,6,0,9,0,6,10,0,1,10,9,7,3,7,0,6,5
n180,10,4,8,9,2,4,7,7,7,4,3,10,9,10,8,1,0,1,10,5,5,4,10,6,6,7,4,9,3,8,9,5,0,6,9,6,2,10,1,8,2,3,0,6,0,0,10,4,7,2,6,4,9,2,6,0,0,0,8,10,0,1,10,9,7,3,7,0,6,5
n179,10,4,8,9,2,4,7,7,7,4,3,10,9,10,8,1,0,1,10,5,5,4,10,6,6,7,4,9,3,8,9,5,0,6,9,6,2,10,1,8,2,3,0,6,6,0,10,4,7,2,6,4,9,2,6,0,3,0,8,10,0,1,10,9,7,3,7,0,6,5
n186,10,4,0,9,8,4,7,2,7,4,5,10,9,10,8,1,0,1,10,0,5,4,10,6,6,7,1,9,3,8,10,5,7,6,9,0,2,7,1,8,2,3,2,6,0,3,10,4,7,2,6,0,9,2,6,8,0,10,0,10,3,1,1,9,7,3,7,0,6,5
n185,10,4,0,9,8,4,7,2,7,4,5,10,9,10,8,1,0,1,10,0,5,4,10,6,6,7,1,9,3,8,10,5,7,6,9,0,2,7,1,8,2,3,2,6,0,3,10,4,7,2,6,0,9,2,6,8,0,0,10,10,0,1,1,9,7,3,7,4,6,5
n188,10,4,0,9,8,4,7,0,7,4,5,10,9,10,8,1,6,1,10,0,5,4,10,6,6,7,4,9,3,8,0,5,7,6,9,0,2,7,1,8,2,3,2,6,0,3,10,4,7,2,6,7,9,2,6,8,0,0,0,10,5,1,1,9,7,3,7,7,6,5
n187,10,4,0,9,8,4,7,0,7,4,5,10,9,10,8,1,0,1,10,0,5,4,10,6,6,7,0,9,3,8,10,5,7,6,9,0,2,7,1,8,2,3,2,6,0,3,10,4,7,2,6,0,9,2,6,8,0,0,0,10,5,1,7,9,7,3,7,7,6,5
n192,10,4,4,9,8,4,7,6,7,4,5,10,9,10,8,1,0,1,10,7,5,4,10,6,6,7,0,9,3,8,7,5,0,6,9,4,2,7,1,8,2,3,0,6,0,3,10,4,7,2,6,0,9,2,6,9,7,7,9,10,4,1,0,9,0,3,7,0,6,5
n191,10,4,7,9,8,4,7,6,7,4,5,10,9,10,8,1,8,1,10,7,5,4,10,6,6,7,0,9,3,8,7,5,0,6,9,4,2,7,1,8,2,3,10,6,0,3,10,4,7,2,6,0,9,2,6,9,0,7,9,10,4,1,0,9,0,3,7,0,6,5
n194,10,4,0,9,8,4,7,6,7,4,5,10,9,10,8,1,7,1,10,7,5,4,10,6,6,7,1,9,3,8,7,5,8,6,9,9,2,7,1,8,2,3,0,6,0,3,10,4,7,2,6,0,9,2,6,9,0,7,0,10,0,1,3,9,0,3,7,0,6,5
n193,10,4,0,9,8,4,7,6,7,4,5,10,9,10,8,1,0,1,10,7,5,4,10,6,6,7,1,9,3,8,7,5,0,6,9,9,2,7,1,8,2,3,8,6,0,3,10,4,7,2,6,3,9,2,6,9,10,7,0,10,0,1,3,9,0,3,7,0,6,5
n204,10,4,5,9,9,10,7,0,7,0,7,10,9,10,3,0,0,1,10,9,5,4,10,6,6,7,6,9,3,4,3,5,2,6,9,0,2,6,1,8,2,0,1,6,3,7,10,4,7,2,8,0,9,2,6,4,10,7,8,10,0,1,5,9,4,3,5,1,6,8
n203,10,4,5,9,0,10,7,0,7,8,7,10,9,10,3,10,0,1,10,9,5,4,10,6,6,7,6,9,3,4,3,5,2,6,9,4,2,6,1,8,2,0,1,6,3,7,10,4,7,2,8,2,9,2,6,4,10,7,8,10,10,1,5,9,4,3,5,0,6,8
n206,10,4,5,9,0,10,7,0,7,0,7,10,9,10,3,0,0,1,10,9,5,4,10,6,6,7,6,9,3,0,3,5,2,6,9,0,2,6,1,8,2,0,0,6,3,2,10,4,7,2,8,0,9,2,6,4,10,7,0,10,0,1,5,9,4,3,5,0,6,8
n205,10,4,5,9,0,10,7,0,7,5,7,10,9,10,3,0,0,1,10,9,5,4,10,6,6,7,6,9,3,0,3,5,2,6,9,8,2,6,1,8,2,8,1,6,3,2,10,4,7,2,8,0,9,2,6,4,10,7,0,10,0,1,5,9,4,3,5,5,6,8
n210,10,4,5,9,0,10,7,1,7,4,7,10,9,10,3,0,9,1,10,9,5,4,10,6,6,7,6,9,3,3,0,5,1,6,9,0,2,6,1,8,2,0,6,6,3,8,10,4,7,2,0,1,9,2,6,0,10,7,1,10,0,1,5,9,4,3,2,5,6,8
n209,10,4,5,9,0,10,7,1,7,6,7,10,9,10,3,0,9,1,10,9,5,4,10,6,6,7,6,9,3,3,6,5,0,6,9,0,2,6,1,8,2,0,0,6,3,8,10,4,7,2,9,10,9,2,6,6,10,7,1,10,9,1,5,9,4,3,2,5,6,8
n212,10,4,5,9,2,10,7,0,7,2,7,10,9,10,3,0,0,1,10,9,5,4,10,6,6,7,6,9,3,3,0,5,7,6,9,0,2,6,1,8,2,0,0,6,3,8,10,4,7,2,10,0,9,2,6,9,10,7,0,10,0,1,5,9,4,3,2,0,6,8
n211,10,4,5,9,2,10,7,0,7,0,7,10,9,10,3,0,0,1,10,9,5,4,10,6,6,7,6,9,3,3,0,5,0,6,9,0,2,6,1,8,2,0,0,6,3,8,10,4,7,2,10,0,9,2,6,0,10,7,0,10,0,1,5,9,4,3,2,0,6,8
n218,10,4,5,9,2,10,7,3,7,6,7,10,9,10,3,0,7,1,10,9,5,4,10,6,6,7,6,6,3,8,0,5,7,6,9,0,2,6,1,8,2,0,0,6,3,8,10,4,7,2,2,2,9,2,6,7,10,7,5,10,0,1,5,9,4,3,0,4,6,8
n217,10,4,5,9,2,10,7,3,7,1,7,10,9,10,3,0,7,1,10,9,5,4,10,6,6,7,6,6,3,8,5,5,0,6,9,0,2,6,1,8,2,0,0,6,3,8,10,4,7,2,2,2,9,2,6,7,10,7,5,10,10,1,5,9,4,3,0,4,6,8
n220,10,4,5,9,2,10,7,3,7,0,7,10,9,10,3,0,7,1,10,9,5,4,10,6,6,7,6,6,3,6,5,5,0,6,9,5,2,6,1,8,2,0,8,6,3,8,10,4,7,2,2,2,9,2,6,0,10,7,7,10,7,1,5,9,4,3,0,4,6,8
n219,10,4,5,9,2,10,7,3,7,10,7,10,9,10,3,0,7,1,10,9,5,4,10,6,6,7,6,6,3,0,5,5,0,6,9,5,2,6,1,8,2,0,0,6,3,8,10,4,7,2,2,2,9,2,6,0,10,7,7,10,7,1,5,9,4,3,0,4,6,8
n224,10,4,5,9,3,10,7,3,7,0,7,10,9,10,3,0,7,1,10,9,5,4,10,6,6,7,6,6,3,10,0,5,6,6,9,1,2,6,1,8,2,0,7,6,3,9,10,4,7,2,6,0,9,2,6,0,10,7,8,10,0,1,5,9,4,3,9,4,6,8
n223,10,4,5,9,0,10,7,3,7,0,7,10,9,10,3,0,7,1,10,9,5,4,10,6,6,7,6,6,3,10,7,5,6,6,9,0,2,6,1,8,2,0,7,6,3,6,10,4,7,2,6,0,9,2,6,0,10,7,8,10,0,1,5,9,4,3,9,4,6,8
n226,10,4,5,9,0,10,7,3,7,7,7,10,9,10,3,0,7,1,10,9,5,4,10,6,6,7,6,6,3,10,0,5,6,6,9,3,2,6,1,8,2,0,0,6,3,0,10,4,7,2,6,3,9,2,6,0,10,7,8,10,4,1,5,9,4,3,9,4,6,8
n225,10,4,5,9,0,10,7,3,7,0,7,10,9,10,3,0,7,1,10,9,5,4,10,6,6,7,6,6,3,10,0,5,6,6,9,3,2,6,1,8,2,0,0,6,3,0,10,4,7,2,6,3,9,2,6,6,10,7,8,10,4,1,5,9,4,3,9,4,6,8
n234,10,4,5,9,8,0,7,0,7,9,7,10,9,10,3,1,8,1,10,0,5,4,10,6,6,7,0,7,3,0,0,5,0,6,9,4,2,3,1,8,2,0,2,6,0,2,10,4,7,2,3,7,9,2,6,4,0,7,3,10,0,1,4,9,4,3,0,0,6,8
n233,10,4,5,9,8,0,7,8,7,9,7,10,9,10,3,1,8,1,10,0,5,4,10,6,6,7,0,7,3,0,0,5,0,6,9,4,2,3,1,8,2,0,2,6,0,2,10,4,7,2,3,7,9,2,6,4,0,7,3,10,0,1,4,9,4,3,0,0,6,8
n236,10,4,5,9,8,8,7,10,7,9,7,10,9,10,3,1,0,1,10,0,5,4,10,6,6,7,0,5,3,0,7,5,0,6,9,4,2,3,1,8,2,0,6,6,0,2,10,4,7,2,3,7,9,2,6,4,0,7,3,10,0,1,4,9,4,3,5,9,6,8
n235,10,4,5,9,8,0,7,0,7,9,7,10,9,10,3,1,4,1,10,0,5,4,10,6,6,7,0,5,3,0,7,5,0,6,9,4,2,3,1,8,2,0,0,6,0,2,10,4,7,2,3,7,9,2,6,4,0,7,3,10,0,1,4,9,4,3,5,9,6,8
n240,10,4,5,9,8,0,7,0,7,9,7,10,9,10,3,1,1,1,10,5,5,4,10,6,6,7,2,6,3,7,9,5,0,6,9,4,2,3,1,8,2,0,9,6,0,0,10,4,7,2,3,7,9,2,6,4,0,7,3,10,0,1,10,9,4,3,10,0,6,8
n239,10,4,5,9,8,6,7,0,7,9,7,10,9,10,3,1,1,1,10,5,5,4,10,6,6,7,2,6,3,7,0,5,2,6,9,4,2,3,1,8,2,0,0,6,0,0,10,4,7,2,3,7,9,2,6,4,0,7,3,10,0,1,10,9,4,3,10,0,6,8
n242,10,4,5,9,8,0,7,0,7,9,7,10,9,10,3,1,1,1,10,5,5,4,10,6,6,7,2,6,3,7,5,5,6,6,9,4,2,3,1,8,2,0,0,6,8,0,10,4,7,2,3,7,9,2,6,4,9,7,3,10,0,1,10,9,4,3,10,0,6,8
n241,10,4,5,9,8,0,7,0,7,9,7,10,9,10,3,1,1,1,10,5,5,4,10,6,6,7,2,6,3,7,5,5,6,6,9,4,2,3,1,8,2,0,5,6,8,0,10,4,7,2,3,7,9,2,6,4,0,7,3,10,0,1,10,9,4,3,10,0,6,8
n248,10,4,5,9,8,0,7,0,7,9,7,10,9,10,3,1,0,1,10,5,5,4,10,6,6,7,9,0,3,0,0,5,6,6,9,4,2,3,1,8,2,7,0,6,5,2,10,4,7,2,3,2,9,2,6,4,10,7,3,10,0,1,8,9,4,3,0,0,6,8
n247,10,4,5,9,8,0,7,0,7,9,7,10,9,10,3,1,0,1,10,3,5,4,10,6,6,7,0,0,3,0,9,5,6,6,9,4,2,3,1,8,2,7,0,6,5,2,10,4,7,2,3,2,9,2,6,4,10,7,3,10,0,1,0,9,4,3,0,0,6,8
n250,10,4,5,9,8,2,7,0,7,9,7,10,9,10,3,1,0,1,10,0,5,4,10,6,6,7,0,0,3,0,10,5,6,6,9,4,2,3,1,8,2,7,0,6,5,0,10,4,7,2,3,2,9,2,6,4,10,7,3,10,0,1,8,9,4,3,0,0,6,8
n249,10,4,5,9,8,2,7,0,7,9,7,10,9,10,3,1,0,1,10,0,5,4,10,6,6,7,0,0,3,0,0,5,6,6,9,4,2,3,1,8,2,7,0,6,5,0,10,4,7,2,3,2,9,2,6,4,10,7,3,10,0,1,0,9,4,3,1,0,6,8
n254,10,4,5,9,8,1,7,0,7,9,7,10,9,10,3,1,0,1,10,9,5,4,10,6,6,7,7,0,3,6,0,5,6,6,9,4,2,3,1,8,2,0,0,6,5,0,10,4,7,2,3,2,9,2,6,4,0,7,3,10,5,1,5,9,4,3,0,0,6,8
n253,10,4,5,9,8,1,7,3,7,9,7,10,9,10,3,1,0,1,10,9,5,4,10,6,6,7,3,0,3,6,0,5,6,6,9,4,2,3,1,8,2,0,0,6,5,0,10,4,7,2,3,2,9,2,6,4,4,7,3,10,5,1,0,9,4,3,7,0,6,8
n256,10,4,5,9,8,1,7,0,7,9,7,10,9,10,3,1,0,1,10,9,5,4,10,6,6,7,1,0,3,0,0,5,6,6,9,4,2,3,1,8,2,0,0,6,5,7,10,4,7,2,3,2,9,2,6,4,0,7,3,10,0,1,0,9,4,3,0,0,6,8
n255,10,4,5,9,8,1,7,0,7,9,7,10,9,10,3,1,0,1,10,9,5,4,10,6,6,7,1,0,3,0,0,5,6,6,9,4,2,3,1,8,2,0,7,6,5,7,10,4,7,2,3,2,9,2,6,4,0,7,3,10,0,1,0,9,4,3,0,0,6,8
n270,4,8,6,8,10,0,7,5,2,0,6,3,7,8,1,9,6,1,10,3,5,4,10,2,8,4,10,7,2,1,8,3,10,6,1,9,3,0,1,10,4,0,0,0,2,1,10,1,7,7,5,0,9,0,6,0,0,0,3,4,9,2,0,7,8,3,4,4,3,0
n269,4,8,6,8,10,0,7,5,2,0,6,3,7,8,1,9,6,1,10,3,5,4,10,2,8,4,10,7,2,1,8,0,10,6,1,9,3,0,1,10,4,0,0,0,2,1,10,1,7,7,5,0,9,0,6,0,0,0,3,4,9,2,6,7,8,3,4,0,3,0
n272,4,8,6,8,10,0,7,5,2,0,6,3,7,0,1,9,6,1,10,3,5,4,10,2,8,0,10,7,2,1,8,1,10,6,1,9,3,3,1,10,4,3,6,0,2,1,10,1,7,7,5,6,9,0,6,1,0,0,3,4,9,2,0,7,8,3,0,0,3,3
n271,4,8,6,8,10,0,7,5,2,0,6,3,7,0,1,9,6,1,10,3,5,4,10,2,8,0,10,7,2,1,8,1,10,6,1,9,3,0,1,10,4,3,6,0,2,1,10,1,7,7,5,6,9,0,6,0,0,0,3,4,9,2,2,7,8,3,0,0,3,0
n276,4,8,6,8,10,0,7,5,2,0,6,3,7,0,1,9,6,1,10,3,5,4,10,2,8,10,10,7,2,1,8,9,0,6,1,9,3,7,1,10,0,0,0,0,2,1,10,1,7,7,5,2,9,0,6,0,0,0,3,4,9,2,6,7,8,3,0,0,7,0
n275,4,8,6,8,10,0,7,5,2,0,6,3,7,8,1,9,6,1,10,3,5,4,10,2,8,10,10,7,2,1,8,9,0,6,1,9,3,7,1,10,0,0,0,0,2,1,10,1,7,7,5,2,9,0,6,0,0,2,3,4,9,2,6,7,8,3,0,0,10,0
n278,4,8,6,8,10,8,7,5,2,0,6,3,7,10,1,9,6,1,10,3,5,4,10,2,8,0,10,7,2,1,8,9,5,6,1,9,3,7,1,10,0,0,0,1,2,1,10,1,7,7,5,7,9,0,6,0,0,2,3,4,9,2,6,7,8,3,0,4,0,0
n277,4,8,6,8,10,0,7,5,2,7,6,3,7,10,1,9,6,1,10,3,5,4,10,2,8,0,10,7,2,1,8,9,5,6,1,9,3,7,1,10,0,0,10,1,2,1,10,1,7,7,5,7,9,0,6,5,0,2,3,4,9,2,6,7,8,3,0,0,0,0
n284,4,8,6,8,10,0,7,5,2,2,6,3,7,5,1,9,6,1,10,6,5,0,10,2,8,5,10,7,0,0,8,3,8,6,1,9,3,0,1,10,5,9,0,5,2,1,2,1,7,7,5,0,9,0,6,4,5,2,3,4,9,2,8,7,0,3,6,0,0,9
n283,4,8,6,8,10,0,7,5,2,10,6,3,7,5,1,9,6,1,10,0,5,0,10,2,8,0,10,7,0,0,8,3,8,6,1,9,3,0,1,10,0,9,1,5,2,1,2,1,7,7,5,0,9,0,6,4,5,2,3,4,9,2,8,7,3,3,6,0,0,9
n286,4,8,6,8,10,9,7,5,2,0,6,3,7,5,1,9,6,1,10,0,5,0,10,2,8,4,10,7,7,0,8,3,9,6,1,9,3,0,1,10,10,0,0,0,2,1,2,1,7,7,5,0,9,2,6,1,5,2,3,4,9,2,8,7,9,3,6,3,6,9
n285,4,8,6,8,10,0,7,5,2,9,6,3,7,5,1,9,6,1,10,0,5,9,10,2,8,0,10,7,7,0,8,3,9,6,1,9,3,0,1,10,10,2,1,6,2,1,2,1,7,7,5,0,9,2,6,3,5,2,3,4,9,2,8,7,9,3,6,8,3,9
n290,4,8,6,8,10,0,7,5,2,0,6,3,7,5,1,9,6,1,10,0,5,10,10,2,8,0,10,7,0,7,8,3,9,6,1,9,3,7,1,10,9,0,0,0,2,1,2,1,7,7,5,2,9,0,6,1,9,2,3,4,9,2,0,7,0,3,6,0,0,5
n289,4,8,6,8,10,1,7,5,2,0,6,3,7,5,1,9,6,1,10,0,5,10,10,2,8,0,10,7,0,0,8,3,9,6,1,9,3,0,1,10,9,0,0,3,2,1,2,1,7,7,5,2,9,0,6,1,9,2,3,4,9,2,0,7,0,3,6,0,0,5
n292,4,8,6,8,10,4,7,5,2,10,6,3,7,5,1,9,6,1,10,0,5,10,10,2,8,3,10,7,0,0,8,3,9,6,1,9,3,0,1,10,9,0,4,0,2,1,2,1,7,7,5,0,9,4,6,9,9,2,3,4,9,2,0,7,1,3,6,2,4,0
n291,4,8,6,8,10,4,7,5,2,10,6,3,7,5,1,9,6,1,10,8,5,10,10,2,8,3,10,7,0,0,8,3,9,6,1,9,3,0,1,10,9,0,0,0,2,1,2,1,7,7,5,8,9,1,6,9,9,2,3,4,9,2,0,7,3,3,6,0,0,0
n300,4,8,6,8,10,0,7,5,10,3,6,3,0,0,1,9,6,1,10,0,5,0,10,2,8,0,0,7,1,7,8,3,6,6,1,9,3,0,1,10,2,10,5,0,2,1,0,0,7,7,5,0,9,0,6,0,2,3,3,4,9,2,0,7,0,3,9,1,0,9
n299,4,8,6,8,10,0,7,5,10,3,6,3,0,0,1,9,6,1,10,0,5,0,10,2,8,6,0,7,1,7,8,3,0,6,1,9,3,4,1,10,2,10,5,0,2,1,0,0,7,7,5,0,9,9,6,0,2,0,3,4,9,2,0,7,6,3,9,0,0,9
n302,4,8,6,8,10,0,7,5,4,0,6,3,1,0,1,9,6,1,10,0,5,3,10,2,8,8,0,7,1,7,8,3,0,6,1,9,3,6,1,10,2,9,5,4,2,1,10,0,7,7,5,0,9,0,6,0,2,0,3,4,9,2,0,7,0,3,0,0,0,1
n301,4,8,6,8,10,0,7,5,4,0,6,3,0,0,1,9,6,1,10,0,5,3,10,2,8,0,0,7,1,7,8,3,0,6,1,9,3,6,1,10,2,0,5,0,2,1,10,0,7,7,5,0,9,0,6,0,2,0,3,4,9,2,0,7,0,3,9,0,0,1
n306,4,8,6,8,10,0,7,5,0,0,6,3,0,2,1,9,6,1,10,0,5,7,10,2,8,9,0,7,1,7,8,3,6,6,1,9,3,0,1,10,2,0,5,0,2,1,2,1,7,7,5,0,9,0,6,9,2,0,3,4,9,2,0,7,0,3,4,0,7,0
n305,4,8,6,8,10,0,7,5,0,9,6,3,0,2,1,9,6,1,10,1,5,7,10,2,8,9,0,7,1,7,8,3,6,6,1,9,3,0,1,10,2,0,5,0,2,1,2,1,7,7,5,8,9,8,6,0,2,0,3,4,9,2,0,7,0,3,4,0,7,6
n308,4,8,6,8,10,3,7,5,0,0,6,3,0,0,1,9,6,1,10,1,5,0,10,2,8,8,5,7,1,7,8,3,6,6,1,9,3,0,1,10,2,0,5,6,2,1,2,0,7,7,5,10,9,0,6,7,2,8,3,4,9,2,3,7,2,3,0,0,7,0
n307,4,8,6,8,10,0,7,5,0,0,6,3,0,0,1,9,6,1,10,8,5,0,10,2,8,0,5,7,1,7,8,3,6,6,1,9,3,4,1,10,2,0,5,0,2,1,2,0,7,7,5,4,9,0,6,7,2,8,3,4,9,2,3,7,2,3,0,2,7,1
n314,4,8,6,8,10,0,7,5,9,1,6,3,0,0,1,9,6,1,10,7,5,0,10,2,8,4,1,7,0,7,8,3,0,6,1,9,3,0,1,10,2,0,6,0,2,1,2,1,7,7,5,6,9,5,6,4,1,0,3,4,9,2,1,7,4,3,9,0,1,0
n313,4,8,6,8,10,0,7,5,9,1,6,3,0,0,1,9,6,1,10,7,5,8,10,2,8,4,1,7,0,7,8,3,0,6,1,9,3,0,1,10,2,0,6,0,2,1,0,1,7,7,5,0,9,5,6,4,1,6,3,4,9,2,7,7,4,3,9,0,1,0
n316,4,8,6,8,10,3,7,5,9,1,6,3,10,0,1,9,6,1,10,7,5,0,10,2,8,4,10,7,0,7,8,3,0,6,1,9,3,0,1,10,2,7,6,9,2,1,0,0,7,7,5,10,9,5,6,4,0,0,3,4,9,2,0,7,4,3,9,0,1,10
n315,4,8,6,8,10,5,7,5,9,1,6,3,0,0,1,9,6,1,10,7,5,0,10,2,8,4,10,7,7,7,8,3,3,6,1,9,3,0,1,10,2,7,6,0,2,1,9,0,7,7,5,10,9,5,6,4,0,0,3,4,9,2,0,7,4,3,9,0,1,10
n320,4,8,6,8,10,0,7,5,8,0,6,3,0,0,1,9,6,1,10,0,5,4,10,2,8,0,0,7,10,7,8,3,9,6,1,9,3,10,1,10,2,0,6,0,2,1,7,0,7,7,5,0,9,3,6,4,2,6,3,4,9,2,0,7,6,3,0,6,3,0
n319,4,8,6,8,10,0,7,5,0,0,6,3,0,0,1,9,6,1,10,0,5,6,10,2,8,0,0,7,10,7,8,3,9,6,1,9,3,10,1,10,2,1,6,0,2,1,7,0,7,7,5,0,9,3,6,4,0,6,3,4,9,2,0,7,6,3,0,6,3,0
n322,4,8,6,8,10,0,7,5,0,0,6,3,0,3,1,9,6,1,10,0,5,0,10,2,8,0,0,7,9,7,8,3,0,6,1,9,3,10,1,10,2,0,6,0,2,1,7,0,7,7,5,6,9,0,6,4,0,6,3,4,9,2,1,7,6,3,0,6,0,2
n321,4,8,6,8,10,0,7,5,0,0,6,3,0,7,1,9,6,1,10,0,5,9,10,2,8,0,0,7,6,7,8,3,0,6,1,9,3,10,1,10,2,0,6,0,2,1,7,0,7,7,5,0,9,0,6,4,0,6,3,4,9,2,1,7,6,3,0,6,0,0
n332,4,8,6,8,7,2,7,1,6,1,0,3,1,2,1,9,6,1,10,1,5,5,10,2,8,10,3,7,0,2,8,0,7,6,9,0,7,0,1,10,5,6,1,9,2,1,7,3,7,7,5,1,9,9,6,0,0,2,3,4,9,2,8,3,0,3,5,6,10,6
n331,4,8,6,8,7,2,7,1,0,1,4,3,1,2,1,9,6,1,10,1,5,5,10,2,8,10,3,7,0,2,8,0,7,6,9,0,7,4,1,10,0,6,1,9,2,1,7,3,7,7,5,1,9,9,6,8,0,2,3,4,9,2,8,3,0,3,5,6,10,6
n334,4,8,6,8,7,0,7,1,0,9,5,3,0,0,1,9,6,1,10,1,5,5,10,2,8,10,3,7,0,2,8,9,7,6,9,0,7,0,1,10,0,6,1,9,2,1,7,3,7,7,5,10,9,0,6,0,0,0,3,4,9,2,8,0,0,3,5,6,10,1
n333,4,8,6,8,7,0,7,1,0,0,0,3,0,0,1,9,6,1,10,1,5,5,10,2,8,10,3,7,0,2,8,9,7,6,9,0,7,9,1,10,0,6,1,9,2,1,7,3,7,7,5,10,9,0,6,0,0,0,3,4,9,2,8,8,0,3,5,6,10,0
n338,4,8,6,8,7,10,7,1,10,0,0,3,0,3,1,9,6,1,10,0,5,5,10,2,8,0,3,7,9,2,8,0,7,6,9,4,7,4,1,10,0,6,1,9,2,1,7,3,7,7,5,0,9,8,6,0,7,0,3,4,9,2,8,7,0,3,5,6,10,0
n337,4,8,6,8,7,10,7,1,10,0,0,3,0,0,1,9,6,1,10,0,5,5,10,2,8,4,3,7,0,2,8,0,7,6,9,4,7,4,1,10,0,6,1,9,2,1,7,3,7,7,5,0,9,8,6,0,0,0,3,4,9,2,8,2,0,3,5,6,10,0
n340,4,8,6,8,7,0,7,1,8,0,0,3,0,0,1,9,6,1,10,0,5,5,10,2,8,10,3,7,0,2,8,0,7,6,9,4,7,0,1,10,2,6,1,9,2,1,7,3,7,7,5,0,9,0,6,0,0,0,3,4,9,2,8,1,0,3,5,6,10,8
n339,4,8,6,8,7,0,7,1,0,0,0,3,0,0,1,9,6,1,10,9,5,5,10,2,8,0,3,7,0,2,8,0,7,6,9,4,7,0,1,10,0,6,1,9,2,1,7,3,7,7,5,0,9,0,6,0,0,0,3,4,9,2,8,1,3,3,5,6,10,0
n346,4,8,6,8,1,0,7,1,0,3,9,3,0,0,1,9,6,1,10,0,5,5,10,2,8,0,3,7,6,2,8,9,7,6,9,7,7,8,1,10,7,0,1,0,2,1,7,3,7,7,5,0,9,0,6,7,7,10,3,4,9,2,8,5,0,3,5,10,10,4
n345,4,8,6,8,1,0,7,1,0,0,9,3,0,0,1,9,6,1,10,0,5,5,10,2,8,0,3,7,6,2,8,9,7,6,9,7,7,8,1,10,7,0,1,1,2,1,7,3,7,7,5,0,9,4,6,7,7,10,3,4,9,2,8,5,0,3,5,10,10,4
n348,4,8,6,8,1,10,7,1,6,0,9,3,0,0,1,9,6,1,10,0,5,5,10,2,8,0,3,7,6,2,8,0,7,6,9,7,7,8,1,10,3,0,1,9,2,1,7,3,7,7,5,0,9,0,6,7,0,10,3,4,9,2,0,5,5,3,5,0,10,0
n347,4,8,6,8,1,0,7,1,6,0,9,3,0,0,1,9,6,1,10,0,5,5,10,2,8,7,3,7,6,2,8,0,7,6,9,7,7,8,1,10,0,0,1,3,2,1,7,3,7,7,5,0,9,0,6,7,0,10,3,4,9,2,10,5,0,3,5,0,10,0
n352,4,8,6,8,1,6,7,1,0,6,0,3,7,0,1,9,6,1,10,3,5,5,10,2,8,8,3,7,6,2,8,1,7,6,9,0,7,10,1,10,8,4,1,6,2,1,7,3,7,7,5,0,9,4,6,7,5,10,3,4,9,2,0,0,0,3,5,0,10,0
n351,4,8,6,8,1,6,7,1,0,0,0,3,7,0,1,9,6,1,10,3,5,5,10,2,8,8,3,7,6,2,8,1,7,6,9,0,7,0,1,10,8,0,1,6,2,1,7,3,7,7,5,0,9,4,6,7,5,10,3,4,9,2,0,0,0,3,5,1,10,0
n354,4,8,6,8,1,6,7,1,9,8,0,3,7,9,1,9,6,1,10,3,5,5,10,2,8,2,3,7,6,2,8,1,7,6,9,7,7,0,1,10,8,9,1,7,2,1,7,3,7,7,5,0,9,4,6,0,5,10,3,4,9,2,0,0,10,3,5,7,10,0
n353,4,8,6,8,1,6,7,1,0,8,0,3,7,9,1,9,6,1,10,3,5,5,10,2,8,2,3,7,6,2,8,1,7,6,9,7,7,0,1,10,8,9,1,7,2,1,7,3,7,7,5,3,9,4,6,0,5,10,3,4,9,2,0,0,10,3,5,7,10,0
n362,4,8,6,8,7,0,7,10,2,2,0,3,3,9,1,9,6,1,10,9,5,4,10,2,8,3,0,7,6,6,8,4,7,6,9,9,8,0,1,10,8,2,9,8,2,1,7,0,7,7,5,0,9,6,6,0,0,6,3,4,9,2,4,6,0,3,5,0,10,2
n361,4,8,6,8,7,10,7,10,2,4,7,3,3,9,1,9,6,1,10,9,5,4,10,2,8,0,0,7,0,6,8,4,7,6,9,9,8,0,1,10,8,0,0,8,2,1,7,0,7,7,5,6,9,6,6,0,0,6,3,4,9,2,4,6,0,3,5,0,10,2
n364,4,8,6,8,7,0,7,10,2,0,10,3,3,9,1,9,6,1,10,0,5,4,10,2,8,7,2,7,10,0,8,4,7,6,9,9,8,0,1,10,8,0,2,0,2,1,7,10,7,7,5,0,9,6,6,0,10,0,3,4,9,2,4,6,0,3,5,0,10,2
n363,4,8,6,8,7,0,7,10,2,0,0,3,3,9,1,9,6,1,10,0,5,4,10,2,8,7,2,7,0,6,8,4,7,6,9,9,8,0,1,10,8,0,2,0,2,1,7,0,7,7,5,0,9,6,6,0,0,0,3,4,9,2,5,6,0,3,5,0,10,2
n368,4,8,6,8,7,0,7,10,2,0,0,3,3,9,1,9,6,1,10,0,5,4,10,2,8,0,7,7,8,0,8,4,7,6,9,9,10,8,1,10,8,0,9,4,2,1,7,0,7,7,5,0,9,6,6,3,0,0,3,4,9,2,0,6,5,3,5,2,10,2
n367,4,8,6,8,7,0,7,10,2,0,2,3,3,9,1,9,6,1,10,0,5,4,10,2,8,7,0,7,8,0,8,4,7,6,9,9,0,0,1,10,8,0,9,4,2,1,7,0,7,7,5,0,9,6,6,3,0,6,3,4,9,2,6,6,5,3,5,0,10,2
n370,4,8,6,8,7,0,7,10,2,0,0,3,3,9,1,9,6,1,10,0,5,4,10,2,8,0,0,7,8,0,8,4,7,6,9,9,7,3,1,10,8,0,9,10,2,1,7,0,7,7,5,1,9,6,6,3,6,1,3,4,9,2,0,6,5,3,5,6,10,2
n369,4,8,6,8,7,0,7,10,2,0,0,3,3,9,1,9,6,1,10,0,5,4,10,2,8,0,0,7,8,0,8,4,7,6,9,9,0,3,1,10,8,0,9,10,2,1,7,0,7,7,5,0,9,6,6,3,3,1,3,4,9,2,0,6,5,3,5,6,10,2
n376,4,8,6,8,5,5,7,10,0,0,0,3,0,9,1,9,6,1,10,3,5,4,10,2,8,9,10,7,0,0,8,0,7,6,9,9,0,4,1,10,1,0,9,3,2,1,7,0,7,7,5,8,9,0,6,6,0,0,3,4,9,2,1,6,0,3,5,9,10,1
n375,4,8,6,8,5,8,7,10,0,0,0,3,0,9,1,9,6,1,10,3,5,4,10,2,8,9,10,7,6,0,8,0,7,6,9,9,0,4,1,10,1,0,9,3,2,1,7,0,7,7,5,8,9,0,6,6,1,0,3,4,9,2,0,6,0,3,5,9,10,1
n378,4,8,6,8,5,0,7,10,0,0,8,3,0,9,1,9,6,1,10,3,5,4,10,2,8,0,5,7,0,0,8,0,7,6,9,9,0,0,1,10,0,0,0,3,2,1,7,0,7,7,5,8,9,0,6,0,2,0,3,4,9,2,8,6,0,3,5,9,10,0
n377,4,8,6,8,5,5,7,10,0,1,8,3,5,9,1,9,6,1,10,3,5,4,10,2,8,0,2,7,0,1,8,0,7,6,9,9,2,0,1,10,0,0,3,3,2,1,7,0,7,7,5,8,9,0,6,4,0,0,3,4,9,2,8,6,0,3,5,9,10,0
n382,4,8,6,8,1,0,7,10,0,0,0,3,0,9,1,9,6,1,10,3,5,4,10,2,8,0,4,7,0,0,8,10,7,6,9,9,0,0,1,10,0,2,7,3,2,1,7,8,7,7,5,8,9,7,6,4,8,0,3,4,9,2,8,6,0,3,5,9,10,3
n381,4,8,6,8,5,0,7,10,2,0,0,3,0,9,1,9,6,1,10,3,5,4,10,2,8,0,0,7,0,0,8,10,7,6,9,9,0,0,1,10,2,2,0,3,2,1,7,8,7,7,5,8,9,7,6,0,0,0,3,4,9,2,8,6,0,3,5,9,10,3
n384,4,8,6,8,0,0,7,10,0,0,0,3,0,9,1,9,6,1,10,3,5,4,10,2,8,0,0,7,0,0,8,0,7,6,9,9,0,0,1,10,0,0,0,3,2,1,7,8,7,7,5,8,9,7,6,5,0,0,3,4,9,2,8,6,0,3,5,9,10,3
n383,4,8,6,8,5,1,7,10,0,0,0,3,0,9,1,9,6,1,10,3,5,4,10,2,8,0,0,7,0,0,8,0,7,6,9,9,5,9,1,10,0,0,0,3,2,1,7,8,7,7,5,8,9,7,6,5,0,0,3,4,9,2,8,6,0,3,5,9,10,3
n396,4,8,10,6,8,9,7,0,3,0,0,6,2,4,1,9,6,1,10,0,2,4,10,2,8,10,8,7,1,0,2,0,4,6,0,9,8,7,1,10,1,1,0,1,0,3,10,2,7,7,8,6,9,0,5,5,0,10,3,4,9,2,9,5,2,3,9,4,0,2
n395,4,8,10,6,8,9,7,0,3,0,0,6,2,4,1,9,6,1,10,0,2,4,10,2,8,10,8,7,1,0,2,6,0,6,0,9,8,7,1,10,1,0,0,1,0,3,10,2,7,7,8,6,9,0,5,5,0,10,3,4,9,2,9,5,2,3,9,4,0,2
n398,4,8,10,6,8,9,7,1,3,0,6,0,2,4,1,9,6,1,10,0,2,4,10,2,8,10,8,7,1,0,0,0,10,6,0,9,8,7,1,10,1,0,0,1,8,3,10,2,7,7,8,0,9,7,5,5,0,10,3,4,9,2,0,5,2,3,9,4,0,2
n397,4,8,10,6,8,9,7,1,3,0,0,0,2,4,1,9,6,1,10,0,2,4,10,2,8,10,8,7,1,0,0,0,10,6,5,9,8,7,1,10,1,2,0,1,8,3,10,2,7,7,8,0,9,0,5,5,4,10,3,4,9,2,0,5,2,3,9,4,0,2
n402,4,8,10,6,8,5,7,0,3,6,0,0,2,4,1,9,6,1,10,2,2,0,10,2,8,10,8,7,1,5,8,0,0,6,0,9,1,7,1,10,1,0,0,0,0,3,10,2,7,7,8,2,9,0,5,5,0,10,3,4,9,2,0,6,2,3,0,4,0,2
n401,4,8,10,6,8,5,7,7,3,6,0,8,2,4,1,9,6,1,10,2,2,0,10,2,8,10,8,7,1,5,0,0,3,6,0,9,1,7,1,10,1,0,0,0,0,3,10,2,7,7,8,2,9,0,5,5,0,10,3,4,9,2,0,6,2,3,0,4,0,2
n404,4,8,10,6,8,5,7,0,3,6,1,0,2,4,1,9,6,1,10,9,2,0,10,2,8,10,8,7,1,5,0,0,0,6,0,9,1,7,1,10,1,0,5,10,0,3,10,2,7,7,8,2,9,0,5,5,6,10,3,4,9,2,9,0,2,3,0,4,0,2
n403,4,8,10,6,8,5,7,0,3,6,1,0,2,4,1,9,6,1,10,9,2,0,10,2,8,10,8,7,1,5,0,0,0,6,6,9,1,7,1,10,1,0,5,0,0,3,10,2,7,7,8,2,9,6,5,5,0,10,3,4,9,2,9,0,2,3,3,4,0,2
n410,4,8,10,6,8,7,7,1,7,10,7,0,2,4,1,9,6,1,10,0,2,1,10,2,8,10,8,7,1,0,0,4,2,6,2,9,10,7,1,10,1,3,1,0,0,3,0,2,7,7,8,8,9,2,10,0,7,10,3,4,9,2,0,6,2,3,0,9,5,2
n409,4,8,10,6,8,7,7,1,7,10,7,0,2,4,1,9,6,1,10,8,2,1,10,2,8,10,8,7,1,0,0,4,0,6,0,9,10,7,1,10,1,3,1,0,7,3,0,2,7,7,8,0,9,2,0,0,0,10,3,4,9,2,0,6,2,3,6,9,5,2
n412,4,8,10,6,8,7,7,10,7,0,0,1,2,4,1,9,6,1,10,1,2,1,10,2,8,10,8,7,1,2,0,4,0,6,0,9,0,7,1,10,1,3,1,0,10,3,0,2,7,7,8,0,9,2,0,0,0,10,3,4,9,2,1,6,2,3,0,9,5,2
n411,4,8,10,6,8,7,7,10,7,0,0,1,2,4,1,9,6,1,10,0,2,1,10,2,8,10,8,7,1,2,0,4,0,6,0,9,0,7,1,10,1,3,1,0,10,3,0,2,7,7,8,0,9,2,0,8,8,10,3,4,9,2,0,6,2,3,0,9,5,2
n416,4,8,10,6,8,10,7,0,7,0,0,5,2,4,1,9,6,1,10,10,2,3,10,2,8,10,8,7,1,1,9,4,0,6,0,9,0,7,1,10,1,0,1,0,8,3,0,2,7,7,8,0,9,2,0,10,0,10,3,4,9,2,0,6,2,3,6,5,5,2
n415,4,8,10,6,8,10,7,0,7,0,0,5,2,4,1,9,6,1,10,0,2,3,10,2,8,10,8,7,1,1,9,4,8,6,0,9,0,7,1,10,1,10,1,0,0,3,8,2,7,7,8,0,9,2,0,0,0,10,3,4,9,2,0,6,2,3,0,5,5,2
n418,4,8,10,6,8,0,7,4,7,2,0,0,2,4,1,9,6,1,10,0,2,3,10,2,8,10,8,7,1,1,9,4,1,6,1,9,6,7,1,10,1,0,1,0,2,3,0,2,7,7,8,0,9,2,1,6,0,10,3,4,9,2,0,6,2,3,0,0,5,2
n417,4,8,10,6,8,10,7,4,7,0,0,0,2,4,1,9,6,1,10,0,2,3,10,2,8,10,8,7,1,1,9,4,0,6,1,9,6,7,1,10,1,0,1,0,2,3,0,2,7,7,8,0,9,2,0,10,0,10,3,4,9,2,0,6,2,3,0,0,5,2
n426,4,8,10,8,5,10,7,8,2,4,0,0,5,4,1,9,6,1,10,4,2,3,10,2,8,10,8,7,1,0,6,1,7,6,2,0,10,7,1,10,1,1,0,3,2,9,1,2,7,7,8,0,9,0,2,0,0,10,3,4,9,2,5,6,2,3,1,0,4,2
n425,4,8,10,8,5,10,7,0,0,4,0,0,5,4,1,9,6,1,10,0,2,0,10,2,8,10,8,7,1,0,6,1,7,6,2,0,10,7,1,10,1,1,0,0,2,9,1,2,7,7,8,0,9,0,2,10,0,10,3,4,9,2,5,6,2,3,0,0,0,2
n428,4,8,10,8,0,10,7,0,0,0,1,0,5,4,1,9,6,1,10,3,2,4,10,2,8,10,8,7,1,10,6,1,0,6,0,0,10,7,1,10,1,1,0,0,2,9,1,2,7,7,8,0,9,0,0,8,0,10,3,4,9,2,5,6,2,3,0,0,3,2
n427,4,8,10,8,0,10,7,8,0,0,1,0,5,4,1,9,6,1,10,3,2,0,10,2,8,10,8,7,1,10,6,1,8,6,0,0,10,7,1,10,1,1,0,0,2,9,1,2,7,7,8,0,9,0,0,8,0,10,3,4,9,2,5,6,2,3,0,0,3,2
n432,4,8,10,8,10,10,7,0,9,1,0,0,5,4,1,9,6,1,10,0,2,0,10,2,8,10,8,7,1,7,0,1,5,6,10,0,10,7,1,10,1,1,0,8,2,0,1,2,7,7,8,4,9,2,0,0,4,10,3,4,9,2,5,6,2,3,3,10,0,2
n431,4,8,10,8,0,10,7,9,9,1,0,0,5,4,1,9,6,1,10,0,2,0,10,2,8,10,8,7,1,7,0,1,5,6,10,1,10,7,1,10,1,1,0,0,2,0,1,2,7,7,8,3,9,2,0,0,4,10,3,4,9,2,5,6,2,3,3,10,0,2
n434,4,8,10,8,0,10,7,0,9,1,9,0,5,4,1,9,6,1,10,0,2,0,10,2,8,10,8,7,1,7,1,1,0,6,10,3,10,7,1,10,1,1,0,0,2,3,1,2,7,7,8,8,9,2,9,0,4,10,3,4,9,2,5,6,2,3,3,10,0,2
n433,4,8,10,8,4,10,7,0,9,1,9,0,5,4,1,9,6,1,10,0,2,0,10,2,8,10,8,7,1,7,1,1,0,6,10,0,10,7,1,10,1,1,3,0,2,3,1,2,7,7,8,8,9,2,0,0,4,10,3,4,9,2,5,6,2,3,3,10,9,2
n440,4,8,10,0,10,7,7,0,0,0,0,5,0,4,1,9,6,1,10,10,2,0,10,2,8,10,8,7,1,10,2,0,0,6,6,4,0,7,1,10,1,1,1,7,5,0,1,2,7,7,8,0,9,0,0,0,0,10,3,4,9,2,5,0,2,3,9,0,4,2
n439,4,8,10,0,10,7,7,0,8,0,0,5,9,4,1,9,6,1,10,10,2,0,10,2,8,10,8,7,1,10,2,0,0,6,5,4,0,7,1,10,1,1,1,7,5,0,1,2,7,7,8,1,9,0,0,0,0,10,3,4,9,2,5,0,2,3,9,0,4,2
n442,4,8,10,0,10,7,7,9,0,0,0,5,0,4,1,9,6,1,10,0,2,0,10,2,8,10,8,7,1,0,2,0,0,6,0,4,0,7,1,10,1,1,8,0,5,0,1,2,7,7,8,10,9,0,0,0,5,10,3,4,9,2,5,0,2,3,0,0,4,2
n441,4,8,10,0,10,7,7,9,0,0,0,5,0,4,1,9,6,1,10,4,2,0,10,2,8,10,8,7,1,0,2,0,0,6,0,4,0,7,1,10,1,1,8,0,5,0,1,2,7,7,8,10,9,0,0,9,6,10,3,4,9,2,5,0,2,3,0,0,4,2
n446,4,8,10,0,9,0,7,0,5,10,1,0,0,4,1,9,6,1,10,0,2,0,10,2,8,10,8,7,1,0,2,3,0,6,4,4,10,7,1,10,1,1,0,0,0,0,1,2,7,7,8,0,9,8,8,0,0,10,3,4,9,2,5,8,2,3,5,0,7,2
n445,4,8,10,0,9,0,7,0,5,10,4,0,3,4,1,9,6,1,10,0,2,0,10,2,8,10,8,7,1,0,2,3,0,6,4,4,0,7,1,10,1,1,0,0,1,0,1,2,7,7,8,0,9,8,0,4,0,10,3,4,9,2,5,0,2,3,5,0,7,2
n448,4,8,10,0,0,0,7,0,0,10,0,0,9,4,1,9,6,1,10,4,2,0,10,2,8,10,8,7,1,0,2,0,6,6,2,4,0,7,1,10,1,1,5,3,0,9,1,2,7,7,8,9,9,8,8,0,6,10,3,4,9,2,5,0,2,3,0,0,7,2
n447,4,8,10,0,0,0,7,0,8,10,0,0,6,4,1,9,6,1,10,4,2,0,10,2,8,10,8,7,1,0,2,0,2,6,2,4,5,7,1,10,1,1,5,3,7,9,1,2,7,7,8,0,9,8,0,0,2,10,3,4,9,2,5,0,2,3,0,0,7,2
n458,4,2,4,3,0,1,7,0,1,10,5,5,0,4,1,9,6,1,10,10,2,8,10,2,8,10,8,7,0,10,9,3,2,6,2,9,1,7,1,10,1,10,10,2,10,3,0,3,7,7,8,1,9,4,6,2,9,10,3,4,9,2,8,7,2,3,10,7,6,6
n457,4,2,4,0,0,1,7,0,1,0,0,0,0,4,1,9,6,1,10,10,2,8,10,2,8,10,8,7,0,10,9,0,2,6,2,9,1,7,1,10,1,10,10,2,10,3,7,3,7,7,8,1,9,4,1,2,9,10,3,4,9,2,8,7,2,3,10,7,6,6
n460,4,0,0,0,7,1,7,0,1,0,9,0,0,4,1,9,6,1,10,10,2,8,10,2,8,10,8,7,0,10,9,0,2,6,2,9,1,7,1,10,1,0,10,2,10,3,0,3,7,7,8,1,9,4,0,2,9,10,3,4,9,2,8,0,2,3,10,7,6,6
n459,4,0,0,0,5,1,7,0,1,0,9,0,1,4,1,9,6,1,10,10,2,8,10,2,8,10,8,7,0,10,9,0,2,6,2,9,1,7,1,10,1,0,10,2,10,3,0,3,7,7,8,1,9,4,0,2,9,10,3,4,9,2,8,0,2,3,10,7,6,6
n464,4,10,0,4,0,1,7,8,1,4,0,0,0,4,1,9,6,1,10,10,2,8,10,2,8,10,8,7,0,10,9,6,2,6,2,0,0,7,1,10,1,8,10,0,10,3,0,3,7,7,8,9,9,4,1,2,9,10,3,4,9,2,8,0,2,3,5,7,6,6
n463,4,10,6,4,0,1,7,8,1,4,0,0,0,4,1,9,6,1,10,10,2,8,10,2,8,10,8,7,7,10,9,6,2,6,2,0,0,7,1,10,1,8,10,0,10,3,0,3,7,7,8,9,9,4,1,2,9,10,3,4,9,2,8,0,2,3,5,7,6,6
n466,4,0,3,4,0,1,7,0,1,0,3,0,0,4,1,9,6,1,10,10,2,8,10,2,8,10,8,7,0,10,9,0,2,6,2,0,4,7,1,10,1,0,10,0,10,3,0,3,7,7,8,0,9,4,1,2,9,10,3,4,9,2,8,0,2,3,5,7,6,6
n465,4,0,0,4,2,1,7,0,1,0,3,0,0,4,1,9,6,1,10,10,2,8,10,2,8,10,8,7,0,10,9,0,2,6,2,0,0,7,1,10,1,1,10,1,10,3,0,3,7,7,8,4,9,4,1,2,9,10,3,4,9,2,8,7,2,3,5,7,6,6
n472,4,0,0,7,5,5,7,3,1,5,8,0,7,4,1,9,6,1,10,4,2,8,10,2,8,10,8,7,8,10,9,10,2,6,2,8,0,7,1,10,1,0,8,0,10,0,4,3,7,7,8,0,9,4,3,2,2,10,3,4,9,2,0,4,2,3,8,7,5,4
n471,4,0,0,7,5,5,7,3,1,5,8,0,7,4,1,9,6,1,10,4,2,8,10,2,8,10,8,7,8,10,9,10,2,6,2,8,0,7,1,10,1,0,8,0,10,9,4,3,7,7,8,0,9,4,0,2,0,10,3,4,9,2,0,4,2,3,8,7,0,4
n474,4,0,0,7,0,5,7,3,1,5,8,0,7,4,1,9,6,1,10,4,2,8,10,2,8,10,8,7,0,10,9,0,2,6,2,8,0,7,1,10,1,0,0,0,10,0,4,3,7,7,8,0,9,4,4,2,0,10,3,4,9,2,0,4,2,3,0,7,0,4
n473,4,0,0,7,0,5,7,3,1,5,8,10,7,4,1,9,6,1,10,4,2,8,10,2,8,10,8,7,0,10,9,0,2,6,2,8,0,7,1,10,1,0,0,0,10,0,4,3,7,7,8,0,9,4,4,2,0,10,3,4,9,2,0,4,2,3,10,7,3,4
n478,4,0,0,0,10,5,7,3,1,5,3,0,0,4,1,9,6,1,10,4,2,8,10,2,8,10,8,7,10,10,9,0,2,6,2,8,8,7,1,10,1,0,3,7,10,0,0,3,7,7,8,10,9,4,0,2,0,10,3,4,9,2,4,4,2,3,9,7,0,4
n477,4,0,0,0,10,5,7,3,1,5,3,0,3,4,1,9,6,1,10,4,2,8,10,2,8,10,8,7,0,10,9,0,2,6,2,8,8,7,1,10,1,0,3,7,10,8,0,3,7,7,8,10,9,4,7,2,0,10,3,4,9,2,3,4,2,3,9,7,0,4
n480,4,5,0,0,3,5,7,3,1,5,0,0,1,4,1,9,6,1,10,4,2,8,10,2,8,10,8,7,0,10,9,0,2,6,2,8,8,7,1,10,1,0,7,7,10,0,1,3,7,7,8,0,9,4,0,2,0,10,3,4,9,2,6,4,2,3,9,7,4,4
n479,4,5,0,6,3,5,7,3,1,5,0,0,1,4,1,9,6,1,10,4,2,8,10,2,8,10,8,7,0,10,9,0,2,6,2,8,8,7,1,10,1,0,0,7,10,0,1,3,7,7,8,0,9,4,0,2,0,10,3,4,9,2,6,4,2,3,9,7,0,4
n488,4,0,3,0,9,6,7,3,3,1,9,0,0,4,1,9,6,1,10,8,2,8,10,2,8,10,8,7,10,10,8,1,2,6,2,4,0,7,1,10,1,0,0,3,10,0,1,3,7,7,8,0,9,4,6,5,10,10,3,4,9,2,0,10,2,3,0,2,9,4
n487,4,0,3,0,0,6,7,3,3,1,9,0,7,4,1,9,6,1,10,2,2,8,10,2,8,10,8,7,10,10,8,1,2,6,2,4,0,7,1,10,1,9,0,3,10,0,0,3,7,7,8,0,9,4,6,5,0,10,3,4,9,2,0,10,2,3,0,2,9,4
n490,4,0,3,2,0,0,7,3,0,1,9,4,3,4,1,9,6,1,10,8,2,8,10,2,8,10,8,7,10,10,8,1,0,6,2,4,3,7,1,10,1,10,4,3,10,4,0,3,7,7,8,4,9,4,6,5,0,10,3,4,9,2,0,10,2,3,0,2,9,4
n489,4,0,3,2,8,0,7,3,0,1,9,4,0,4,1,9,6,1,10,0,2,8,10,2,8,10,8,7,10,10,8,1,0,6,2,4,3,7,1,10,1,10,0,3,10,10,0,3,7,7,8,4,9,4,6,5,6,10,3,4,9,2,5,10,2,3,6,2,9,4
n494,4,6,6,0,0,0,7,0,9,0,0,9,10,4,1,9,6,1,10,3,2,8,10,2,8,10,8,7,10,10,0,1,7,6,2,0,3,7,1,10,1,1,1,3,10,4,9,3,7,7,8,0,9,4,6,2,3,10,3,4,9,2,2,10,2,3,0,2,0,4
n493,4,0,6,0,10,0,7,0,9,6,9,9,10,4,1,9,6,1,10,3,2,8,10,2,8,10,8,7,10,10,0,1,7,6,2,0,3,7,1,10,1,0,10,3,10,0,9,3,7,7,8,0,9,4,6,2,3,10,3,4,9,2,2,10,2,3,0,2,8,4
n496,4,0,0,0,0,0,7,0,0,3,0,0,10,4,1,9,6,1,10,7,2,8,10,2,8,10,8,7,10,10,0,1,0,6,2,0,3,7,1,10,1,0,6,3,10,0,2,3,7,7,8,0,9,4,6,0,3,10,3,4,9,2,2,10,2,3,0,2,9,4
n495,4,0,0,0,0,0,7,0,0,0,0,0,10,4,1,9,6,1,10,7,2,8,10,2,8,10,8,7,10,10,0,1,0,6,2,0,3,7,1,10,1,0,0,3,10,0,0,3,7,7,8,0,9,4,6,4,3,10,3,4,9,2,2,10,2,3,0,2,9,4
n502,4,0,7,0,6,10,7,0,2,4,0,0,0,4,1,9,6,1,10,1,2,8,10,2,8,10,8,7,6,10,0,1,9,6,2,9,5,7,1,10,1,9,8,0,10,0,0,3,7,7,8,7,9,4,1,0,0,10,3,4,9,2,0,10,2,3,0,3,0,4
n501,4,5,7,9,6,0,7,0,2,4,0,0,0,4,1,9,6,1,10,1,2,8,10,2,8,10,8,7,0,10,0,1,9,6,2,9,5,7,1,10,1,9,8,0,10,0,0,3,7,7,8,7,9,4,0,0,0,10,3,4,9,2,9,10,2,3,0,3,0,4
n504,4,0,7,10,6,0,7,0,2,0,0,0,0,4,1,9,6,1,10,8,2,8,10,2,8,10,8,7,1,10,4,1,9,6,2,9,5,7,1,10,1,9,8,0,10,0,0,3,7,7,8,7,9,4,0,9,0,10,3,4,9,2,0,10,2,3,0,3,6,4
n503,4,1,7,0,6,9,7,3,2,0,0,0,0,4,1,9,6,1,10,8,2,8,10,2,8,10,8,7,0,10,4,1,9,6,2,9,5,7,1,10,1,9,8,0,10,0,0,3,7,7,8,7,9,4,5,0,0,10,3,4,9,2,0,10,2,3,0,3,8,4
n508,4,0,7,0,0,3,7,2,2,0,0,9,0,4,1,9,6,1,10,0,2,8,10,2,8,10,8,7,0,10,5,1,9,6,2,4,9,7,1,10,1,0,6,0,10,0,0,3,7,7,8,0,9,4,0,0,0,10,3,4,9,2,0,10,2,3,0,0,0,4
n507,4,0,7,5,0,3,7,2,2,0,0,9,0,4,1,9,6,1,10,3,2,8,10,2,8,10,8,7,7,10,5,1,9,6,2,4,9,7,1,10,1,0,6,0,10,0,5,3,7,7,8,0,9,4,0,3,0,10,3,4,9,2,0,10,2,3,0,5,0,4
n510,4,0,7,6,0,0,7,2,2,0,0,9,0,4,1,9,6,1,10,0,2,8,10,2,8,10,8,7,0,10,0,1,9,6,2,0,9,7,1,10,1,0,6,0,10,4,3,3,7,7,8,0,9,4,8,0,0,10,3,4,9,2,0,10,2,3,0,0,9,4
n509,4,0,7,6,3,7,7,2,2,0,0,9,0,4,1,9,6,1,10,0,2,8,10,2,8,10,8,7,0,10,0,1,9,6,2,0,9,7,1,10,1,0,6,0,10,4,3,3,7,7,8,0,9,4,0,0,0,10,3,4,9,2,9,10,2,3,0,0,8,4
