cell,r1,r2,r3,r4,r5,r6,r7,r8,r9,r10,r11,r12,r13,r14,r15,r16,r17,r18,r19,r20,r21,r22,r23,r24,r25,r26,r27,r28,r29,r30,r31,r32,r33,r34,r35,r36,r37,r38,r39,r40,r41,r42,r43,r44,r45,r46,r47,r48,r49,r50,r51,r52,r53,r54,r55,r56,r57,r58,r59,r60,r61,r62,r63,r64,r65,r66,r67,r68,r69,r70,r71,r72,r73,r74,r75,r76,r77,r78,r79,r80,r81,r82,r83,r84,r85,r86,r87,r88,r89,r90
n16,6,9,4,10,5,3,6,8,9,9,3,10,4,7,10,5,8,3,0,1,8,5,3,3,10,9,2,2,0,9,8,8,9,7,3,6,5,3,0,7,0,1,0,6,5,10,0,3,2,4,3,9,9,5,5,0,0,10,0,7,0,9,8,10,3,8,7,0,6,7,10,1,0,2,3,0,1,2,7,0,2,1,2,9,6,4,3,6,3,6
n15,6,9,4,10,5,0,6,8,9,9,3,10,4,7,10,5,8,3,0,1,8,5,3,3,10,0,2,2,2,9,8,8,9,7,3,6,5,3,0,7,0,1,0,6,5,10,0,3,2,4,3,9,9,5,5,0,0,0,0,7,0,9,8,10,3,8,7,0,6,7,10,1,0,2,3,0,1,2,7,8,2,1,2,9,6,4,3,6,3,6
n18,6,9,4,10,5,0,6,8,9,9,3,10,4,7,10,5,8,3,8,1,8,5,3,3,10,0,2,2,5,9,8,8,9,7,3,6,5,3,0,7,0,1,6,6,5,10,0,3,2,4,3,9,9,5,5,0,6,0,0,7,8,9,8,10,3,8,7,0,6,7,10,1,0,0,3,0,1,2,7,0,2,1,2,9,6,4,3,6,3,0
n17,6,9,4,10,5,0,6,8,9,9,3,10,4,7,10,5,8,3,8,1,8,5,3,3,10,0,2,2,5,9,8,8,9,7,3,6,5,3,0,7,0,1,0,6,5,10,3,3,2,4,3,9,9,5,5,6,6,4,0,7,8,9,8,10,3,8,7,4,6,7,10,1,0,0,3,0,1,2,7,0,2,1,2,9,6,4,3,6,3,1
n22,6,9,2,10,5,0,6,8,4,9,5,0,4,7,10,5,8,3,0,1,8,5,3,3,10,2,2,2,0,9,8,8,9,7,3,6,5,3,8,7,5,1,4,6,5,10,7,3,2,4,3,9,9,5,5,4,0,3,1,7,0,9,8,10,3,0,7,3,6,7,10,1,10,0,3,0,1,2,7,9,2,1,2,9,6,4,3,6,3,0
n21,6,9,0,10,5,0,6,8,4,9,9,0,4,7,10,5,8,3,0,1,8,5,3,3,10,2,2,2,0,9,8,8,9,7,3,6,5,3,0,7,5,1,4,6,5,10,7,3,2,4,3,9,9,5,5,4,4,0,0,7,1,9,8,10,3,0,7,3,6,7,10,1,10,0,3,0,1,2,7,9,2,1,2,9,6,4,3,6,3,0
n24,6,9,0,10,5,0,6,8,4,9,0,5,4,7,10,5,8,3,0,1,8,5,3,3,10,2,2,2,0,9,8,8,0,7,3,6,5,3,8,7,0,1,0,6,5,10,7,3,2,4,3,9,9,5,5,4,0,0,0,7,5,9,8,10,3,0,7,0,6,7,10,1,10,0,3,4,1,2,7,7,2,1,2,9,6,4,3,6,3,0
n23,6,9,2,10,5,0,6,8,4,9,0,5,4,7,10,5,8,3,2,1,8,5,3,3,10,2,2,2,0,9,8,8,0,7,3,6,5,3,8,7,6,1,0,6,5,10,7,3,2,4,3,9,9,5,5,4,0,0,0,7,0,9,8,10,3,0,7,5,6,7,10,1,10,0,3,4,1,2,7,7,2,1,2,9,6,4,3,6,3,0
n30,6,9,0,10,5,4,6,8,0,9,6,9,4,7,10,5,8,3,0,1,8,5,3,3,10,0,2,2,9,9,8,8,0,7,3,6,5,3,0,7,4,1,1,6,5,10,0,2,2,4,3,9,9,5,5,1,5,3,0,7,0,9,8,10,3,0,4,0,6,7,10,1,0,6,3,0,1,2,7,2,2,1,2,9,6,4,3,6,3,4
n29,6,9,0,10,5,4,6,8,0,9,6,0,4,7,10,5,8,3,0,1,8,5,3,3,10,0,2,2,9,9,8,8,0,7,3,6,5,3,0,7,4,1,0,6,5,10,0,2,2,4,3,9,9,5,5,1,5,3,0,7,0,9,8,10,3,0,4,0,6,7,10,1,0,6,3,0,1,2,7,2,2,1,2,9,6,4,3,6,3,4
n32,6,9,0,10,5,4,6,8,0,9,6,0,4,7,10,5,8,3,0,1,8,5,3,3,10,0,2,2,9,9,8,8,0,7,3,6,5,3,0,7,4,1,0,6,5,10,0,0,2,4,3,9,9,5,5,0,5,3,0,7,5,9,8,10,3,0,4,0,6,7,10,1,0,6,3,0,1,2,7,2,2,1,2,9,6,4,3,6,3,4
n31,6,9,3,10,5,4,6,8,0,9,6,3,4,7,10,5,8,3,2,1,8,5,3,3,10,0,2,2,9,9,8,8,0,7,3,6,5,3,0,7,4,1,0,6,5,10,4,0,2,4,3,9,9,5,5,0,5,3,0,7,0,9,8,10,3,0,4,0,6,7,10,1,0,6,3,1,1,2,7,2,2,1,2,9,6,4,3,6,3,4
n36,6,9,0,10,5,4,6,8,7,9,1,10,4,7,10,5,8,3,0,1,8,5,3,3,10,0,2,2,0,9,8,8,0,7,3,6,5,3,5,7,4,1,0,6,5,10,3,0,2,4,3,9,9,5,5,6,5,0,0,7,0,9,8,10,3,1,0,0,6,7,10,1,2,0,3,0,1,2,7,2,2,1,2,9,6,4,3,6,3,4
n35,6,9,0,10,5,4,6,8,7,9,1,10,4,7,10,5,8,3,0,1,8,5,3,3,10,0,2,2,0,9,8,8,0,7,3,6,5,3,5,7,4,1,0,6,5,10,3,0,2,4,3,9,9,5,5,6,5,0,0,7,0,9,8,10,3,0,0,0,6,7,10,1,2,8,3,0,1,2,7,2,2,1,2,9,6,4,3,6,3,4
n38,6,9,10,10,5,4,6,8,7,9,1,10,4,7,10,5,8,3,7,1,8,5,3,3,10,0,2,2,1,9,8,8,0,7,3,6,5,3,0,7,4,1,4,6,5,10,0,7,2,4,3,9,9,5,5,6,5,0,0,7,0,9,8,10,3,0,10,0,6,7,10,1,10,0,3,8,1,2,7,2,2,1,2,9,6,4,3,6,3,4
n37,6,9,10,10,5,4,6,8,7,9,1,10,4,7,10,5,8,3,7,1,8,5,3,3,10,0,2,2,1,9,8,8,0,7,3,6,5,3,0,7,4,1,9,6,5,10,0,7,2,4,3,9,9,5,5,6,5,4,4,7,0,9,8,10,3,4,10,0,6,7,10,1,0,0,3,0,1,2,7,2,2,1,2,9,6,4,3,6,3,4
n46,6,9,2,10,5,7,6,8,6,1,9,0,4,7,10,5,8,3,2,1,8,5,3,3,10,1,2,2,0,9,8,8,1,7,3,6,7,3,7,7,8,1,1,6,5,10,0,7,2,4,3,9,9,5,5,10,4,0,0,7,9,9,8,10,3,0,0,8,5,7,10,1,7,4,3,2,1,2,7,3,2,1,0,8,6,4,3,6,3,0
n45,6,9,2,10,5,7,6,8,6,1,9,0,4,7,10,5,8,3,2,1,8,5,3,3,10,1,2,2,0,9,8,8,0,7,3,6,7,3,7,7,8,1,9,6,5,10,0,7,2,4,3,9,9,5,5,10,4,0,0,7,9,9,8,10,3,0,0,8,5,7,10,1,7,4,3,2,1,2,7,3,2,1,0,8,6,4,3,6,3,0
n48,6,9,0,10,5,7,6,8,6,1,9,6,4,7,10,5,8,3,2,1,8,5,3,3,10,3,2,2,0,9,8,8,0,7,3,6,0,3,7,7,8,1,5,6,5,10,0,8,2,4,3,9,9,5,5,10,4,0,7,7,9,9,8,10,3,10,8,0,5,7,10,1,0,0,3,2,1,2,7,0,2,1,0,8,6,4,3,6,3,0
n47,6,9,2,10,5,7,6,8,6,1,9,0,4,7,10,5,8,3,2,1,8,5,3,3,10,0,2,2,0,9,8,8,0,7,3,6,0,3,7,7,8,1,5,6,5,10,0,0,2,4,3,9,9,5,5,10,4,0,0,7,9,9,8,10,3,10,8,0,5,7,10,1,0,0,3,2,1,2,7,0,2,1,0,8,6,4,3,6,3,8
n52,6,9,6,10,5,7,6,8,6,0,0,6,4,7,10,5,8,3,0,1,8,5,3,3,10,0,2,2,0,9,8,8,0,7,3,6,2,3,7,7,8,1,0,6,5,10,0,2,2,4,3,9,9,5,5,10,4,1,0,7,9,9,8,10,3,0,0,3,5,7,10,1,0,0,3,0,1,2,7,0,2,1,4,8,6,4,3,6,3,0
n51,6,9,6,10,5,7,6,8,6,0,0,6,4,7,10,5,8,3,8,1,8,5,3,3,10,0,2,2,2,9,8,8,0,7,3,6,4,3,7,7,8,1,0,6,5,10,0,2,2,4,3,9,9,5,5,10,4,1,0,7,9,9,8,10,3,0,0,3,5,7,10,1,0,9,3,0,1,2,7,0,2,1,2,8,6,4,3,6,3,0
n54,6,9,0,10,5,7,6,8,6,0,4,6,4,7,10,5,8,3,7,1,8,5,3,3,10,0,2,2,0,9,8,8,0,7,3,6,10,3,7,7,8,1,0,6,5,10,0,2,2,4,3,9,9,5,5,10,4,0,8,7,9,9,8,10,3,4,0,3,5,7,10,1,0,0,3,0,1,2,7,0,2,1,2,8,6,4,3,6,3,0
n53,6,9,0,10,5,7,6,8,6,0,0,6,4,7,10,5,8,3,9,1,8,5,3,3,10,0,2,2,0,9,8,8,0,7,3,6,4,3,7,7,8,1,0,6,5,10,0,2,2,4,3,9,9,5,5,10,4,0,8,7,9,9,8,10,3,0,0,3,5,7,10,1,0,0,3,0,1,2,7,0,2,1,2,8,6,4,3,6,3,0
n60,6,9,9,10,5,7,6,8,0,9,5,0,4,7,10,5,8,3,0,1,8,5,3,3,10,5,2,2,0,9,8,8,0,7,3,6,8,3,0,7,4,1,5,6,5,10,0,7,2,4,3,9,9,5,5,0,0,6,0,7,9,9,8,10,3,0,4,1,5,7,10,1,0,0,3,0,1,2,7,0,2,1,0,8,6,4,3,6,3,0
n59,6,9,9,10,5,7,6,8,0,9,0,2,4,7,10,5,8,3,0,1,8,5,3,3,10,5,2,2,0,9,8,8,0,7,3,6,8,3,0,7,4,1,5,6,5,10,0,7,2,4,3,9,9,5,5,0,7,6,1,7,9,9,8,10,3,3,4,1,5,7,10,1,0,0,3,0,1,2,7,0,2,1,0,8,6,4,3,6,3,0
n62,6,9,9,10,5,7,6,8,0,9,0,0,4,7,10,5,8,3,8,1,8,5,3,3,10,0,2,2,0,9,8,8,0,7,3,6,8,3,0,7,4,1,0,6,5,10,0,0,2,4,3,9,9,5,5,0,0,0,5,7,9,9,8,10,3,0,4,1,5,7,10,1,0,0,3,3,1,2,7,0,2,1,0,8,6,4,3,6,3,0
n61,6,9,9,10,5,7,6,8,0,9,0,4,4,7,10,5,8,3,8,1,8,5,3,3,10,8,2,2,0,9,8,8,0,7,3,6,8,3,9,7,4,1,3,6,5,10,6,0,2,4,3,9,9,5,5,0,0,0,5,7,9,9,8,10,3,0,4,1,5,7,10,1,0,8,3,3,1,2,7,0,2,1,0,8,6,4,3,6,3,0
n66,6,9,9,10,5,7,6,8,9,9,0,9,4,7,10,5,8,3,3,1,8,5,3,3,10,0,2,2,9,9,8,8,0,7,3,6,8,3,0,7,4,1,4,6,5,10,3,0,2,4,3,9,9,5,5,4,0,8,0,7,9,9,8,10,3,0,4,1,5,7,10,1,0,8,3,0,1,2,7,0,2,1,9,8,6,4,3,6,3,8
n65,6,9,9,10,5,7,6,8,9,9,0,9,4,7,10,5,8,3,3,1,8,5,3,3,10,4,2,2,9,9,8,8,3,7,3,6,8,3,3,7,4,1,4,6,5,10,3,0,2,4,3,9,9,5,5,3,5,0,0,7,9,9,8,10,3,0,4,1,5,7,10,1,9,8,3,0,1,2,7,0,2,1,9,8,6,4,3,6,3,0
n68,6,9,9,10,5,7,6,8,9,9,0,9,4,7,10,5,8,3,3,1,8,5,3,3,10,8,2,2,9,9,8,8,5,7,3,6,8,3,0,7,4,1,4,6,5,10,3,9,2,4,3,9,9,5,5,0,0,0,0,7,9,9,8,10,3,0,4,1,5,7,10,1,3,8,3,7,1,2,7,3,2,1,9,8,6,4,3,6,3,6
n67,6,9,9,10,5,7,6,8,9,9,0,9,4,7,10,5,8,3,3,1,8,5,3,3,10,9,2,2,9,9,8,8,5,7,3,6,8,3,0,7,4,1,4,6,5,10,0,9,2,4,3,9,9,5,5,2,10,0,0,7,9,9,8,10,3,0,4,1,5,7,10,1,3,8,3,7,1,2,7,0,2,1,9,8,6,4,3,6,3,6
n78,6,10,0,10,10,4,6,8,0,8,8,10,4,7,10,5,8,3,7,1,8,8,3,3,10,1,2,1,1,6,8,0,0,7,3,6,1,3,0,7,0,4,5,6,5,10,5,8,2,4,3,9,9,5,5,3,0,5,0,7,0,8,8,10,3,3,6,0,3,7,10,1,7,7,3,9,1,2,7,0,7,1,5,1,6,4,3,9,3,1
n77,6,10,2,10,10,4,6,8,0,8,8,10,4,7,10,5,8,3,0,1,8,8,3,3,10,1,2,1,1,6,8,10,0,7,3,6,1,3,0,7,0,4,5,6,5,10,5,8,2,4,3,9,9,5,5,3,0,5,6,7,0,8,8,10,3,3,6,0,3,7,10,1,7,7,3,0,1,2,7,0,7,1,5,1,6,4,3,9,3,1
n80,6,10,0,10,10,4,6,8,7,8,8,10,4,7,10,5,8,3,10,1,8,8,3,3,10,8,2,1,1,6,8,4,0,7,3,6,1,3,0,7,0,4,5,6,5,10,0,0,2,4,3,9,9,5,5,3,0,5,3,7,0,8,8,10,3,3,6,2,3,7,10,1,7,7,3,0,1,2,7,1,7,1,5,0,6,4,3,9,3,1
n79,6,10,9,10,10,4,6,8,0,8,8,10,4,7,10,5,8,3,0,1,8,8,3,3,10,8,2,1,1,6,8,4,1,7,3,6,1,3,10,7,0,4,5,6,5,10,0,0,2,4,3,9,9,5,5,3,0,5,0,7,7,8,8,10,3,3,6,0,3,7,10,1,7,7,3,0,1,2,7,1,7,1,5,0,6,4,3,9,3,1
n84,6,10,3,10,0,4,6,8,0,1,0,0,4,7,10,5,8,3,5,1,8,8,3,3,10,0,2,1,1,6,8,3,0,7,3,6,1,3,8,7,5,4,5,6,5,10,0,1,2,4,3,9,9,5,5,3,10,5,4,7,0,8,8,10,3,3,6,0,3,7,10,1,7,7,3,0,1,2,7,3,7,1,5,4,6,4,3,9,3,1
n83,6,10,3,10,0,4,6,8,0,1,0,7,4,7,10,5,8,3,4,1,8,8,3,3,10,0,2,1,1,6,8,0,0,7,3,6,1,3,0,7,5,4,5,6,5,10,0,1,2,4,3,9,9,5,5,3,10,5,4,7,0,8,8,10,3,3,6,8,3,7,10,1,7,7,3,0,1,2,7,0,7,1,5,0,6,4,3,9,3,1
n86,6,10,1,10,0,4,6,8,0,1,0,2,4,7,10,5,8,3,0,1,8,8,3,3,10,0,2,1,1,6,8,0,8,7,3,6,1,3,0,7,5,4,5,6,5,10,0,1,2,4,3,9,9,5,5,3,0,5,6,7,10,8,8,10,3,3,6,1,3,7,10,1,7,7,3,0,1,2,7,9,7,1,5,2,6,4,3,9,3,1
n85,6,10,0,10,0,4,6,8,0,1,0,0,4,7,10,5,8,3,0,1,8,8,3,3,10,0,2,1,1,6,8,0,0,7,3,6,1,3,0,7,5,4,5,6,5,10,0,1,2,4,3,9,9,5,5,3,6,5,6,7,10,8,8,10,3,3,6,1,3,7,10,1,7,7,3,0,1,2,7,9,7,1,5,0,6,4,3,9,3,1
n92,6,10,0,10,2,4,6,8,10,0,10,0,4,7,10,5,8,3,4,1,8,8,3,3,10,0,2,1,1,6,8,4,2,7,3,6,1,3,3,7,9,0,0,6,5,10,0,10,2,4,3,9,9,5,5,3,0,5,0,7,0,8,8,10,3,3,6,0,3,7,10,1,7,7,3,0,1,2,7,0,7,1,5,0,6,4,3,9,3,1
n91,6,10,0,10,2,4,6,8,10,0,10,0,4,7,10,5,8,3,4,1,8,8,3,3,10,7,2,1,1,6,8,4,2,7,3,6,1,3,0,7,9,2,10,6,5,10,0,10,2,4,3,9,9,5,5,3,4,5,0,7,0,8,8,10,3,3,6,0,3,7,10,1,7,7,3,3,1,2,7,0,7,1,5,0,6,4,3,9,3,1
n94,6,10,7,10,2,4,6,8,10,6,7,0,4,7,10,5,8,3,4,1,8,8,3,3,10,1,2,1,1,6,8,0,0,7,3,6,1,3,5,7,0,0,0,6,5,10,0,10,2,4,3,9,9,5,5,3,0,5,6,7,0,8,8,10,3,3,6,0,3,7,10,1,7,7,3,0,1,2,7,1,7,1,5,7,6,4,3,9,3,1
n93,6,10,0,10,2,4,6,8,10,6,7,0,4,7,10,5,8,3,4,1,8,8,3,3,10,1,2,1,1,6,8,0,0,7,3,6,1,3,5,7,0,0,0,6,5,10,0,10,2,4,3,9,9,5,5,3,0,5,6,7,0,8,8,10,3,3,6,0,3,7,10,1,7,7,3,0,1,2,7,8,7,1,5,7,6,4,3,9,3,1
n98,6,10,0,10,2,4,6,8,10,1,5,0,4,7,10,5,8,3,4,1,8,8,3,3,10,8,2,1,1,6,8,1,7,7,3,6,1,3,5,7,3,0,0,6,5,10,1,10,2,4,3,9,9,5,5,3,6,5,0,7,0,8,8,10,3,3,6,2,3,7,10,1,7,7,3,0,1,2,7,0,7,1,5,0,6,4,3,9,3,1
n97,6,10,0,10,2,4,6,8,10,0,5,6,4,7,10,5,8,3,4,1,8,8,3,3,10,0,2,1,1,6,8,1,7,7,3,6,1,3,5,7,5,0,0,6,5,10,1,10,2,4,3,9,9,5,5,3,6,5,0,7,1,8,8,10,3,3,6,8,3,7,10,1,7,7,3,0,1,2,7,5,7,1,5,0,6,4,3,9,3,1
n100,6,10,0,10,2,4,6,8,10,0,5,10,4,7,10,5,8,3,4,1,8,8,3,3,10,0,2,1,1,6,8,1,0,7,3,6,1,3,5,7,8,0,10,6,5,10,1,10,2,4,3,9,9,5,5,3,6,5,10,7,2,8,8,10,3,3,6,0,3,7,10,1,7,7,3,0,1,2,7,0,7,1,5,2,6,4,3,9,3,1
n99,6,10,6,10,2,4,6,8,10,0,5,10,4,7,10,5,8,3,4,1,8,8,3,3,10,0,2,1,1,6,8,1,0,7,3,6,1,3,5,7,0,0,10,6,5,10,1,10,2,4,3,9,9,5,5,3,6,5,0,7,2,8,8,10,3,3,6,0,3,7,10,1,7,7,3,0,1,2,7,0,7,1,5,2,6,4,3,9,3,1
n108,6,10,0,10,8,4,6,8,3,7,10,0,4,7,10,5,8,3,5,1,8,8,3,3,10,0,2,6,10,6,8,0,4,7,3,6,6,3,5,7,1,0,0,0,5,10,0,10,2,4,3,9,9,5,5,0,2,2,2,7,6,8,8,10,3,3,0,6,3,7,10,1,0,4,3,3,1,2,7,4,7,1,5,5,6,4,3,6,3,6
n107,6,10,6,10,8,4,6,8,0,7,10,0,4,7,10,5,8,3,5,1,8,8,3,3,10,0,2,6,10,6,8,0,4,7,3,6,6,3,5,7,0,0,9,0,5,10,0,10,2,4,3,9,9,5,5,0,2,0,2,7,6,8,8,10,3,3,0,6,3,7,10,1,0,4,3,3,1,2,7,4,7,1,5,5,6,4,3,6,3,6
n110,6,10,0,10,8,4,6,8,0,7,0,10,4,7,10,5,8,3,5,1,8,8,3,3,10,2,2,6,10,6,8,0,4,7,3,6,6,3,10,7,0,0,0,0,5,10,2,10,2,4,3,9,9,5,5,0,2,0,2,7,4,8,8,10,3,3,10,6,3,7,10,1,0,4,3,3,1,2,7,4,7,1,5,5,6,4,3,6,3,6
n109,6,10,0,10,8,4,6,8,0,7,0,10,4,7,10,5,8,3,5,1,8,8,3,3,10,2,2,6,10,6,8,0,4,7,3,6,6,3,10,7,0,0,0,0,5,10,2,10,2,4,3,9,9,5,5,0,2,0,2,7,4,8,8,10,3,3,0,6,3,7,10,1,0,4,3,3,1,2,7,4,7,1,5,5,6,4,3,6,3,6
n114,6,10,0,10,8,4,6,8,0,0,0,3,4,7,10,5,8,3,5,1,8,8,3,3,10,0,2,10,0,6,8,0,4,7,3,6,6,3,0,7,0,0,5,0,5,10,0,10,2,4,3,9,9,5,5,2,2,8,2,7,0,8,8,10,3,3,0,6,3,7,10,1,5,4,3,3,1,2,7,4,7,1,5,0,6,4,3,6,3,6
n113,6,10,0,10,0,4,6,8,0,0,4,3,4,7,10,5,8,3,5,1,8,8,3,3,10,0,2,10,0,6,8,0,4,7,3,6,6,3,2,7,0,0,5,0,5,10,0,10,2,4,3,9,9,5,5,9,2,8,2,7,0,8,8,10,3,3,0,6,3,7,10,1,5,4,3,3,1,2,7,4,7,1,5,0,6,4,3,6,3,6
n116,6,10,0,10,0,4,6,8,0,6,3,3,4,7,10,5,8,3,5,1,8,8,3,3,10,0,2,10,7,6,8,0,4,7,3,6,6,3,0,7,0,0,5,0,5,10,0,10,2,4,3,9,9,5,5,0,2,8,2,7,0,8,8,10,3,3,0,6,3,7,10,1,5,4,3,3,1,2,7,4,7,1,5,0,6,4,3,6,3,6
n115,6,10,0,10,0,4,6,8,0,0,0,3,4,7,10,5,8,3,5,1,8,8,3,3,10,0,2,10,1,6,8,5,4,7,3,6,6,3,6,7,0,0,5,0,5,10,0,10,2,4,3,9,9,5,5,0,2,8,2,7,0,8,8,10,3,3,8,6,3,7,10,1,5,4,3,3,1,2,7,4,7,1,5,0,6,4,3,6,3,6
n122,6,10,0,10,0,4,6,8,1,1,4,0,4,7,10,5,8,3,10,1,8,8,3,3,10,0,2,10,0,6,8,5,4,7,3,6,6,3,3,7,0,0,10,3,5,10,7,2,2,4,3,9,9,5,5,0,2,8,0,7,1,8,8,10,3,3,6,0,3,7,10,1,2,0,3,3,1,2,7,0,7,1,5,0,6,4,3,6,3,6
n121,6,10,6,10,0,4,6,8,1,1,4,0,4,7,10,5,8,3,10,1,8,8,3,3,10,0,2,10,0,6,8,5,4,7,3,6,6,3,3,7,2,0,10,3,5,10,7,2,2,4,3,9,9,5,5,10,2,8,0,7,1,8,8,10,3,3,6,0,3,7,10,1,2,10,3,3,1,2,7,0,7,1,5,4,6,4,3,6,3,6
n124,6,10,10,10,7,4,6,8,1,1,4,0,4,7,10,5,8,3,0,1,8,8,3,3,10,0,2,10,0,6,8,5,4,7,3,6,6,3,3,7,0,0,10,3,5,10,7,2,2,4,3,9,9,5,5,4,2,8,0,7,1,8,8,10,3,3,0,3,3,7,10,1,2,10,3,3,1,2,7,0,7,1,5,0,6,4,3,6,3,6
n123,6,10,10,10,7,4,6,8,1,1,4,0,4,7,10,5,8,3,1,1,8,8,3,3,10,2,2,10,0,6,8,5,4,7,3,6,6,3,3,7,0,0,10,3,5,10,7,2,2,4,3,9,9,5,5,0,2,8,0,7,1,8,8,10,3,3,0,3,3,7,10,1,2,6,3,3,1,2,7,0,7,1,5,0,6,4,3,6,3,6
n128,6,10,0,10,3,4,6,8,1,1,0,5,4,7,10,5,8,3,1,1,8,8,3,3,10,0,2,10,0,6,8,5,4,7,3,6,6,3,3,7,7,0,10,3,5,10,7,2,2,4,3,9,9,5,5,0,2,0,4,7,0,8,8,10,3,3,0,0,3,7,10,1,3,0,3,3,1,2,7,10,7,1,5,9,6,4,3,6,3,6
n127,6,10,0,10,3,4,6,8,1,1,0,0,4,7,10,5,8,3,7,1,8,8,3,3,10,6,2,10,9,6,8,5,4,7,3,6,6,3,3,7,7,0,10,3,5,10,7,2,2,4,3,9,9,5,5,0,2,0,4,7,0,8,8,10,3,3,0,0,3,7,10,1,3,0,3,3,1,2,7,10,7,1,5,3,6,4,3,6,3,6
n130,6,10,0,10,0,4,6,8,1,1,10,0,4,7,10,5,8,3,8,1,8,8,3,3,10,0,2,10,0,6,8,5,4,7,3,6,6,3,3,7,4,0,10,3,5,10,7,2,2,4,3,9,9,5,5,4,2,3,4,7,0,8,8,10,3,3,0,0,3,7,10,1,3,1,3,3,1,2,7,10,7,1,5,0,6,4,3,6,3,6
n129,6,10,0,10,0,4,6,8,1,1,0,0,4,7,10,5,8,3,8,1,8,8,3,3,10,0,2,10,2,6,8,5,4,7,3,6,6,3,3,7,4,0,10,3,5,10,7,2,2,4,3,9,9,5,5,4,2,1,4,7,0,8,8,10,3,3,0,0,3,7,10,1,3,1,3,3,1,2,7,10,7,1,5,0,6,4,3,6,3,6
n142,6,0,2,10,8,9,7,8,0,0,3,4,4,7,10,5,8,3,7,6,8,2,3,3,0,3,8,10,4,0,8,3,10,7,5,6,7,3,0,7,4,5,1,1,0,10,10,0,2,8,3,5,9,5,5,8,6,0,2,7,10,9,8,10,3,8,4,7,1,2,0,1,0,5,0,10,3,2,7,0,1,1,2,0,4,5,1,1,3,3
n141,6,5,2,10,8,9,7,8,0,0,3,4,4,7,10,5,8,3,7,6,8,0,3,3,2,3,8,10,4,0,8,3,10,7,0,6,7,3,0,7,4,5,1,1,0,10,10,0,2,8,3,5,9,5,5,8,6,0,2,7,10,9,8,10,3,8,4,7,1,2,7,1,0,5,0,10,3,2,7,0,1,1,2,8,4,5,1,1,3,3
n144,6,4,2,10,8,9,7,8,1,0,3,4,4,7,10,5,8,3,7,6,8,2,3,3,0,3,8,10,4,6,8,3,0,7,0,6,7,3,10,7,4,5,1,1,0,10,10,0,2,8,3,5,9,5,5,8,6,3,2,7,10,9,8,10,3,8,4,7,1,2,0,1,0,5,0,10,3,2,7,5,1,1,2,0,4,5,1,10,3,3
n143,6,4,2,10,8,9,7,8,6,0,3,4,4,7,10,5,8,3,7,6,8,2,3,3,0,3,8,10,4,6,8,3,0,7,0,6,7,3,0,7,4,5,1,1,4,10,10,0,2,8,3,5,9,5,5,8,6,3,2,7,10,9,8,10,3,8,4,7,1,2,10,1,0,5,7,10,3,2,7,0,1,1,2,0,4,5,1,0,3,3
n148,6,0,2,10,8,9,7,8,4,0,3,4,4,7,10,5,8,3,7,6,8,1,3,3,9,3,8,10,4,6,8,8,10,7,9,6,0,3,0,7,4,5,1,1,0,10,3,0,2,8,3,5,9,5,5,8,6,7,2,7,10,9,8,10,3,8,4,7,1,2,6,1,0,5,7,10,3,2,7,7,1,1,2,0,4,5,4,7,3,3
n147,6,10,2,10,8,9,7,8,4,0,3,4,4,7,10,5,8,3,7,6,8,1,3,3,0,3,8,10,4,6,8,0,0,7,9,6,0,3,0,7,4,5,1,1,0,10,3,0,2,8,3,5,9,5,5,8,6,0,2,7,10,9,8,10,3,8,4,7,1,2,6,1,0,5,7,10,3,2,7,7,1,1,2,1,4,5,4,7,3,3
n150,6,4,2,10,8,9,7,8,0,0,3,4,4,7,10,5,8,3,7,6,8,0,3,3,0,3,8,10,4,6,8,3,7,7,9,6,0,3,0,7,4,5,1,1,0,10,0,5,2,8,3,5,9,5,5,8,6,0,2,7,10,9,8,10,3,8,4,7,1,2,8,1,6,5,7,10,3,2,7,0,1,1,2,10,4,5,4,7,3,3
n149,6,0,2,10,8,9,7,8,0,0,3,4,4,7,10,5,8,3,7,6,8,0,3,3,0,3,8,10,4,6,8,3,0,7,9,6,3,3,0,7,4,5,1,1,0,10,0,5,2,8,3,5,9,5,5,8,6,0,2,7,10,9,8,10,3,8,4,7,1,2,0,1,0,5,7,10,3,2,7,0,1,1,2,0,4,5,4,7,3,3
n156,6,0,0,10,0,9,7,8,0,0,3,4,4,7,10,5,8,3,5,6,8,0,3,3,0,9,8,10,4,0,8,7,0,7,0,6,4,3,0,7,4,5,1,1,5,10,2,0,2,8,3,9,9,5,5,8,6,6,2,7,10,0,8,10,9,8,4,0,1,2,0,1,0,0,0,0,0,2,7,0,1,1,2,0,4,5,3,7,3,3
n155,6,0,0,10,0,9,7,8,0,0,3,4,4,7,10,5,8,3,5,6,8,0,3,3,3,9,8,10,4,0,8,7,5,7,0,6,4,3,0,7,4,5,1,1,5,10,2,1,2,8,3,5,9,5,5,8,6,0,2,7,10,0,8,10,9,8,4,0,1,2,6,1,9,0,4,0,10,2,7,10,1,1,2,0,4,5,3,7,3,3
n158,6,0,0,10,6,9,7,8,0,0,3,4,4,7,10,5,8,3,5,6,8,0,3,3,0,9,8,10,4,0,8,7,3,7,9,6,9,3,0,7,4,5,1,1,6,10,2,0,2,8,3,0,9,5,5,8,6,0,2,7,10,0,8,10,9,8,4,0,1,2,1,1,0,9,0,5,0,2,7,5,1,1,2,0,4,5,0,7,3,3
n157,6,0,0,10,0,9,7,8,0,7,3,4,4,7,10,5,8,3,5,6,8,0,3,3,0,9,8,10,4,0,8,7,5,7,9,6,0,3,0,7,4,5,1,1,0,10,2,0,2,8,3,0,9,5,5,8,6,0,2,7,10,4,8,10,9,8,4,0,1,2,8,1,0,0,5,5,0,2,7,5,1,1,2,0,4,5,8,7,3,3
n162,6,2,0,10,0,9,7,8,0,0,3,4,4,7,10,5,8,3,5,6,8,7,3,3,4,9,8,10,4,0,8,0,5,7,0,6,0,3,8,7,4,5,1,1,0,10,2,0,2,8,3,10,9,5,5,8,6,0,2,7,10,0,8,10,0,8,4,10,1,2,8,1,4,1,0,0,0,2,7,1,1,1,2,2,4,5,0,10,3,3
n161,6,2,5,10,3,9,7,8,0,0,3,4,4,7,10,5,8,3,5,6,8,7,3,3,4,9,8,10,4,0,8,1,5,7,0,6,0,3,8,7,4,5,1,1,0,10,2,0,2,8,3,10,9,5,5,8,6,0,2,7,10,0,8,10,0,8,4,10,1,2,8,1,0,1,0,0,0,2,7,1,1,1,2,2,4,5,0,0,3,3
n164,6,2,0,10,0,9,7,8,7,5,3,4,4,7,10,5,8,3,5,6,8,0,3,3,3,9,8,10,4,5,8,0,5,7,0,6,9,3,8,7,4,5,1,1,6,10,2,0,2,8,3,8,9,5,5,8,6,0,2,7,10,0,8,10,0,8,4,0,1,2,8,1,0,0,7,0,0,2,7,5,1,1,2,0,4,5,0,0,3,3
n163,6,2,0,10,0,9,7,8,7,5,3,4,4,7,10,5,8,3,5,6,8,0,3,3,3,9,8,10,4,0,8,0,5,7,0,6,0,3,8,7,4,5,1,1,6,10,2,0,2,8,3,0,9,5,5,8,6,0,2,7,10,0,8,10,0,8,4,0,1,2,8,1,0,0,7,0,0,2,7,0,1,1,2,0,4,5,0,0,3,3
n172,6,0,0,10,7,9,2,8,0,0,3,4,4,7,10,5,8,3,4,6,8,10,3,3,0,0,8,10,10,0,8,10,0,7,10,6,9,3,0,7,0,5,1,1,0,10,9,0,2,8,3,10,9,5,5,8,0,5,2,7,10,0,8,10,0,8,4,0,1,2,8,1,0,0,7,0,6,2,7,7,1,1,2,10,4,5,2,0,3,3
n171,6,0,2,10,7,9,2,8,0,0,3,4,4,7,10,5,8,3,4,6,8,10,3,3,0,0,8,10,10,0,8,10,8,7,10,6,9,3,0,7,0,5,1,1,0,10,9,0,2,8,3,10,9,5,5,8,0,5,2,7,10,0,8,10,0,8,4,0,1,2,8,1,0,0,0,7,6,2,7,7,1,1,2,10,4,5,2,0,3,3
n174,6,5,0,10,7,9,0,8,10,1,3,4,4,7,10,5,8,3,4,6,8,10,3,3,3,9,8,10,10,0,8,10,0,7,10,6,9,3,0,7,1,5,1,1,0,10,9,2,2,8,3,9,9,5,5,8,0,5,2,7,10,0,8,10,0,8,4,1,1,2,8,1,0,0,0,0,4,2,7,7,1,1,2,10,4,5,2,0,3,3
n173,6,5,0,10,7,9,0,8,10,1,3,4,4,7,10,5,8,3,4,6,8,10,3,3,3,9,8,10,10,0,8,0,0,7,10,6,9,3,0,7,1,5,1,1,9,10,9,0,2,8,3,0,9,5,5,8,0,5,2,7,10,0,8,10,0,8,4,1,1,2,8,1,0,0,0,0,0,2,7,7,1,1,2,10,4,5,2,0,3,3
n178,6,5,0,10,6,9,0,8,0,0,3,4,4,7,10,5,8,3,4,6,8,10,3,3,5,4,8,10,10,0,8,0,7,7,10,6,9,3,0,7,0,5,1,1,7,10,9,1,2,8,3,0,9,5,5,8,1,0,2,7,10,10,8,10,0,8,4,1,1,2,0,1,5,0,7,1,0,2,7,7,1,1,2,10,4,5,2,2,3,3
n177,6,5,0,10,6,9,0,8,8,0,3,4,4,7,10,5,8,3,4,6,8,10,3,3,5,4,8,10,10,0,8,0,7,7,10,6,9,3,0,7,0,5,1,1,0,10,9,1,2,8,3,0,9,5,5,8,1,0,2,7,10,10,8,10,0,8,4,0,1,2,0,1,5,0,7,1,0,2,7,7,1,1,2,10,4,5,2,2,3,3
n180,6,0,0,10,6,9,0,8,0,2,3,4,4,7,10,5,8,3,4,6,8,10,3,3,4,0,8,10,10,0,8,0,0,7,10,6,9,3,7,7,0,5,1,1,0,10,9,1,2,8,3,0,9,5,5,8,1,0,2,7,10,0,8,10,0,8,4,5,1,2,10,1,5,0,3,0,0,2,7,7,1,1,2,10,4,5,2,0,3,3
n179,6,0,0,10,0,9,0,8,0,0,3,4,4,7,10,5,8,3,4,6,8,10,3,3,4,0,8,10,10,0,8,0,0,7,10,6,9,3,5,7,3,5,1,1,0,10,9,1,2,8,3,2,9,5,5,8,1,0,2,7,10,0,8,10,0,8,4,5,1,2,0,1,5,0,0,0,0,2,7,7,1,1,2,10,4,5,2,0,3,3
n186,6,0,0,10,2,9,10,8,0,0,3,4,4,7,10,5,8,3,4,6,8,0,3,3,8,0,8,10,8,3,8,0,5,7,10,6,0,3,10,7,6,5,1,1,2,10,7,2,2,8,3,6,9,5,5,8,0,3,2,7,10,4,8,10,7,8,4,5,1,2,0,1,1,4,1,0,0,2,7,9,1,1,2,6,4,5,2,9,3,3
n185,6,6,0,10,9,9,1,8,0,0,3,4,4,7,10,5,8,3,4,6,8,0,3,3,8,0,8,10,8,3,8,0,5,7,10,6,0,3,10,7,6,5,1,1,2,10,7,9,2,8,3,6,9,5,5,8,0,3,2,7,10,4,8,10,7,8,4,5,1,2,0,1,1,0,1,0,0,2,7,9,1,1,2,6,4,5,2,9,3,3
n188,6,0,5,10,10,9,1,8,3,0,3,4,4,7,10,5,8,3,4,6,8,0,3,3,8,0,8,10,8,3,8,0,5,7,10,6,0,3,10,7,6,5,1,1,0,10,7,0,2,8,3,6,9,5,5,8,0,3,2,7,10,4,8,10,4,8,4,5,1,2,2,1,0,0,1,0,5,2,7,9,1,1,2,0,4,5,2,9,3,3
n187,6,0,5,10,0,9,0,8,4,0,3,4,4,7,10,5,8,3,4,6,8,0,3,3,8,0,8,10,8,3,8,0,5,7,10,6,4,3,10,7,6,5,1,1,0,10,7,0,2,8,3,6,9,5,5,8,2,3,2,7,10,4,8,10,4,8,4,5,1,2,2,1,0,0,1,0,0,2,7,9,1,1,2,0,4,5,2,9,3,3
n192,6,0,1,10,0,9,1,8,6,10,3,4,4,7,10,5,8,3,4,6,8,0,3,3,8,0,8,10,0,3,8,0,5,7,10,6,5,3,10,7,6,5,1,1,0,10,7,0,2,8,3,6,9,5,5,8,0,3,2,7,10,0,8,10,8,8,4,5,1,2,2,1,0,6,0,0,4,2,7,9,1,1,2,5,4,5,2,9,3,3
n191,6,10,1,10,6,9,1,8,6,10,3,4,4,7,10,5,8,3,4,6,8,3,3,3,8,5,8,10,0,3,8,0,5,7,10,6,5,3,10,7,6,5,1,1,0,10,7,6,2,8,3,6,9,5,5,8,0,0,2,7,10,0,8,10,8,8,4,5,1,2,2,1,0,6,7,0,4,2,7,9,1,1,2,5,4,5,2,9,3,3
n194,6,0,0,10,5,9,1,8,6,10,3,4,4,7,10,5,8,3,4,6,8,0,3,3,8,9,8,10,9,3,8,0,5,7,10,6,5,3,10,7,6,5,1,1,0,10,7,10,2,8,3,6,9,5,5,8,0,0,2,7,10,0,8,10,8,8,4,5,1,2,0,1,0,6,7,0,4,2,7,9,1,1,2,0,4,5,2,0,3,3
n193,6,0,0,10,0,9,1,8,6,10,3,4,4,7,10,5,8,3,4,6,8,0,3,3,8,0,8,10,0,3,8,0,5,7,10,6,5,3,10,7,6,5,1,1,0,10,7,0,2,8,3,6,9,5,5,8,0,0,2,7,10,0,8,10,8,8,4,5,1,2,0,1,0,6,0,0,4,2,7,9,1,1,2,0,4,5,2,0,3,3
n204,6,8,8,10,0,9,6,8,5,0,3,4,4,7,10,5,8,3,8,6,8,0,3,3,10,6,7,10,0,3,8,6,0,7,0,6,6,3,4,7,2,5,1,1,0,10,5,2,2,8,3,2,9,5,5,8,1,0,0,7,10,1,8,10,7,8,0,0,9,2,4,1,9,0,7,0,5,2,7,2,1,1,4,3,4,5,0,10,3,0
n203,6,8,8,10,0,9,6,8,5,0,3,4,4,7,10,5,8,3,8,6,8,0,3,3,0,6,7,10,0,3,8,7,0,7,0,6,6,3,4,7,0,5,1,1,0,10,5,2,2,8,3,0,9,5,5,8,1,0,9,7,10,1,8,10,7,8,0,0,9,2,4,1,9,0,7,0,5,2,7,2,1,1,4,3,4,5,0,10,3,0
n206,6,8,8,10,0,9,7,8,5,2,3,4,4,7,10,5,8,3,8,6,8,0,3,3,0,6,7,10,5,3,8,9,1,7,0,6,6,3,4,7,0,5,1,1,5,10,0,2,2,8,3,9,9,5,5,8,1,0,0,7,10,0,8,10,7,8,0,0,9,2,4,1,9,1,7,1,5,2,7,2,1,1,4,0,4,5,2,10,3,0
n205,6,8,8,10,0,9,7,8,5,2,3,4,4,7,10,5,8,3,8,6,8,6,3,3,0,6,7,10,5,3,8,0,0,7,0,6,6,3,4,7,0,5,1,1,0,10,0,2,2,8,3,0,9,5,5,8,1,0,0,7,10,0,8,10,7,8,0,3,9,2,4,1,9,1,7,7,5,2,7,2,1,1,4,0,4,5,0,10,3,7
n210,6,8,8,10,0,9,3,8,5,0,3,4,4,7,10,5,8,3,0,6,8,0,3,3,8,6,0,10,0,3,8,0,9,7,0,6,6,3,4,7,10,5,1,1,0,10,0,2,2,8,3,0,9,5,5,8,1,0,0,7,10,9,8,10,7,8,0,0,9,2,4,1,9,8,7,0,5,2,7,2,1,1,4,10,4,5,0,10,3,0
n209,6,8,8,10,0,9,3,8,5,0,3,4,4,7,10,5,8,3,0,6,8,0,3,3,0,6,0,10,0,3,8,0,9,7,0,6,6,3,4,7,10,5,1,1,0,10,1,2,2,8,3,1,9,5,5,8,1,4,4,7,10,9,8,10,7,8,0,0,9,2,4,1,9,8,7,0,5,2,7,2,1,1,4,10,4,5,0,10,3,3
n212,6,8,8,10,0,9,3,8,5,6,3,4,4,7,10,5,8,3,0,6,8,0,3,3,9,6,0,10,0,3,8,7,9,7,0,6,6,3,4,7,10,5,1,1,10,10,0,2,2,8,3,0,9,5,5,8,1,0,0,7,10,0,8,10,7,8,0,0,9,2,4,1,9,9,7,2,5,2,7,2,1,1,4,2,4,5,8,10,3,0
n211,6,8,8,10,0,9,3,8,5,0,3,4,4,7,10,5,8,3,0,6,8,0,3,3,0,6,0,10,0,3,8,2,9,7,0,6,6,3,4,7,10,5,1,1,10,10,0,2,2,8,3,0,9,5,5,8,1,0,0,7,10,0,8,10,7,8,0,0,9,2,4,1,9,0,7,4,5,2,7,2,1,1,4,0,4,5,6,10,3,9
n218,6,8,8,10,7,9,0,8,5,0,3,4,4,7,10,5,8,3,0,6,8,0,3,3,0,6,3,10,5,3,8,9,10,7,0,6,6,3,4,7,0,5,1,1,4,10,1,2,2,8,3,0,9,5,5,8,0,6,0,7,10,0,8,10,7,8,1,0,9,2,4,1,9,0,8,0,5,2,7,2,1,1,5,0,4,5,0,5,3,1
n217,6,8,8,10,7,9,0,8,5,9,3,4,4,7,10,5,8,3,0,6,8,4,3,3,0,6,3,10,5,3,8,9,0,7,0,6,6,3,4,7,0,5,1,1,4,10,1,2,2,8,3,0,9,5,5,8,0,6,0,7,10,0,8,10,7,8,1,0,9,2,4,1,9,0,8,0,5,2,7,2,1,1,5,0,4,5,0,5,3,1
n220,6,8,8,10,0,9,0,8,5,0,3,4,4,7,10,5,8,3,0,6,8,0,3,3,0,6,3,10,5,3,8,0,0,7,0,6,6,3,4,7,0,5,1,1,4,10,1,2,2,8,3,0,9,5,5,8,0,10,1,7,10,0,8,10,7,8,1,8,9,2,0,1,9,0,0,8,5,2,7,2,1,1,0,5,4,5,0,0,3,1
n219,6,8,8,10,5,9,0,8,5,0,3,4,4,7,10,5,8,3,0,6,8,9,3,3,0,6,3,10,5,3,8,0,0,7,0,6,6,3,4,7,6,5,1,1,4,10,1,2,2,8,3,0,9,5,5,8,0,0,1,7,10,0,8,10,7,8,1,0,9,2,0,1,9,0,0,8,5,2,7,2,1,1,0,5,4,5,0,6,3,1
n224,6,8,8,10,6,9,2,8,5,3,3,4,4,7,10,5,8,3,8,6,8,7,3,3,7,6,3,10,5,3,8,8,1,7,3,6,6,3,4,7,0,5,1,1,4,10,1,2,2,8,3,9,9,5,5,8,4,5,0,7,10,9,8,10,7,8,0,0,9,2,0,1,9,0,4,0,5,2,7,2,1,1,0,0,4,5,0,0,3,0
n223,6,8,8,10,0,9,0,8,5,3,3,4,4,7,10,5,8,3,8,6,8,7,3,3,7,6,3,10,5,3,8,0,1,7,3,6,6,3,4,7,0,5,1,1,4,10,1,2,2,8,3,9,9,5,5,8,4,5,3,7,10,9,8,10,7,8,0,0,9,2,0,1,9,0,0,0,5,2,7,2,1,1,0,0,4,5,0,0,3,0
n226,6,8,8,10,0,9,6,8,5,3,3,4,4,7,10,5,8,3,8,6,8,7,3,3,7,6,3,10,5,3,8,0,1,7,3,6,6,3,4,7,0,5,1,1,4,10,1,2,2,8,3,9,9,5,5,8,4,5,0,7,10,9,8,10,7,8,0,0,9,2,0,1,9,0,8,0,5,2,7,2,1,1,0,5,4,5,0,7,3,0
n225,6,8,8,10,7,9,6,8,5,3,3,4,4,7,10,5,8,3,8,6,8,7,3,3,7,6,3,10,5,3,8,0,1,7,3,6,6,3,4,7,0,5,1,1,4,10,1,2,2,8,3,9,9,5,5,8,4,5,0,7,10,9,8,10,7,8,0,0,9,2,0,1,9,0,8,0,5,2,7,2,1,1,0,5,4,5,0,0,3,0
n234,6,0,8,10,7,9,6,8,5,0,3,4,4,7,10,5,8,3,0,6,8,0,3,3,1,6,0,10,7,3,8,9,4,7,0,6,6,3,4,7,6,5,1,1,0,10,0,2,2,8,3,0,9,5,5,8,7,9,5,7,10,8,8,10,0,8,0,4,9,2,0,1,6,0,1,2,0,2,7,2,1,1,0,5,4,5,0,1,3,1
n233,6,0,8,10,7,9,6,8,5,0,3,4,4,7,10,5,8,3,0,6,8,0,3,3,1,6,0,10,7,3,8,0,4,7,1,6,6,3,4,7,6,5,1,1,0,10,0,2,2,8,3,0,9,5,5,8,7,9,0,7,10,8,8,10,0,8,0,4,9,2,0,1,6,0,1,2,10,2,7,2,1,1,0,5,4,5,0,1,3,1
n236,6,0,8,10,7,9,6,8,5,5,3,4,4,7,10,5,8,3,0,6,8,4,3,3,1,6,0,10,7,3,8,0,0,7,0,6,6,3,4,7,6,5,1,1,0,10,3,2,2,8,3,3,9,5,5,8,7,9,0,7,10,8,8,10,0,8,0,4,9,2,0,1,6,4,1,0,2,2,7,2,1,1,10,5,4,5,0,1,3,1
n235,6,7,8,10,7,9,6,8,5,0,3,4,4,7,10,5,8,3,0,6,8,4,3,3,1,6,0,10,7,3,8,0,0,7,0,6,6,3,4,7,6,5,1,1,0,10,0,2,2,8,3,0,9,5,5,8,7,9,8,7,10,8,8,10,0,8,0,4,9,2,0,1,6,0,1,0,0,2,7,2,1,1,0,5,4,5,0,1,3,1
n240,6,0,8,10,0,9,10,8,5,0,3,4,4,7,10,5,8,3,0,6,8,0,3,3,2,6,0,10,7,3,8,0,0,7,0,6,6,3,4,7,6,5,1,1,9,10,0,2,2,8,3,0,9,5,5,8,0,9,0,7,10,4,8,10,0,8,0,3,9,2,6,1,6,0,1,1,0,2,7,2,1,1,0,5,4,5,2,1,3,1
n239,6,0,8,10,0,9,10,8,5,0,3,4,4,7,10,5,8,3,0,6,8,4,3,3,2,6,1,10,7,3,8,0,0,7,3,6,6,3,4,7,6,5,1,1,9,10,0,2,2,8,3,0,9,5,5,8,0,9,0,7,10,4,8,10,0,8,0,3,9,2,6,1,6,0,1,0,0,2,7,2,1,1,10,5,4,5,2,1,3,1
n242,6,7,8,10,0,9,10,8,5,0,3,4,4,7,10,5,8,3,0,6,8,0,3,3,2,6,0,10,7,3,8,0,0,7,0,6,6,3,4,7,6,5,1,1,4,10,0,2,2,8,3,0,9,5,5,8,7,9,7,7,10,0,8,10,3,8,0,0,9,2,6,1,6,0,1,5,0,2,7,2,1,1,0,5,4,5,2,1,3,1
n241,6,0,8,10,0,9,10,8,5,8,3,4,4,7,10,5,8,3,0,6,8,0,3,3,2,6,8,10,7,3,8,4,0,7,0,6,6,3,4,7,6,5,1,1,4,10,0,2,2,8,3,1,9,5,5,8,7,9,7,7,10,0,8,10,0,8,7,5,9,2,6,1,6,0,1,5,0,2,7,2,1,1,0,5,4,5,2,1,3,1
n248,6,0,8,10,0,9,9,8,5,4,3,4,4,7,10,5,8,3,0,6,8,0,3,3,9,6,0,10,0,3,8,6,0,7,6,6,6,3,4,7,0,5,1,1,10,10,0,2,2,8,3,0,9,5,5,8,10,9,4,7,10,0,8,10,0,8,8,2,9,2,2,1,8,0,1,0,0,2,7,2,1,1,8,5,4,5,4,1,3,1
n247,6,0,8,10,0,9,9,8,5,4,3,4,4,7,10,5,8,3,0,6,8,0,3,3,9,6,0,10,0,3,8,6,0,7,1,6,6,3,4,7,0,5,1,1,0,10,0,2,2,8,3,0,9,5,5,8,10,9,4,7,10,0,8,10,0,8,8,2,9,2,2,1,8,0,1,0,0,2,7,2,1,1,0,5,4,5,4,1,3,1
n250,6,9,8,10,0,9,9,8,5,0,3,4,4,7,10,5,8,3,7,6,8,1,3,3,0,6,6,10,10,3,8,6,0,7,0,6,6,3,4,7,0,5,1,1,0,10,0,2,2,8,3,0,9,5,5,8,10,9,0,7,10,0,8,10,0,8,0,2,9,2,2,1,8,8,1,5,0,2,7,2,1,1,0,5,4,5,9,6,3,1
n249,6,0,8,10,6,9,9,8,5,0,3,4,4,7,10,5,8,3,7,6,8,1,3,3,0,6,0,10,10,3,8,6,0,7,0,6,6,3,4,7,0,5,1,1,0,10,0,2,2,8,3,2,9,5,5,8,10,9,0,7,10,0,8,10,0,8,0,2,9,2,2,1,8,8,1,0,8,2,7,2,1,1,10,5,4,5,0,6,3,1
n254,6,5,8,10,2,9,9,8,5,1,3,4,4,7,10,5,8,3,7,6,8,7,3,3,0,6,8,10,0,3,8,5,6,7,0,6,6,3,4,7,8,5,1,1,6,10,4,2,2,8,3,9,9,5,5,8,1,9,9,7,10,2,8,10,0,8,5,2,9,2,2,1,3,0,1,0,0,2,7,2,1,1,0,5,4,5,0,0,3,1
n253,6,5,8,10,2,9,9,8,5,2,3,4,4,7,10,5,8,3,7,6,8,0,3,3,0,6,8,10,0,3,8,5,6,7,0,6,6,3,4,7,8,5,1,1,6,10,0,2,2,8,3,8,9,5,5,8,1,9,9,7,10,7,8,10,0,8,5,2,9,2,2,1,0,0,1,0,0,2,7,2,1,1,0,5,4,5,7,0,3,1
n256,6,5,8,10,1,9,9,8,5,5,3,4,4,7,10,5,8,3,7,6,8,0,3,3,0,6,8,10,0,3,8,5,6,7,0,6,6,3,4,7,1,5,1,1,6,10,8,2,2,8,3,0,9,5,5,8,8,9,2,7,10,0,8,10,0,8,0,2,9,2,2,1,0,0,1,0,0,2,7,2,1,1,0,5,4,5,4,0,3,1
n255,6,5,8,10,1,9,9,8,5,5,3,4,4,7,10,5,8,3,7,6,8,0,3,3,0,6,8,10,0,3,8,5,6,7,3,6,6,3,4,7,9,5,1,1,6,10,0,2,2,8,3,0,9,5,5,8,0,9,2,7,10,0,8,10,0,8,0,2,9,2,2,1,0,0,1,0,0,2,7,2,1,1,0,5,4,5,0,0,3,1
n270,7,2,10,10,0,6,6,0,9,5,9,1,4,8,5,5,8,3,8,7,8,2,3,4,6,2,1,5,9,9,7,3,0,0,8,6,10,3,7,7,0,8,4,4,3,10,5,4,2,6,3,5,9,5,5,10,8,7,0,8,9,5,8,0,5,10,6,0,0,1,7,10,1,9,6,10,3,0,7,0,3,9,3,0,0,7,4,0,3,0
n269,7,2,10,10,0,0,6,0,9,5,9,1,4,8,5,5,8,3,8,7,8,2,3,4,6,2,1,0,9,9,7,3,0,0,8,6,10,3,7,7,0,8,4,4,3,10,5,4,2,6,3,4,9,5,5,10,8,7,10,8,9,5,8,0,5,10,6,0,0,1,7,10,1,9,6,10,3,0,7,0,3,9,3,0,0,7,4,0,3,0
n272,7,2,10,10,4,10,6,8,9,5,9,0,4,8,5,5,8,3,8,7,8,2,3,4,6,2,1,3,10,0,7,3,7,0,8,6,10,3,7,7,10,8,4,4,3,10,5,4,2,6,3,0,9,5,5,10,0,7,0,8,9,5,8,0,5,10,6,0,7,0,7,10,1,9,6,10,3,0,7,0,3,0,3,0,0,7,4,8,3,0
n271,7,2,10,10,0,10,6,5,9,5,9,0,4,8,5,5,8,3,8,7,8,2,3,4,6,2,1,3,0,0,7,3,6,0,8,6,10,3,7,7,10,8,4,4,3,10,5,4,2,6,3,4,9,5,5,10,0,7,0,8,9,5,8,0,5,10,6,0,7,0,7,10,1,9,6,10,3,4,7,0,3,0,3,0,0,7,4,8,3,0
n276,6,2,10,10,0,8,6,3,9,5,9,0,4,8,10,5,8,3,8,7,8,2,3,4,6,2,1,1,9,0,7,3,4,4,8,6,10,3,7,7,0,8,4,4,3,10,5,2,2,0,3,0,9,5,5,10,6,7,0,8,9,5,8,2,5,10,9,0,10,0,1,10,1,9,6,10,3,0,7,10,3,6,3,0,2,7,4,0,3,0
n275,6,2,10,10,0,8,6,3,9,5,9,6,4,8,10,5,8,3,8,7,8,2,3,4,6,2,1,1,9,0,7,3,0,4,8,6,10,3,7,7,0,8,4,4,3,10,5,2,2,0,3,0,9,5,5,10,6,7,0,8,9,5,8,2,5,10,9,0,10,7,0,10,1,9,6,10,3,0,7,10,3,0,3,1,0,7,4,0,3,0
n278,0,2,10,10,0,8,6,0,9,5,9,0,4,8,10,5,8,3,8,7,8,2,3,4,6,2,1,1,5,0,7,3,0,0,8,6,10,3,7,7,0,8,4,4,3,10,5,2,2,0,3,0,9,5,5,10,6,7,0,8,9,5,8,2,5,10,0,0,0,5,0,10,1,9,6,10,3,0,7,0,3,8,3,0,0,7,4,0,3,9
n277,0,2,10,10,0,8,6,0,9,5,9,0,4,8,10,5,8,3,8,7,8,2,3,4,6,2,1,1,5,0,7,3,3,0,8,6,10,3,7,7,10,8,4,4,3,10,5,2,2,0,3,0,9,5,5,10,6,7,0,8,9,5,8,2,5,10,5,2,0,5,2,10,1,9,6,10,3,0,7,0,3,9,3,0,0,7,4,4,3,9
n284,4,2,10,10,6,3,6,0,0,5,9,0,4,8,2,5,8,3,0,7,8,2,3,4,6,2,1,9,0,0,7,3,0,0,8,6,10,3,7,7,7,8,4,4,3,10,5,0,2,1,3,8,9,5,5,10,4,7,0,8,9,5,8,5,5,10,9,5,0,0,0,10,1,9,6,10,3,0,7,3,3,8,0,0,0,7,4,1,3,5
n283,4,2,10,10,6,0,6,0,0,5,9,0,4,8,2,5,8,3,0,7,8,2,3,4,6,2,1,0,0,9,7,3,0,0,8,6,10,3,7,7,7,8,4,4,3,10,5,10,2,0,3,8,9,5,5,10,4,7,0,8,9,5,8,5,5,10,0,5,0,0,0,10,1,9,6,10,3,7,7,3,3,8,0,5,0,7,4,1,3,5
n286,0,2,10,10,0,0,6,0,0,5,9,0,4,8,2,5,8,3,1,7,8,2,3,4,6,2,1,4,0,0,7,3,0,1,8,6,10,3,7,7,7,8,4,4,3,10,5,9,2,0,3,1,9,5,5,10,4,7,0,8,9,5,8,5,5,10,0,5,5,0,4,10,1,9,6,10,3,9,7,1,3,8,0,0,0,7,4,1,3,5
n285,0,2,10,10,0,0,6,0,0,5,9,0,4,8,2,5,8,3,0,7,8,2,3,4,6,2,1,0,0,6,7,3,0,1,8,6,10,3,7,7,7,8,4,4,3,10,5,0,2,0,3,1,9,5,5,10,4,7,2,8,9,5,8,5,5,10,0,5,5,0,4,10,1,9,6,10,3,9,7,10,3,8,0,0,0,7,4,1,3,5
n290,4,2,10,10,5,9,6,6,0,5,9,9,4,8,2,5,8,3,5,7,8,2,3,4,6,2,1,1,1,0,7,3,3,0,8,6,10,3,7,7,7,8,4,4,3,10,5,6,2,0,3,10,9,5,5,10,0,7,5,8,9,5,8,5,5,10,1,5,0,4,0,10,1,9,6,10,3,3,7,0,3,0,3,5,0,7,4,1,3,0
n289,4,2,10,10,0,0,6,6,0,5,9,0,4,8,2,5,8,3,5,7,8,2,3,4,6,2,1,1,1,0,7,3,3,0,8,6,10,3,7,7,7,8,4,4,3,10,5,6,2,0,3,0,9,5,5,10,0,7,5,8,9,5,8,5,5,10,4,5,0,4,0,10,1,9,6,10,3,3,7,0,3,0,3,5,3,7,4,1,3,0
n292,4,2,10,10,0,0,6,9,0,5,9,0,4,8,2,5,8,3,5,7,8,2,3,4,6,2,1,1,1,0,7,3,3,0,8,6,10,3,7,7,7,8,4,4,3,10,5,6,2,0,3,7,9,5,5,10,0,7,0,8,9,5,8,5,5,10,7,5,0,5,5,10,1,9,6,10,3,9,7,8,3,0,0,1,0,7,4,1,3,7
n291,4,2,10,10,0,4,6,9,0,5,9,0,4,8,2,5,8,3,5,7,8,2,3,4,6,2,1,1,1,0,7,3,3,0,8,6,10,3,7,7,7,8,4,4,3,10,5,6,2,0,3,7,9,5,5,10,1,7,0,8,9,5,8,5,5,10,7,5,0,8,5,10,1,9,6,10,3,9,7,8,3,6,6,1,0,7,4,1,3,0
n300,4,2,0,10,0,7,3,9,10,5,9,0,4,8,7,5,8,3,5,2,8,2,3,4,6,2,1,2,10,6,1,3,0,3,8,6,10,7,7,7,5,8,4,9,2,10,5,7,2,6,3,0,9,5,5,10,2,7,0,8,9,5,8,5,5,10,1,6,0,1,3,10,0,9,6,10,3,0,7,5,3,0,3,4,6,7,4,0,3,4
n299,0,2,0,10,0,7,3,9,10,5,9,0,4,8,0,5,8,3,5,2,8,2,3,4,6,2,1,2,10,0,0,3,0,3,8,6,10,7,7,7,5,8,4,9,2,10,5,7,2,6,3,9,9,5,5,10,2,7,0,8,9,5,8,5,5,10,1,6,0,1,3,10,9,9,6,10,3,4,7,5,3,0,0,4,9,7,4,0,3,4
n302,0,2,0,10,0,7,3,0,10,5,9,0,4,8,6,5,8,3,7,2,8,2,3,4,6,2,1,0,10,0,0,3,0,3,8,6,10,7,7,7,5,8,4,9,2,10,5,7,2,6,3,5,9,5,5,10,2,7,0,8,9,5,8,5,5,10,1,6,8,1,3,10,0,9,6,10,3,7,7,5,3,0,2,0,0,7,4,4,3,4
n301,0,2,0,10,2,7,3,0,10,5,9,0,4,8,0,5,8,3,7,2,8,2,3,4,6,2,1,0,10,5,0,3,0,3,8,6,10,7,7,7,5,8,4,9,2,10,5,7,2,6,3,6,9,5,5,10,2,7,6,8,9,5,8,5,5,10,1,6,8,1,3,10,0,9,6,10,3,7,7,5,3,3,0,0,0,7,4,4,3,4
n306,0,2,0,10,0,0,3,0,10,5,9,0,4,8,0,5,8,3,10,2,8,2,3,4,6,2,1,4,10,0,0,3,0,7,8,6,10,4,7,7,5,8,4,9,3,10,5,7,2,6,3,0,9,5,5,10,2,7,1,8,9,5,8,5,5,10,1,6,0,1,3,10,0,9,6,10,3,0,7,5,3,0,3,9,0,7,4,0,3,4
n305,0,2,0,10,10,0,3,0,10,5,9,0,4,8,0,5,8,3,10,2,8,2,3,4,6,2,1,4,10,10,0,3,0,7,8,6,10,0,7,7,5,8,4,9,3,10,5,7,2,6,3,0,9,5,5,10,2,7,1,8,9,5,8,5,5,10,1,6,0,1,3,10,0,9,6,10,3,0,7,5,3,0,0,9,0,7,4,0,3,4
n308,0,2,0,10,0,3,3,0,10,5,9,0,4,8,0,5,8,3,10,2,8,2,3,4,6,2,1,4,10,0,2,3,0,7,8,6,10,5,7,7,5,8,4,9,0,10,5,7,2,6,3,0,9,5,5,10,2,7,1,8,9,5,8,5,5,10,1,6,0,1,3,10,0,9,6,10,3,3,7,5,3,0,0,9,7,7,4,9,3,4
n307,0,2,0,10,0,3,3,0,10,5,9,8,4,8,0,5,8,3,10,2,8,2,3,4,6,2,1,4,10,0,2,3,0,7,8,6,10,0,7,7,5,8,4,9,0,10,5,7,2,6,3,0,9,5,5,10,2,7,1,8,9,5,8,5,5,10,1,6,0,1,3,10,0,9,6,10,3,3,7,5,3,0,0,9,0,7,4,0,3,4
n314,1,2,8,10,1,6,0,0,10,5,9,7,4,8,0,5,8,3,7,2,8,2,3,4,6,2,1,0,0,8,0,3,1,0,8,6,10,0,7,7,5,8,4,2,0,10,5,7,2,0,3,4,9,5,5,10,0,7,10,8,9,5,8,5,5,10,1,6,8,1,1,10,4,9,6,10,3,0,7,3,3,0,7,3,0,7,4,2,3,5
n313,0,2,8,10,1,0,0,0,10,5,9,0,4,8,0,5,8,3,7,2,8,2,3,4,6,2,1,0,0,8,0,3,0,0,8,6,10,0,7,7,5,8,4,2,0,10,5,7,2,0,3,0,9,5,5,10,0,7,10,8,9,5,8,5,5,10,1,6,8,1,0,10,4,9,6,10,3,0,7,0,3,0,7,3,0,7,4,2,3,5
n316,8,2,8,10,1,0,8,0,10,5,9,0,4,8,0,5,8,3,7,2,8,2,3,4,6,2,1,0,10,8,0,3,0,9,8,6,10,9,7,7,5,8,4,2,3,10,5,7,2,10,3,0,9,5,5,10,0,7,10,8,9,5,8,5,5,10,1,6,0,1,0,10,4,9,6,10,3,0,7,0,3,0,7,3,0,7,4,2,3,5
n315,8,2,8,10,1,0,8,0,10,5,9,0,4,8,0,5,8,3,7,2,8,2,3,4,6,2,1,0,10,8,0,3,0,9,8,6,10,9,7,7,5,8,4,2,3,10,5,7,2,0,3,1,9,5,5,10,0,7,10,8,9,5,8,5,5,10,1,6,0,1,0,10,4,9,6,10,3,0,7,0,3,0,7,3,0,7,4,2,3,5
n320,6,2,8,10,1,10,6,1,10,5,9,0,4,8,7,5,8,3,7,2,8,2,3,4,6,2,1,2,0,8,0,3,0,0,8,6,10,0,7,7,5,8,4,0,0,10,5,7,2,6,3,7,9,5,5,10,0,7,10,8,9,5,8,5,5,10,1,6,0,1,8,10,0,9,6,10,3,0,7,0,3,0,7,0,4,7,4,2,3,5
n319,0,2,8,10,1,10,6,1,10,5,9,0,4,8,7,5,8,3,7,2,8,2,3,4,6,2,1,0,0,8,0,3,0,0,8,6,10,0,7,7,5,8,4,0,0,10,5,7,2,6,3,5,9,5,5,10,2,7,10,8,9,5,8,5,5,10,1,6,4,1,0,10,9,9,6,10,3,2,7,0,3,3,7,0,0,7,4,2,3,5
n322,0,2,8,10,1,0,0,1,10,5,9,0,4,8,7,5,8,3,7,2,8,2,3,4,6,2,1,3,0,8,2,3,0,7,8,6,10,1,7,7,5,8,4,9,0,10,5,7,2,0,3,0,9,5,5,10,10,7,10,8,9,5,8,5,5,10,1,6,10,1,0,10,0,9,6,10,3,0,7,0,3,3,7,6,10,7,4,2,3,5
n321,0,2,8,10,1,7,0,1,10,5,9,9,4,8,7,5,8,3,7,2,8,2,3,4,6,2,1,3,0,8,2,3,0,0,8,6,10,0,7,7,5,8,4,7,0,10,5,7,2,0,3,0,9,5,5,10,10,7,10,8,9,5,8,5,5,10,1,6,5,1,0,10,0,9,6,10,3,0,7,0,3,0,7,6,9,7,4,2,3,5
n332,10,0,1,10,8,5,0,0,0,2,9,6,4,8,3,5,8,3,10,7,8,0,3,4,6,2,0,9,0,3,2,3,1,9,8,6,3,0,0,7,0,6,4,5,2,10,5,2,2,0,3,2,9,4,5,0,1,7,5,6,9,10,8,0,0,10,8,10,8,4,7,6,2,4,6,10,3,0,7,0,3,2,0,2,0,0,5,9,3,0
n331,10,2,1,10,8,7,0,0,0,2,9,6,4,8,3,5,8,3,10,7,8,0,3,4,6,2,0,9,0,3,2,3,1,9,8,6,3,4,0,7,9,6,4,5,2,10,5,2,2,2,3,2,9,3,5,0,1,7,5,6,9,10,8,0,0,10,8,10,8,4,7,6,2,0,6,10,3,9,7,2,3,2,7,2,0,0,5,9,3,0
n334,10,0,0,10,8,7,0,0,0,2,0,6,4,8,3,5,8,3,10,7,8,7,3,4,6,2,7,10,0,3,2,3,0,0,8,6,5,2,9,7,2,6,4,5,2,10,5,2,2,0,3,8,9,0,5,1,1,7,5,6,9,10,8,0,10,10,8,10,8,4,7,6,2,7,6,10,3,6,7,0,3,2,0,2,0,0,5,9,3,8
n333,10,0,0,10,8,0,0,6,0,2,0,6,4,8,3,5,8,3,10,7,8,0,3,4,6,2,7,9,7,3,2,3,0,0,8,6,5,0,9,7,2,6,4,5,2,10,5,2,2,0,3,8,9,5,5,0,1,7,5,6,9,10,8,0,10,10,8,10,8,4,7,6,2,0,6,10,3,6,7,0,3,2,0,2,0,0,5,9,3,8
n338,3,0,8,10,8,0,0,6,2,2,0,0,4,8,3,5,8,3,10,7,8,0,3,4,6,2,0,1,1,3,2,3,0,6,8,6,0,0,0,7,0,6,4,5,2,10,5,3,2,2,3,4,9,0,5,0,1,7,5,6,9,10,8,0,3,10,8,10,8,4,7,6,2,8,6,10,3,1,7,0,3,4,5,2,0,0,5,9,3,0
n337,3,0,0,10,8,5,0,6,2,2,0,0,4,8,3,5,8,3,10,7,8,0,3,4,6,2,0,1,1,3,2,3,0,0,8,6,0,0,2,7,0,6,4,5,2,10,5,3,2,2,3,4,9,0,5,0,1,7,5,6,9,10,8,9,3,10,8,10,8,4,7,6,2,8,6,10,3,1,7,0,3,4,5,2,5,10,5,9,3,0
n340,0,0,0,10,8,8,9,1,1,2,0,0,4,8,3,5,8,3,10,7,8,0,3,4,6,2,0,6,0,3,2,3,0,8,8,6,0,0,6,7,8,6,4,5,2,10,5,3,2,2,3,4,9,10,5,0,0,7,5,6,9,10,8,6,3,10,8,10,8,4,7,6,2,8,6,10,3,1,7,0,3,0,5,2,0,6,5,9,3,0
n339,0,0,0,10,8,8,0,0,1,2,0,9,4,8,3,5,8,3,10,7,8,0,3,4,6,2,2,6,0,3,2,3,7,8,8,6,0,1,6,7,8,6,4,5,2,10,5,3,2,2,3,4,9,10,5,0,0,7,5,6,9,10,8,6,3,10,8,10,8,4,7,6,2,8,6,10,3,1,7,0,3,0,5,2,3,10,5,9,3,0
n346,0,0,0,10,8,5,9,0,9,8,6,0,4,8,3,5,8,3,10,7,8,7,3,4,6,2,10,5,9,3,2,3,0,1,8,6,5,0,1,7,0,6,4,5,0,10,5,4,2,5,3,0,9,0,5,0,0,7,5,6,9,10,8,0,0,10,8,0,7,4,7,6,2,0,6,10,3,0,7,5,3,5,4,2,0,10,5,9,3,0
n345,2,5,0,10,8,5,9,0,8,8,6,0,4,8,3,5,8,3,10,7,8,7,3,4,6,2,0,0,9,3,2,3,0,0,8,6,0,0,1,7,0,6,4,5,0,10,5,4,2,5,3,0,9,0,5,0,0,7,5,6,9,10,8,0,2,10,8,3,7,4,7,6,2,0,6,10,3,0,7,5,3,5,4,2,10,10,5,9,3,0
n348,0,0,0,10,8,0,9,0,0,8,6,0,4,8,3,5,8,3,10,7,8,7,3,4,6,2,0,10,9,3,2,3,0,0,8,6,2,4,1,7,0,6,4,5,0,10,5,4,2,5,3,0,9,6,5,0,3,7,5,6,9,10,8,0,8,10,8,0,0,4,7,6,2,0,6,10,3,9,7,5,3,2,4,2,0,0,5,9,3,0
n347,0,0,0,10,8,9,9,0,0,8,6,10,4,8,3,5,8,3,10,7,8,7,3,4,6,2,9,0,9,3,2,3,0,0,8,6,0,4,1,7,0,6,4,5,0,10,5,4,2,5,3,0,9,0,5,9,0,7,5,6,9,10,8,8,0,10,8,0,0,4,7,6,2,0,6,10,3,1,7,5,3,0,4,2,2,0,5,9,3,0
n352,7,0,0,10,8,10,4,0,0,8,0,0,4,8,3,5,8,3,10,7,8,7,3,4,6,2,3,6,9,3,2,3,9,0,8,6,7,6,1,7,0,6,4,5,0,10,5,4,2,5,3,0,9,0,5,0,0,7,5,0,9,10,8,7,6,10,8,2,0,4,7,6,2,9,6,10,3,7,7,0,3,0,7,2,0,0,5,9,3,0
n351,7,0,0,10,8,10,4,5,0,8,0,0,4,8,3,5,8,3,10,7,8,7,3,4,6,2,3,0,9,3,2,3,9,7,8,6,7,6,1,7,0,6,4,5,0,10,5,4,2,5,3,0,9,0,5,0,4,7,5,4,9,10,8,7,6,10,8,2,0,4,7,6,2,0,6,10,3,7,7,0,3,0,7,2,2,0,5,9,3,0
n354,0,2,0,10,8,0,0,6,0,8,0,0,4,8,3,5,8,3,10,7,8,7,3,4,6,2,0,0,9,3,2,3,9,0,8,6,0,6,1,7,4,6,4,5,2,10,5,4,2,5,3,0,9,6,5,9,7,7,5,0,9,10,8,7,0,10,8,2,0,4,7,6,2,0,6,10,3,0,7,0,3,0,7,2,0,0,5,9,3,0
n353,0,2,0,10,8,0,5,6,0,8,0,0,4,8,3,5,8,3,10,7,8,7,3,4,6,2,0,0,9,3,2,3,9,0,8,6,0,6,1,7,4,6,4,5,0,10,5,4,2,5,3,10,9,6,5,6,7,7,5,0,9,10,8,7,0,10,8,2,0,4,7,6,2,0,6,10,3,0,7,0,3,0,7,2,0,0,5,9,3,0
n362,0,1,3,10,0,0,7,1,0,4,8,1,4,8,3,5,8,3,5,0,8,0,3,4,6,2,0,2,0,3,2,3,6,6,8,6,0,0,8,7,4,6,4,5,0,10,5,6,2,5,3,6,9,10,5,8,7,7,5,0,9,10,8,9,0,10,1,0,0,0,0,6,2,0,6,10,3,0,7,5,3,0,0,2,6,9,0,5,3,5
n361,3,0,3,10,0,9,7,1,0,4,8,1,4,8,3,5,8,3,5,0,8,0,3,4,6,2,0,2,9,3,2,3,6,6,8,6,0,0,8,7,4,6,4,5,0,10,5,6,2,5,3,6,9,0,5,8,7,7,5,0,9,10,8,9,0,10,1,0,6,0,0,6,2,0,6,10,3,0,7,5,3,0,0,2,6,9,0,5,3,5
n364,5,0,3,10,10,0,7,1,0,4,8,1,4,8,3,5,8,3,5,0,8,0,3,4,6,2,10,2,5,3,2,3,6,0,8,6,1,0,8,7,4,6,4,5,0,10,5,6,2,2,3,6,9,0,5,8,7,7,5,0,9,10,8,9,0,10,0,0,8,0,0,6,2,6,6,10,3,0,7,5,3,0,0,2,6,9,5,0,3,5
n363,5,7,3,10,10,0,7,1,0,4,8,1,4,8,3,5,8,3,5,0,8,10,3,4,6,2,10,2,0,3,2,3,6,3,8,6,0,0,8,7,4,6,4,5,0,10,5,6,2,2,3,6,9,0,5,8,7,7,5,0,9,10,8,9,0,10,6,0,8,0,0,6,2,0,6,10,3,0,7,5,3,10,0,2,6,9,5,0,3,5
n368,5,0,3,10,0,0,7,1,0,4,0,1,4,8,3,5,8,3,5,3,8,0,3,4,6,2,0,2,0,3,2,3,1,0,8,6,0,0,8,7,0,6,4,5,0,10,5,6,2,0,3,6,9,8,5,8,7,7,5,0,9,10,8,9,0,10,0,8,10,0,6,6,2,0,6,10,3,0,7,5,3,0,6,2,6,9,0,0,3,5
n367,1,0,3,10,0,0,7,1,0,4,0,1,4,8,3,5,8,3,5,3,8,0,3,4,6,2,1,2,0,3,2,3,1,0,8,6,0,0,8,7,0,6,4,5,0,10,5,6,2,0,3,6,9,8,5,8,7,7,5,2,9,10,8,9,0,10,5,8,10,0,6,6,2,0,6,10,3,0,7,5,3,0,0,2,6,9,5,0,3,5
n370,8,10,3,10,0,8,7,1,10,4,0,1,4,8,3,5,8,3,5,3,8,5,3,4,6,2,0,2,0,3,2,3,5,0,8,6,0,0,8,7,0,6,4,5,0,10,5,6,2,4,3,6,9,8,5,8,7,7,5,0,9,10,8,9,0,10,0,8,10,0,6,6,2,9,6,10,3,0,7,5,3,5,0,2,6,9,0,0,3,5
n369,0,10,3,10,0,8,7,1,10,4,0,1,4,8,3,5,8,3,5,3,8,5,3,4,6,2,0,2,0,3,2,3,0,0,8,6,0,0,8,7,0,6,4,5,6,10,5,6,2,0,3,6,9,8,5,8,7,7,5,0,9,10,8,9,2,10,7,8,10,0,6,6,2,9,6,10,3,0,7,5,3,0,0,2,6,9,0,0,3,5
n376,0,10,5,10,0,0,7,2,7,0,9,0,4,8,3,5,8,3,5,0,8,7,3,4,6,2,9,10,0,3,2,3,0,6,8,6,2,9,0,7,0,6,4,5,0,10,5,6,2,0,3,6,9,0,5,8,0,7,5,0,9,10,8,9,4,10,0,5,0,0,8,6,2,0,6,10,3,0,7,3,3,0,2,2,0,10,10,9,3,10
n375,0,10,5,10,0,0,7,2,7,0,0,0,4,8,3,5,8,3,5,0,8,7,3,4,6,2,9,10,0,3,2,3,9,6,8,6,2,9,0,7,0,6,4,5,0,10,5,6,2,0,3,6,9,0,5,8,5,7,5,0,9,10,8,9,4,10,0,5,0,0,0,6,2,0,6,10,3,0,7,3,3,5,0,2,0,10,10,9,3,10
n378,0,8,5,10,6,9,7,2,7,0,4,0,4,8,3,5,8,3,5,0,8,7,3,4,6,2,9,10,4,3,2,3,1,6,8,6,0,7,6,7,2,6,4,5,0,10,5,6,2,0,3,6,9,8,5,8,0,7,5,5,9,10,8,9,4,10,0,5,6,5,7,6,2,2,6,10,3,9,7,3,3,0,0,2,3,10,10,0,3,10
n377,0,3,5,10,10,9,7,2,7,4,4,0,4,8,3,5,8,3,5,0,8,7,3,4,6,2,9,10,4,3,2,3,0,6,8,6,0,0,6,7,0,6,4,5,0,10,5,6,2,0,3,6,9,0,5,8,0,7,5,0,9,10,8,9,4,10,0,5,6,5,0,6,2,2,6,10,3,0,7,3,3,0,0,2,0,10,10,0,3,10
n382,0,0,0,10,5,1,7,2,7,4,1,0,4,8,3,5,8,3,5,0,8,0,3,4,6,2,9,10,0,3,2,3,0,6,8,6,0,0,0,7,3,6,4,5,0,10,5,6,2,10,3,6,9,0,5,8,0,7,5,0,9,10,8,9,0,10,0,0,10,0,0,6,2,0,6,10,3,10,7,0,3,0,0,2,0,9,0,2,3,10
n381,0,0,0,10,5,1,7,2,7,4,1,0,4,8,3,5,8,3,5,0,8,0,3,4,6,2,9,10,7,3,2,3,8,6,8,6,0,0,0,7,3,6,4,5,10,10,5,6,2,10,3,6,9,3,5,8,0,7,5,0,9,10,8,9,0,10,0,0,0,0,0,6,2,0,6,10,3,10,7,0,3,0,0,2,0,9,0,2,3,10
n384,7,0,0,10,5,1,7,2,7,4,4,1,4,8,3,5,8,3,5,8,8,0,3,4,6,2,9,10,1,3,2,3,9,6,8,6,9,0,0,7,8,6,4,5,0,10,5,6,2,0,3,6,9,0,5,8,6,7,5,0,9,10,8,9,0,10,1,8,8,0,0,6,2,9,6,10,3,1,7,0,3,0,0,2,6,1,0,2,3,10
n383,0,0,0,10,5,1,7,2,7,4,4,1,4,8,3,5,8,3,5,0,8,7,3,4,6,2,9,10,8,3,2,3,9,6,8,6,9,0,7,7,0,6,4,5,6,10,5,6,2,0,3,6,9,0,5,8,6,7,5,0,9,10,8,9,0,10,1,0,0,0,1,6,2,9,6,10,3,0,7,0,3,10,0,2,0,0,0,2,3,10
n396,0,4,8,10,0,0,6,0,0,0,7,0,4,0,6,5,8,3,0,7,8,0,3,4,1,2,10,10,3,3,5,4,2,9,6,6,8,7,9,7,0,9,4,3,2,10,5,0,2,8,3,0,9,10,5,7,0,7,0,6,9,1,8,0,5,8,0,8,9,0,2,4,5,1,6,0,3,1,7,5,0,3,5,1,7,8,5,8,3,10
n395,10,4,8,10,0,0,6,4,0,0,7,1,4,0,6,5,8,3,0,7,8,4,3,4,1,2,10,0,3,3,5,4,2,9,6,6,8,7,9,7,0,9,4,3,2,10,5,9,2,8,3,0,9,10,5,7,0,7,0,10,9,1,8,6,5,8,0,8,9,0,2,4,5,1,6,5,3,1,7,5,10,3,5,1,7,8,5,8,3,10
n398,0,4,8,10,0,0,6,0,0,0,7,0,4,0,6,5,8,3,0,0,8,0,3,4,1,2,10,4,3,3,5,4,2,9,6,6,8,7,0,7,0,9,4,3,2,10,5,0,2,8,3,0,9,10,5,7,0,7,0,0,9,1,8,9,5,8,0,8,9,4,0,4,5,1,6,0,3,1,7,5,0,0,5,1,7,8,5,8,3,10
n397,0,4,8,10,0,0,6,0,0,0,7,0,4,0,6,5,8,3,0,0,8,0,3,4,1,2,10,4,3,3,5,4,2,9,6,6,8,7,0,7,0,9,4,3,2,10,5,0,2,8,3,0,9,10,5,7,0,7,0,0,9,1,8,9,5,8,0,8,9,0,0,4,5,1,6,0,3,1,7,5,0,0,5,1,7,8,5,8,3,10
n402,0,4,8,10,9,0,6,3,6,2,7,0,4,8,6,5,8,3,0,0,8,8,3,4,1,2,10,4,3,3,5,4,2,9,6,6,8,7,0,7,5,9,4,3,2,10,5,0,2,8,3,6,9,10,5,7,0,7,1,2,9,1,8,7,3,6,0,8,9,0,2,4,5,1,6,0,3,5,7,5,0,7,5,1,7,8,5,8,3,10
n401,3,4,8,10,9,0,6,3,6,2,7,0,4,0,6,5,8,3,0,0,8,8,3,4,1,2,10,4,3,3,5,4,2,9,6,6,8,7,4,7,5,9,4,3,2,10,5,0,2,8,3,0,9,10,5,7,0,7,1,2,9,1,8,7,3,6,0,8,9,0,2,4,5,1,6,0,3,5,7,5,6,7,5,1,7,8,5,8,3,10
n404,5,4,8,10,9,0,6,8,6,0,7,0,4,0,6,5,8,3,0,0,8,2,3,4,1,2,10,4,3,3,5,4,2,9,6,6,8,7,0,7,2,9,4,3,2,10,5,0,2,8,3,0,9,10,5,7,7,7,3,4,9,1,8,7,3,0,0,8,9,9,2,4,5,1,6,10,3,2,7,5,0,0,5,1,7,8,5,8,3,10
n403,0,4,8,10,9,0,6,8,6,0,7,0,4,0,6,5,8,3,0,0,8,2,3,4,1,2,10,4,3,3,5,4,2,9,6,6,8,7,0,7,2,9,4,3,2,10,5,0,2,8,3,0,9,10,5,7,0,7,3,0,9,1,8,7,3,0,0,8,9,2,2,4,5,1,6,0,3,2,7,5,0,0,5,1,7,8,5,8,3,10
n410,2,4,8,10,10,0,6,9,0,0,7,8,4,9,6,5,8,3,5,1,8,9,3,4,1,2,0,6,3,3,5,0,2,9,6,6,0,7,0,7,5,2,4,3,10,10,5,0,2,8,3,0,9,10,5,7,10,7,0,10,9,1,8,5,0,9,10,8,9,8,6,4,5,1,6,0,3,0,7,5,0,1,5,1,7,8,5,8,3,9
n409,5,4,8,10,10,0,6,0,0,0,7,8,4,9,6,5,8,3,5,1,8,9,3,4,1,2,0,6,3,3,5,3,2,9,6,6,2,7,0,7,5,2,4,3,10,10,5,0,2,8,3,6,9,10,5,7,10,7,0,10,9,1,8,5,0,9,10,8,9,8,6,4,5,1,6,0,3,1,7,5,0,1,5,1,7,8,5,8,3,9
n412,0,4,8,10,10,0,6,0,0,0,7,8,4,9,6,5,8,3,5,1,8,9,3,4,1,2,0,4,3,3,5,0,2,9,6,6,0,7,0,7,5,2,4,3,10,10,5,0,2,8,3,0,9,10,5,7,10,7,0,0,9,1,8,5,0,9,10,8,9,8,6,4,5,0,6,10,3,0,7,5,0,1,5,1,7,8,5,8,3,9
n411,0,4,8,10,10,7,6,0,0,0,7,8,4,9,6,5,8,3,5,1,8,9,3,4,1,2,0,0,3,3,5,0,2,9,6,6,0,7,0,7,5,2,4,3,10,10,5,0,2,8,3,0,9,10,5,7,10,7,0,0,9,1,8,5,9,9,10,8,9,8,6,4,5,0,6,10,3,3,7,5,0,1,5,1,7,8,5,8,3,9
n416,3,4,8,10,10,0,6,3,0,1,7,8,4,9,6,5,8,3,0,10,8,9,3,4,1,2,0,0,3,3,5,0,2,9,6,6,0,7,0,7,5,2,4,3,10,10,5,0,2,8,3,0,9,10,5,7,3,7,0,0,9,1,8,5,0,9,7,8,9,4,10,4,5,0,6,10,3,2,7,5,9,0,5,1,7,8,5,8,3,9
n415,3,4,8,10,10,0,6,3,0,0,7,8,4,9,6,5,8,3,0,10,8,9,3,4,1,2,0,0,3,3,5,2,2,9,6,6,3,7,0,7,5,2,4,3,10,10,5,0,2,8,3,0,9,10,5,7,0,7,0,0,9,1,8,5,9,9,7,8,9,4,0,4,5,0,6,10,3,0,7,5,9,0,5,1,7,8,5,8,3,9
n418,0,4,8,10,10,0,6,2,0,3,7,8,4,9,6,5,8,3,2,10,8,9,3,4,1,2,0,0,3,3,5,0,2,9,6,6,10,7,0,7,5,2,4,3,10,10,5,0,2,8,3,0,9,10,5,7,0,7,0,3,9,1,8,5,0,9,0,8,9,3,0,4,5,0,6,10,3,2,7,5,9,6,5,1,7,8,5,8,3,9
n417,0,4,8,10,10,1,6,9,0,3,7,8,4,9,6,5,8,3,2,10,8,9,3,4,1,2,3,0,3,3,5,0,2,9,6,6,0,7,0,7,5,2,4,3,10,10,5,0,2,8,3,5,9,10,5,7,0,7,4,0,9,1,8,5,0,9,3,8,9,3,0,4,5,0,6,10,3,2,7,5,9,0,5,1,7,8,5,8,3,9
n426,10,4,8,10,7,3,6,3,1,6,7,0,4,0,6,5,8,3,0,3,8,0,3,4,1,2,3,3,3,3,2,0,2,9,6,6,3,7,3,7,0,5,4,3,10,10,5,10,2,0,3,10,9,10,5,7,0,7,6,3,9,1,8,0,9,6,10,5,9,8,8,4,1,1,6,10,3,5,7,5,10,2,5,2,0,0,5,8,3,0
n425,10,4,8,10,7,3,6,3,1,6,7,0,4,0,6,5,8,3,2,3,8,0,3,4,1,2,3,0,3,3,0,0,2,9,6,6,3,7,3,7,0,0,4,3,10,10,5,10,2,0,3,0,9,10,5,7,0,7,0,3,9,1,8,9,9,1,10,5,9,8,8,4,0,1,6,7,3,5,7,5,10,2,5,2,0,0,5,8,3,6
n428,10,4,8,10,7,3,6,8,0,6,7,0,4,0,6,5,8,3,9,3,8,0,3,4,1,2,3,6,3,3,0,0,2,9,6,6,3,7,3,7,5,3,4,3,0,10,5,10,2,0,3,0,9,10,5,7,0,7,0,3,9,1,8,6,9,0,0,5,9,8,8,4,0,1,6,0,3,9,7,5,10,2,5,2,3,10,5,8,3,4
n427,10,4,8,10,7,3,6,8,0,6,7,0,4,0,6,5,8,3,1,3,8,0,3,4,1,2,3,6,3,3,10,0,2,9,6,6,3,7,3,7,5,3,4,3,7,10,5,10,2,0,3,0,9,10,5,7,4,7,0,3,9,1,8,6,9,0,0,5,9,8,8,4,0,1,6,0,3,9,7,5,10,2,5,2,0,10,5,8,3,0
n432,10,4,8,10,7,3,6,3,0,6,7,6,4,0,6,5,8,3,0,3,8,0,3,4,1,2,6,0,3,3,0,7,2,9,6,6,3,7,10,7,0,0,4,3,6,10,5,8,2,0,3,1,9,10,5,7,0,7,0,4,9,1,8,6,9,0,2,5,9,8,5,4,0,4,6,0,3,7,7,5,10,0,5,0,0,0,5,8,3,0
n431,10,4,8,10,7,3,6,3,0,6,7,0,4,0,6,5,8,3,0,3,8,0,3,4,1,2,6,0,3,3,0,7,2,9,6,6,3,7,10,7,0,2,4,3,6,10,5,8,2,0,3,8,9,10,5,7,0,7,4,4,9,1,8,6,9,0,2,5,9,8,5,4,0,4,6,3,3,7,7,5,10,7,5,0,0,7,5,8,3,0
n434,10,4,8,10,7,3,6,3,0,6,7,0,4,0,6,5,8,3,2,3,8,0,3,4,1,2,10,3,3,3,0,7,2,9,6,6,3,7,10,7,0,0,4,3,0,10,5,8,2,0,3,0,9,10,5,7,0,7,0,4,9,1,8,6,9,8,2,5,9,8,5,4,0,4,6,0,3,2,7,5,10,0,5,0,8,5,5,8,3,0
n433,10,4,8,10,7,3,6,3,0,6,7,0,4,0,6,5,8,3,2,3,8,0,3,4,1,2,10,0,3,3,3,7,2,9,6,6,3,7,10,7,0,0,4,3,0,10,5,8,2,0,3,0,9,10,5,7,0,7,0,4,9,1,8,6,9,8,2,5,9,8,5,4,0,4,6,7,3,0,7,5,10,8,5,0,8,0,5,8,3,0
n440,10,4,8,10,6,3,6,1,9,6,7,0,4,0,6,5,8,3,4,3,8,0,3,4,1,2,0,3,3,3,0,0,2,9,6,6,3,7,1,7,4,3,4,3,0,10,5,3,2,8,3,0,9,10,5,7,3,7,0,0,9,1,8,2,9,5,9,5,9,8,6,4,8,8,6,10,3,1,7,5,10,0,5,7,6,0,5,8,3,10
n439,10,4,8,10,6,3,6,1,9,6,7,0,4,0,6,5,8,3,4,3,8,0,3,4,1,2,0,3,3,3,0,0,2,9,6,6,3,7,7,7,4,3,4,3,2,10,5,3,2,8,3,0,9,10,5,7,3,7,0,0,9,1,8,2,9,5,0,5,9,8,6,4,8,8,6,10,3,1,7,5,10,3,5,7,0,6,5,8,3,10
n442,10,4,8,10,6,3,6,1,0,6,7,0,4,0,6,5,8,3,4,3,8,7,3,4,1,2,0,3,3,3,0,4,2,9,6,6,3,7,0,7,4,3,4,3,0,10,5,0,2,0,3,5,9,10,5,7,3,7,0,1,9,1,8,2,9,5,8,5,9,8,0,4,0,8,6,10,3,1,7,5,10,0,5,7,7,0,5,8,3,10
n441,10,4,8,10,6,3,6,1,0,6,7,0,4,0,6,5,8,3,4,3,8,0,3,4,1,2,0,3,3,3,0,0,2,9,6,6,3,7,0,7,4,3,4,3,0,10,5,0,2,2,3,5,9,10,5,7,3,7,0,1,9,1,8,2,9,5,8,5,9,8,0,4,9,8,6,10,3,1,7,5,10,0,5,7,0,0,5,8,3,10
n446,10,4,8,10,6,3,6,0,0,0,7,4,4,9,6,5,8,3,4,3,8,8,3,4,1,2,3,3,3,3,8,6,2,9,6,6,3,7,0,7,9,3,4,3,6,10,5,7,2,0,3,1,9,10,5,7,0,7,7,0,9,1,8,2,9,7,0,5,9,8,0,4,0,8,6,1,3,3,7,5,10,6,5,7,2,0,5,8,3,2
n445,10,4,8,10,6,3,6,0,1,0,7,4,4,9,6,5,8,3,4,3,8,8,3,4,1,2,3,3,3,3,8,6,2,9,6,6,3,7,0,7,0,3,4,3,6,10,5,7,2,0,3,1,9,10,5,7,0,7,7,0,9,1,8,2,9,7,0,5,9,8,0,4,0,8,6,1,3,3,7,5,10,6,5,7,2,0,5,8,3,2
n448,10,4,8,10,6,3,6,5,8,0,7,1,4,9,6,5,8,3,4,3,8,0,3,4,1,2,3,3,3,3,8,0,2,9,6,6,3,7,0,7,0,3,4,3,0,10,5,7,2,1,3,0,9,10,5,7,7,7,7,4,9,1,8,2,9,3,0,5,9,8,0,4,0,8,6,3,3,3,7,5,10,6,5,7,2,0,5,8,3,3
n447,10,4,8,10,6,3,6,5,8,7,7,4,4,9,6,5,8,3,4,3,8,0,3,4,1,2,3,3,3,3,8,0,2,9,6,6,3,7,0,7,0,3,4,3,0,10,5,7,2,0,3,0,9,10,5,7,0,7,7,6,9,1,8,2,9,0,0,5,9,8,0,4,0,8,6,0,3,3,7,5,10,6,5,7,2,5,5,8,3,3
n458,0,0,8,10,4,0,5,2,0,3,0,1,4,9,7,5,8,3,4,0,8,0,3,4,0,2,7,0,3,0,0,1,2,9,0,6,3,0,0,7,1,0,4,0,6,10,5,1,2,3,3,2,9,10,5,7,1,7,0,9,9,4,8,0,10,9,0,0,4,0,0,6,0,10,6,7,3,0,7,5,7,8,2,2,7,3,5,8,3,8
n457,0,3,8,10,4,0,5,2,0,3,0,1,4,9,7,5,8,3,4,0,8,9,3,4,0,2,7,0,3,0,0,1,2,9,0,6,3,0,0,7,1,0,4,5,6,10,5,1,2,3,3,2,9,10,5,7,1,7,0,9,9,4,8,0,10,9,0,0,4,0,0,6,8,10,6,7,3,9,7,5,7,8,2,2,7,3,5,8,3,8
n460,0,0,8,10,4,0,5,2,6,8,0,1,4,9,7,5,8,3,4,4,8,6,3,4,0,2,7,8,3,0,0,1,2,9,0,6,3,0,0,7,1,5,4,1,6,10,5,1,2,3,3,2,9,10,5,7,1,7,0,0,9,4,8,0,10,9,0,0,4,0,0,6,6,10,6,7,3,0,7,5,7,8,2,0,7,3,5,8,3,6
n459,0,0,8,10,4,0,5,2,6,8,0,1,4,9,7,5,8,3,4,4,8,0,3,4,0,2,7,0,3,0,0,1,2,9,0,6,3,0,0,7,1,0,4,0,6,10,5,1,2,3,3,2,9,10,5,7,1,7,1,0,9,4,8,0,10,9,0,0,4,0,0,6,0,10,6,7,3,1,7,5,7,8,2,0,7,3,5,8,3,6
n464,0,0,8,10,4,1,4,2,9,0,5,0,4,9,7,5,8,3,4,0,8,10,3,4,1,2,7,10,3,10,4,8,4,9,0,6,3,7,0,7,1,0,4,5,6,10,5,1,2,3,3,2,9,10,5,7,1,7,0,2,9,3,8,0,7,9,4,0,4,0,0,6,0,10,6,5,3,1,7,5,7,8,2,0,1,3,5,8,3,7
n463,0,0,8,10,4,1,4,2,9,0,5,0,4,9,7,5,8,3,4,0,8,10,3,4,1,2,7,10,3,0,0,8,4,9,10,6,3,7,0,7,1,0,4,5,6,10,5,1,2,3,3,2,9,10,5,7,1,7,0,2,9,3,8,0,0,9,4,0,4,0,0,6,0,10,6,5,3,2,7,5,7,8,2,0,1,3,5,8,3,7
n466,8,0,8,10,4,1,4,2,9,0,8,0,4,9,7,5,8,3,4,0,8,10,3,4,1,2,7,0,3,0,4,0,0,9,0,6,3,7,9,7,1,0,4,5,6,10,5,1,2,3,3,2,9,10,5,7,1,7,0,10,9,0,8,1,0,9,4,0,4,1,1,6,0,10,6,2,3,3,7,5,7,8,2,10,1,3,5,8,3,10
n465,0,0,8,10,4,1,4,2,9,5,8,0,4,9,7,5,8,3,4,0,8,10,3,4,1,2,7,0,3,0,4,0,0,9,0,6,3,7,9,7,1,0,4,5,6,10,5,1,2,3,3,2,9,10,5,7,1,7,0,10,9,0,8,0,0,9,4,0,4,0,0,6,0,10,6,2,3,3,7,5,7,8,2,0,1,3,5,8,3,10
n472,0,0,8,10,4,8,0,2,0,0,6,7,4,9,7,5,8,3,4,6,8,9,3,4,3,2,7,0,3,0,2,0,0,9,0,6,3,6,0,7,1,3,4,0,6,10,5,1,2,3,3,0,9,10,5,7,1,7,0,7,9,2,8,7,0,9,0,5,4,3,0,6,0,10,6,0,3,0,7,5,8,8,2,7,0,3,5,8,3,0
n471,0,0,8,10,4,8,0,2,0,0,6,0,4,9,7,5,8,3,4,6,8,9,3,4,3,2,7,0,3,0,2,0,0,9,3,6,3,6,4,7,1,3,4,0,6,10,5,1,2,3,3,0,9,10,5,7,1,7,0,0,9,2,8,7,0,9,0,5,4,3,0,6,0,10,6,0,3,0,7,5,8,8,2,7,10,3,5,8,3,0
n474,1,0,8,10,4,8,0,2,0,0,6,0,4,9,7,5,8,3,4,6,8,9,3,4,3,2,7,3,3,0,2,0,0,9,10,6,3,6,0,7,1,0,4,0,6,10,5,1,2,3,3,2,9,10,5,7,1,7,0,0,9,2,8,7,0,9,0,5,4,3,5,6,0,10,6,0,3,0,7,5,8,8,0,7,0,3,5,8,3,0
n473,0,0,8,10,4,8,1,2,0,0,6,0,4,9,7,5,8,3,4,6,8,9,3,4,3,2,7,0,3,0,2,2,0,9,10,6,3,6,0,7,1,0,4,0,6,10,5,1,2,3,3,0,9,10,5,7,1,7,0,0,9,2,8,7,4,9,0,5,4,3,5,6,0,10,6,0,3,0,7,5,8,8,10,7,0,3,5,8,3,0
n478,2,8,8,10,4,0,0,2,5,0,0,4,4,9,7,5,8,3,4,6,8,10,3,4,3,2,7,0,3,0,0,6,7,9,0,6,3,0,0,7,1,0,4,1,6,10,5,1,2,3,3,6,9,10,5,7,1,7,2,0,9,2,8,4,0,9,1,5,4,3,0,6,6,10,6,6,3,0,7,5,8,8,3,7,0,3,5,8,3,8
n477,2,8,8,10,4,4,0,2,0,5,0,4,4,9,7,5,8,3,4,6,8,10,3,4,3,2,7,6,3,0,0,6,7,9,10,6,3,2,0,7,1,0,4,1,6,10,5,1,2,3,3,6,9,10,5,7,1,7,0,0,9,2,8,4,0,9,1,5,4,3,0,6,6,10,6,0,3,5,7,5,0,8,3,7,0,3,5,8,3,0
n480,2,8,8,10,4,5,0,2,9,0,0,4,4,9,7,5,8,3,4,6,8,10,3,4,3,2,7,3,3,7,0,6,7,9,0,6,3,0,0,7,1,1,4,1,6,10,5,1,2,3,3,0,9,10,5,7,1,7,1,8,9,2,8,0,0,9,1,5,4,3,0,6,6,10,6,0,3,0,7,5,0,8,3,7,0,3,5,8,3,6
n479,2,8,8,10,4,0,0,2,9,0,9,4,4,9,7,5,8,3,4,6,8,10,3,4,3,2,7,3,3,7,0,6,7,9,8,6,3,0,7,7,1,0,4,1,6,10,5,1,2,3,3,0,9,10,5,7,1,7,0,8,9,2,8,0,0,9,1,5,4,3,0,6,6,10,6,0,3,0,7,5,2,8,3,7,10,3,5,8,3,6
n488,10,10,8,10,4,6,0,0,9,3,0,8,4,9,9,5,8,3,4,2,8,2,3,4,3,2,7,0,3,10,1,10,2,9,0,6,10,0,7,7,0,1,4,0,1,10,5,9,2,4,3,0,9,10,5,7,1,7,2,7,9,8,8,0,0,2,3,0,0,10,6,6,0,10,6,0,3,0,7,5,6,8,0,0,0,3,5,8,3,0
n487,10,0,8,10,4,6,3,0,9,3,2,8,4,9,10,5,8,3,4,0,8,2,3,4,3,2,7,0,3,10,1,10,0,9,0,6,10,4,0,7,0,1,4,0,1,10,5,9,2,4,3,0,9,10,5,7,1,7,2,7,9,8,8,3,3,2,3,0,0,10,6,6,0,10,6,0,3,0,7,5,0,8,0,9,0,3,5,8,3,0
n490,7,0,8,10,4,6,0,0,9,3,7,0,4,9,1,5,8,3,4,0,8,2,3,4,3,2,7,9,3,5,1,10,0,9,0,6,10,0,1,7,10,1,4,0,1,10,5,9,2,4,3,0,9,10,5,7,1,7,2,7,9,8,8,0,0,0,3,2,4,10,4,6,0,10,6,0,3,7,7,5,0,8,10,0,9,3,5,8,3,0
n489,7,0,8,10,4,6,0,0,9,3,0,0,4,9,1,5,8,3,4,0,8,2,3,4,3,2,7,9,3,0,1,10,0,9,0,6,10,0,0,7,0,1,4,0,1,10,5,9,2,4,3,0,9,10,5,7,1,7,2,7,9,8,8,0,9,0,3,0,4,10,0,6,0,10,6,0,3,7,7,5,5,8,10,0,9,3,5,8,3,0
n494,3,0,8,10,4,6,0,0,6,3,0,0,4,9,2,5,8,3,4,0,8,2,3,4,10,2,7,0,3,0,1,2,4,9,8,6,2,7,0,7,0,1,4,0,1,10,5,9,2,0,3,0,9,10,5,7,1,7,2,7,9,0,8,10,0,0,3,0,0,10,0,6,0,10,6,10,3,0,7,5,0,8,0,0,5,3,5,8,3,0
n493,0,0,8,10,4,6,0,0,2,3,0,0,4,9,8,5,8,3,4,0,8,2,3,4,0,2,7,0,3,0,1,2,0,9,8,6,2,7,0,7,0,1,4,0,1,10,5,9,2,0,3,0,9,10,5,7,1,7,2,7,9,4,8,5,0,0,3,0,0,10,0,6,5,10,6,10,3,0,7,5,0,8,0,0,5,3,5,8,3,5
n496,0,8,8,10,4,6,0,0,0,3,10,0,4,9,0,5,8,3,4,0,8,2,3,4,5,2,7,0,3,0,1,2,0,9,10,6,2,7,0,7,10,1,4,0,1,10,5,9,2,0,3,8,9,10,5,7,1,7,2,7,9,0,8,0,4,8,3,0,4,10,0,6,2,10,6,10,3,0,7,5,0,8,0,0,5,3,5,8,3,0
n495,8,0,8,10,4,6,10,0,0,3,10,0,4,9,0,5,8,3,4,1,8,2,3,4,5,2,7,0,3,0,1,2,2,9,0,6,2,7,0,7,6,1,4,0,1,10,5,9,2,0,3,8,9,10,5,7,1,7,2,7,9,0,8,0,4,8,3,0,0,10,0,6,0,10,6,10,3,0,7,5,0,8,4,0,5,3,5,8,3,0
n502,3,1,8,10,4,6,2,7,9,0,0,4,4,9,9,5,8,3,4,7,8,2,3,4,0,2,7,2,3,4,1,0,3,9,3,6,0,3,2,7,0,0,4,2,0,10,5,9,2,0,3,2,9,10,5,7,1,7,2,7,9,0,8,4,6,10,0,0,0,10,1,6,4,10,6,7,3,5,7,5,4,8,10,5,4,3,5,8,3,0
n501,3,1,8,10,4,6,2,7,9,0,0,4,4,9,6,5,8,3,4,7,8,2,3,4,0,2,7,2,3,0,1,0,3,9,3,6,9,3,2,7,0,0,4,0,0,10,5,0,2,7,3,2,9,10,5,7,1,7,2,7,9,0,8,4,6,10,9,2,0,10,8,6,0,10,6,7,3,5,7,5,4,8,10,5,4,3,5,8,3,5
n504,3,1,8,10,4,6,0,7,1,0,0,4,4,9,0,5,8,3,4,7,8,2,3,4,0,2,7,2,3,0,1,7,0,9,3,6,7,0,2,7,0,0,4,8,9,10,5,0,2,0,3,2,9,10,5,7,1,7,2,7,9,0,8,0,0,10,5,4,0,10,0,6,0,10,6,7,3,5,7,5,5,8,0,5,4,3,5,8,3,0
n503,3,1,8,10,4,6,0,7,0,0,0,4,4,9,0,5,8,3,4,7,8,2,3,4,0,2,7,2,3,0,1,7,0,9,3,6,0,0,2,7,0,0,4,0,9,10,5,0,2,0,3,2,9,10,5,7,1,7,2,7,9,0,8,0,0,10,5,4,0,10,1,6,0,10,6,7,3,5,7,5,5,8,10,5,4,3,5,8,3,0
n508,3,0,8,10,4,6,8,0,0,0,0,0,4,9,0,5,8,3,4,7,8,2,3,4,3,2,7,2,3,9,1,0,0,9,3,6,0,0,2,7,6,1,4,2,0,10,5,9,2,0,3,2,9,10,5,7,1,7,2,7,9,10,8,0,0,10,0,0,0,10,0,6,5,10,6,7,3,5,7,5,0,8,0,5,4,3,5,8,3,0
n507,3,0,8,10,4,6,0,0,0,0,0,0,4,9,0,5,8,3,4,7,8,2,3,4,3,2,7,2,3,0,1,0,0,9,3,6,8,0,2,7,6,1,4,0,0,10,5,9,2,0,3,2,9,10,5,7,1,7,2,7,9,10,8,6,0,10,10,0,0,10,0,6,5,10,6,7,3,5,7,5,0,8,2,5,4,3,5,8,3,0
n510,3,0,8,10,4,6,10,0,0,9,0,0,4,9,0,5,8,3,4,7,8,2,3,4,3,2,7,2,3,0,1,0,0,9,3,6,7,0,2,7,0,5,4,8,9,10,5,0,2,0,3,2,9,10,5,7,1,7,2,7,9,10,8,0,0,10,0,7,0,10,9,6,0,10,6,7,3,5,7,5,7,8,0,5,4,3,5,8,3,0
n509,3,0,8,10,4,6,10,0,7,5,0,0,4,9,0,5,8,3,4,7,8,2,3,4,3,2,7,2,3,0,1,0,0,9,3,6,0,0,2,7,1,0,4,8,0,10,5,1,2,7,3,2,9,10,5,7,1,7,2,7,9,10,8,0,0,10,0,0,0,10,0,6,0,10,6,7,3,5,7,5,6,8,0,5,4,3,5,8,3,0
