((((I10:1.016,I9:2.016)I8:0.002,((216_9:0.031,216_10:1.031)I7:0.997,I6:0.028)I5:0.99)I4:2.513,(I3:1.123,I2:1.123)I1:3.409)I0:1.469)I0;
I0,0,0,0,0,0,0,0,0,0,0
I0,0,0,0:0.27/2:0.73,0,0,0:0.27/1:0.73,0,0,0,0
I1,0,0:0.03/1:0.97,0:0.01/2:0.99,0,0:0.03/1:0.97,0:0.01/1:0.99,0,0:0.03/2:0.97,0,0
I2,2,1,2,0,1,1,0,2,0,0
I3,0,1,2,0,1,1,0,2,0,1
I4,0,0,2,0,0:0.01/2:0.99,1,0,0,0,0:0.01/2:0.99
I5,0:0.03/1:0.97,0,2,0,2,1,0,0,0,2
I6,1,0,2,0,2,1,0,0,0,2
I7,1,0:0.03/2:0.97,2,0,2,1,0,0,0,2
216_10,1,2,2,0,2,1,2,0,0,2
216_9,1,2,2,0,2,1,0,0,0,2
I8,0,0,2,0,0:0.01/2:0.99,1,0,0,0,0:0.01/2:0.99
I9,2,0,2,0,2,1,0,0,2,2
I10,0,0,2,0,2,1,2,0,0,2
